# The data in this file was extracted from a direct numerical
# simulation of fully developed plane turbulent channel
# flow. Particulars are listed below. Note that some of the statistical
# quantities provided in this data set should be zero due to
# (statistical) symmetries in the flow. These quantities are reported
# here none-the-less as an indicator of the quality of the statistics.
# more statistics from this data set are available at 
# http://www.tam.uiuc.edu/Faculty/Moser/channel 
#
# Authors: Moser, Kim & Mansour
# Reference: DNS of Turbulent Channel Flow up to Re_tau=590, 1999,
#            Physics of Fluids, vol 11, 943-945.
# Numerical Method: Kim, Moin & Moser, 1987, J. Fluid Mech. vol 177, 133-166 
# Re_tau = 178.12
# Normalization: U_tau, h 
# Description: Spanwise (z) Two-point cross correlations of velocity and pressure at indicated y-location 
# Filename: chan180/correlations/chan180.zccorr.10 
# Date File Created: Mar 01, 2000 
#
#---End of Header---
# 
# nz = 128,  Re = 178.12,  y = 0.05846,  y+ =  10.41
#      dz           dz+         R_uv         R_up         R_vp
#
   0.0000e+00   0.0000e+00  -3.7304e-01   4.9301e-02  -8.0960e-02
   3.2725e-02   5.8291e+00  -3.2408e-01   7.0059e-02  -6.7783e-02
   6.5450e-02   1.1658e+01  -2.0449e-01   1.1034e-01  -4.0437e-02
   9.8175e-02   1.7487e+01  -6.8702e-02   1.3499e-01  -1.3595e-02
   1.3090e-01   2.3316e+01   4.2334e-02   1.3751e-01   5.4041e-03
   1.6362e-01   2.9145e+01   1.1369e-01   1.2565e-01   1.5884e-02
   1.9635e-01   3.4975e+01   1.4749e-01   1.0774e-01   2.0053e-02
   2.2907e-01   4.0804e+01   1.5293e-01   8.8214e-02   2.0398e-02
   2.6180e-01   4.6633e+01   1.4037e-01   6.9848e-02   1.8947e-02
   2.9452e-01   5.2462e+01   1.1852e-01   5.4278e-02   1.6870e-02
   3.2725e-01   5.8291e+01   9.3700e-02   4.3139e-02   1.4678e-02
   3.5997e-01   6.4120e+01   6.9609e-02   3.7109e-02   1.2421e-02
   3.9270e-01   6.9949e+01   4.8182e-02   3.6064e-02   1.0175e-02
   4.2542e-01   7.5778e+01   3.0337e-02   3.8881e-02   8.0508e-03
   4.5815e-01   8.1607e+01   1.6460e-02   4.4417e-02   6.0405e-03
   4.9087e-01   8.7436e+01   6.2549e-03   5.1316e-02   4.0747e-03
   5.2360e-01   9.3265e+01  -1.1843e-03   5.8562e-02   2.1323e-03
   5.5632e-01   9.9095e+01  -6.8614e-03   6.5542e-02   3.5374e-04
   5.8905e-01   1.0492e+02  -1.1401e-02   7.2232e-02  -1.0424e-03
   6.2177e-01   1.1075e+02  -1.4998e-02   7.8109e-02  -1.9214e-03
   6.5450e-01   1.1658e+02  -1.7310e-02   8.2263e-02  -2.3363e-03
   6.8722e-01   1.2241e+02  -1.7688e-02   8.3776e-02  -2.4108e-03
   7.1995e-01   1.2824e+02  -1.5479e-02   8.1873e-02  -2.2868e-03
   7.5267e-01   1.3407e+02  -1.0585e-02   7.6147e-02  -1.9578e-03
   7.8540e-01   1.3990e+02  -3.9111e-03   6.7512e-02  -1.3086e-03
   8.1812e-01   1.4573e+02   2.9295e-03   5.8226e-02  -3.2122e-04
   8.5085e-01   1.5156e+02   8.1350e-03   5.0169e-02   7.3271e-04
   8.8357e-01   1.5739e+02   1.0676e-02   4.4125e-02   1.6130e-03
   9.1630e-01   1.6321e+02   1.0820e-02   4.0459e-02   2.2566e-03
   9.4902e-01   1.6904e+02   9.3029e-03   3.9906e-02   2.5046e-03
   9.8175e-01   1.7487e+02   6.9181e-03   4.2895e-02   2.1610e-03
   1.0145e+00   1.8070e+02   4.3337e-03   4.9053e-02   1.2257e-03
   1.0472e+00   1.8653e+02   1.8114e-03   5.7848e-02  -1.0724e-04
   1.0799e+00   1.9236e+02  -9.0680e-04   6.8521e-02  -1.6335e-03
   1.1126e+00   1.9819e+02  -4.0359e-03   7.9368e-02  -2.8736e-03
   1.1454e+00   2.0402e+02  -7.1496e-03   8.7462e-02  -3.3670e-03
   1.1781e+00   2.0985e+02  -9.2256e-03   9.0799e-02  -3.0631e-03
   1.2108e+00   2.1568e+02  -9.3463e-03   8.9013e-02  -2.3165e-03
   1.2435e+00   2.2151e+02  -7.5460e-03   8.2941e-02  -1.2833e-03
   1.2763e+00   2.2733e+02  -4.8185e-03   7.3972e-02  -8.3735e-05
   1.3090e+00   2.3316e+02  -2.2494e-03   6.3845e-02   9.5033e-04
   1.3417e+00   2.3899e+02  -4.3391e-04   5.4354e-02   1.5337e-03
   1.3744e+00   2.4482e+02   6.6230e-04   4.6668e-02   1.6283e-03
   1.4072e+00   2.5065e+02   1.4188e-03   4.1065e-02   1.3349e-03
   1.4399e+00   2.5648e+02   2.1108e-03   3.7514e-02   7.6515e-04
   1.4726e+00   2.6231e+02   2.6632e-03   3.5775e-02   1.6002e-04
   1.5053e+00   2.6814e+02   2.8784e-03   3.5433e-02  -3.0188e-04
   1.5381e+00   2.7397e+02   2.6628e-03   3.5642e-02  -4.6142e-04
   1.5708e+00   2.7980e+02   2.2051e-03   3.5738e-02  -2.1873e-04
   1.6035e+00   2.8563e+02   2.0096e-03   3.5668e-02   2.9190e-04
   1.6362e+00   2.9145e+02   2.4538e-03   3.5910e-02   7.6887e-04
   1.6690e+00   2.9728e+02   3.4280e-03   3.7201e-02   9.2084e-04
   1.7017e+00   3.0311e+02   4.8935e-03   4.0006e-02   6.1109e-04
   1.7344e+00   3.0894e+02   6.7091e-03   4.3697e-02  -4.8054e-05
   1.7671e+00   3.1477e+02   7.9706e-03   4.6567e-02  -6.2420e-04
   1.7999e+00   3.2060e+02   7.6540e-03   4.6650e-02  -7.4770e-04
   1.8326e+00   3.2643e+02   5.6801e-03   4.3150e-02  -3.2837e-04
   1.8653e+00   3.3226e+02   2.8639e-03   3.6934e-02   3.9665e-04
   1.8980e+00   3.3809e+02   2.2461e-04   3.0246e-02   1.1096e-03
   1.9308e+00   3.4392e+02  -1.6498e-03   2.5414e-02   1.5723e-03
   1.9635e+00   3.4975e+02  -2.6607e-03   2.3752e-02   1.6808e-03
   1.9962e+00   3.5557e+02  -3.1832e-03   2.5051e-02   1.4653e-03
   2.0289e+00   3.6140e+02  -3.5724e-03   2.8509e-02   9.1605e-04
   2.0617e+00   3.6723e+02  -3.8857e-03   3.3876e-02   1.2059e-04
   2.0944e+00   3.7306e+02  -4.1987e-03   4.1199e-02  -8.0372e-04
   2.1271e+00   3.7889e+02  -4.7915e-03   4.9555e-02  -1.7228e-03
   2.1598e+00   3.8472e+02  -5.8830e-03   5.6560e-02  -2.5150e-03
   2.1926e+00   3.9055e+02  -7.1807e-03   6.0032e-02  -2.9019e-03
   2.2253e+00   3.9638e+02  -7.7207e-03   5.9327e-02  -2.7964e-03
   2.2580e+00   4.0221e+02  -6.5633e-03   5.4747e-02  -2.2985e-03
   2.2907e+00   4.0804e+02  -3.6419e-03   4.6918e-02  -1.4754e-03
   2.3235e+00   4.1387e+02   2.3014e-04   3.6925e-02  -4.5155e-04
   2.3562e+00   4.1969e+02   4.3298e-03   2.6224e-02   5.5511e-04
   2.3889e+00   4.2552e+02   8.0481e-03   1.6350e-02   1.2402e-03
   2.4216e+00   4.3135e+02   1.0557e-02   8.2554e-03   1.3873e-03
   2.4544e+00   4.3718e+02   1.1210e-02   2.4309e-03   1.1454e-03
   2.4871e+00   4.4301e+02   1.0124e-02  -9.1199e-04   9.4116e-04
   2.5198e+00   4.4884e+02   8.2516e-03  -1.5840e-03   9.9347e-04
   2.5525e+00   4.5467e+02   6.3739e-03   2.7956e-04   1.3274e-03
   2.5853e+00   4.6050e+02   4.6654e-03   4.2902e-03   1.8045e-03
   2.6180e+00   4.6633e+02   3.0965e-03   9.5038e-03   2.2905e-03
   2.6507e+00   4.7216e+02   1.5506e-03   1.5194e-02   2.6287e-03
   2.6834e+00   4.7799e+02  -5.3032e-05   2.1148e-02   2.6544e-03
   2.7162e+00   4.8381e+02  -1.5823e-03   2.7898e-02   2.1731e-03
   2.7489e+00   4.8964e+02  -2.7690e-03   3.5891e-02   1.1756e-03
   2.7816e+00   4.9547e+02  -3.6388e-03   4.4720e-02  -2.5208e-05
   2.8143e+00   5.0130e+02  -4.1890e-03   5.3036e-02  -1.0286e-03
   2.8471e+00   5.0713e+02  -4.1305e-03   5.8917e-02  -1.5863e-03
   2.8798e+00   5.1296e+02  -3.2419e-03   6.1672e-02  -1.6825e-03
   2.9125e+00   5.1879e+02  -1.8577e-03   6.2240e-02  -1.3575e-03
   2.9452e+00   5.2462e+02  -6.3092e-04   6.2197e-02  -7.4535e-04
   2.9780e+00   5.3045e+02   1.2045e-04   6.2666e-02  -1.7977e-04
   3.0107e+00   5.3628e+02   4.3224e-04   6.3961e-02   3.7947e-05
   3.0434e+00   5.4211e+02   4.1896e-04   6.5952e-02  -1.5072e-04
   3.0761e+00   5.4793e+02   3.7841e-04   6.8479e-02  -5.4050e-04
   3.1089e+00   5.5376e+02   7.5754e-04   7.1258e-02  -8.9785e-04
   3.1416e+00   5.5959e+02   1.7324e-03   7.3801e-02  -1.1216e-03
   3.1743e+00   5.6542e+02   2.9555e-03   7.5403e-02  -1.2515e-03
   3.2070e+00   5.7125e+02   3.8250e-03   7.6019e-02  -1.2630e-03
   3.2398e+00   5.7708e+02   4.0437e-03   7.6154e-02  -1.1496e-03
   3.2725e+00   5.8291e+02   3.6356e-03   7.6094e-02  -1.0068e-03
   3.3052e+00   5.8874e+02   2.5826e-03   7.5449e-02  -9.2628e-04
   3.3379e+00   5.9457e+02   8.9628e-04   7.3356e-02  -8.1573e-04
   3.3707e+00   6.0040e+02  -1.2672e-03   6.9836e-02  -6.2977e-04
   3.4034e+00   6.0623e+02  -3.7509e-03   6.5920e-02  -4.2848e-04
   3.4361e+00   6.1205e+02  -6.5379e-03   6.2539e-02  -3.3124e-04
   3.4688e+00   6.1788e+02  -9.1298e-03   6.0149e-02  -3.1366e-04
   3.5016e+00   6.2371e+02  -1.0684e-02   5.8773e-02  -3.7297e-04
   3.5343e+00   6.2954e+02  -1.1023e-02   5.8266e-02  -5.8376e-04
   3.5670e+00   6.3537e+02  -1.0619e-02   5.8132e-02  -9.2538e-04
   3.5997e+00   6.4120e+02  -9.6147e-03   5.7730e-02  -1.2344e-03
   3.6325e+00   6.4703e+02  -7.4824e-03   5.6586e-02  -1.2592e-03
   3.6652e+00   6.5286e+02  -3.3580e-03   5.4662e-02  -9.7519e-04
   3.6979e+00   6.5869e+02   3.5262e-03   5.2190e-02  -3.8070e-04
   3.7306e+00   6.6452e+02   1.3862e-02   4.9376e-02   7.2231e-04
   3.7634e+00   6.7035e+02   2.8311e-02   4.6981e-02   2.6134e-03
   3.7961e+00   6.7617e+02   4.7174e-02   4.6531e-02   5.2055e-03
   3.8288e+00   6.8200e+02   6.9984e-02   4.9473e-02   8.1769e-03
   3.8615e+00   6.8783e+02   9.5484e-02   5.6736e-02   1.1306e-02
   3.8943e+00   6.9366e+02   1.2095e-01   6.8598e-02   1.4320e-02
   3.9270e+00   6.9949e+02   1.4201e-01   8.4798e-02   1.6864e-02
   3.9597e+00   7.0532e+02   1.5271e-01   1.0406e-01   1.8258e-02
   3.9924e+00   7.1115e+02   1.4569e-01   1.2426e-01   1.7517e-02
   4.0252e+00   7.1698e+02   1.1163e-01   1.4233e-01   1.3058e-02
   4.0579e+00   7.2281e+02   4.1191e-02   1.5290e-01   2.5624e-03
   4.0906e+00   7.2864e+02  -6.8646e-02   1.4764e-01  -1.6504e-02
   4.1233e+00   7.3447e+02  -2.0394e-01   1.1905e-01  -4.3583e-02
   4.1561e+00   7.4029e+02  -3.2383e-01   7.4604e-02  -7.0181e-02
