# The data in this file was extracted from a direct numerical
# simulation of fully developed plane turbulent channel
# flow. Particulars are listed below. Note that some of the statistical
# quantities provided in this data set should be zero due to
# (statistical) symmetries in the flow. These quantities are reported
# here none-the-less as an indicator of the quality of the statistics.
# more statistics from this data set are available at 
# http://www.tam.uiuc.edu/Faculty/Moser/channel 
#
# Authors: Moser, Kim & Mansour
# Reference: DNS of Turbulent Channel Flow up to Re_tau=590, 1999,
#            Physics of Fluids, vol 11, 943-945.
# Numerical Method: Kim, Moin & Moser, 1987, J. Fluid Mech. vol 177, 133-166 
# Re_tau = 178.12
# Normalization: U_tau, h 
# Description: Spanwise (z) Two-point cross correlations of velocity and pressure at indicated y-location 
# Filename: chan180/correlations/chan180.zccorr.59 
# Date File Created: Mar 01, 2000 
#
#---End of Header---
# 
# nz = 128,  Re = 178.12,  y = 0.32844,  y+ =  58.50
#      dz           dz+         R_uv         R_up         R_vp
#
   0.0000e+00   0.0000e+00  -6.2628e-01   5.6356e-01  -6.7689e-02
   3.2725e-02   5.8291e+00  -6.0009e-01   5.5527e-01  -6.9198e-02
   6.5450e-02   1.1658e+01  -5.2308e-01   5.3338e-01  -7.3667e-02
   9.8175e-02   1.7487e+01  -4.1097e-01   4.9805e-01  -7.6925e-02
   1.3090e-01   2.3316e+01  -2.8479e-01   4.5143e-01  -7.6241e-02
   1.6362e-01   2.9145e+01  -1.6203e-01   3.9736e-01  -7.0881e-02
   1.9635e-01   3.4975e+01  -5.3813e-02   3.4015e-01  -6.1404e-02
   2.2907e-01   4.0804e+01   3.4357e-02   2.8342e-01  -4.9107e-02
   2.6180e-01   4.6633e+01   1.0099e-01   2.2983e-01  -3.5523e-02
   2.9452e-01   5.2462e+01   1.4730e-01   1.8120e-01  -2.2148e-02
   3.2725e-01   5.8291e+01   1.7588e-01   1.3859e-01  -1.0186e-02
   3.5997e-01   6.4120e+01   1.8983e-01   1.0242e-01  -3.5622e-04
   3.9270e-01   6.9949e+01   1.9226e-01   7.2824e-02   7.1059e-03
   4.2542e-01   7.5778e+01   1.8612e-01   4.9694e-02   1.2310e-02
   4.5815e-01   8.1607e+01   1.7414e-01   3.2620e-02   1.5500e-02
   4.9087e-01   8.7436e+01   1.5865e-01   2.0818e-02   1.6951e-02
   5.2360e-01   9.3265e+01   1.4141e-01   1.3235e-02   1.6882e-02
   5.5632e-01   9.9095e+01   1.2377e-01   8.8424e-03   1.5433e-02
   5.8905e-01   1.0492e+02   1.0672e-01   6.7056e-03   1.2831e-02
   6.2177e-01   1.1075e+02   9.1032e-02   5.9016e-03   9.5308e-03
   6.5450e-01   1.1658e+02   7.7189e-02   5.5737e-03   6.0795e-03
   6.8722e-01   1.2241e+02   6.5409e-02   5.2174e-03   3.0210e-03
   7.1995e-01   1.2824e+02   5.5703e-02   4.5911e-03   8.1606e-04
   7.5267e-01   1.3407e+02   4.8028e-02   3.5713e-03  -2.3084e-04
   7.8540e-01   1.3990e+02   4.2153e-02   2.0344e-03  -8.2981e-05
   8.1812e-01   1.4573e+02   3.7672e-02  -1.2905e-04   1.0138e-03
   8.5085e-01   1.5156e+02   3.4071e-02  -2.9335e-03   2.6309e-03
   8.8357e-01   1.5739e+02   3.0862e-02  -6.1348e-03   4.4088e-03
   9.1630e-01   1.6321e+02   2.7465e-02  -9.3566e-03   6.1258e-03
   9.4902e-01   1.6904e+02   2.3485e-02  -1.2380e-02   7.6924e-03
   9.8175e-01   1.7487e+02   1.8940e-02  -1.5263e-02   9.0429e-03
   1.0145e+00   1.8070e+02   1.4205e-02  -1.8169e-02   1.0198e-02
   1.0472e+00   1.8653e+02   9.7767e-03  -2.1080e-02   1.1326e-02
   1.0799e+00   1.9236e+02   6.1174e-03  -2.3713e-02   1.2595e-02
   1.1126e+00   1.9819e+02   3.3684e-03  -2.5690e-02   1.3921e-02
   1.1454e+00   2.0402e+02   1.4642e-03  -2.6747e-02   1.5069e-02
   1.1781e+00   2.0985e+02   3.3590e-04  -2.6827e-02   1.5816e-02
   1.2108e+00   2.1568e+02   2.8627e-05  -2.6086e-02   1.5962e-02
   1.2435e+00   2.2151e+02   5.1919e-04  -2.4824e-02   1.5343e-02
   1.2763e+00   2.2733e+02   1.6721e-03  -2.3315e-02   1.4034e-02
   1.3090e+00   2.3316e+02   3.2677e-03  -2.1552e-02   1.2376e-02
   1.3417e+00   2.3899e+02   5.2519e-03  -1.9356e-02   1.0592e-02
   1.3744e+00   2.4482e+02   7.8176e-03  -1.6545e-02   8.6679e-03
   1.4072e+00   2.5065e+02   1.1136e-02  -1.3093e-02   6.6332e-03
   1.4399e+00   2.5648e+02   1.5076e-02  -9.2233e-03   4.7632e-03
   1.4726e+00   2.6231e+02   1.9327e-02  -5.3468e-03   3.3620e-03
   1.5053e+00   2.6814e+02   2.3388e-02  -1.7345e-03   2.4873e-03
   1.5381e+00   2.7397e+02   2.6738e-02   1.6684e-03   2.0357e-03
   1.5708e+00   2.7980e+02   2.8942e-02   5.1204e-03   1.9679e-03
   1.6035e+00   2.8563e+02   2.9738e-02   8.7694e-03   2.2552e-03
   1.6362e+00   2.9145e+02   2.8989e-02   1.2535e-02   2.8753e-03
   1.6690e+00   2.9728e+02   2.6823e-02   1.6224e-02   3.8124e-03
   1.7017e+00   3.0311e+02   2.3587e-02   1.9759e-02   4.9225e-03
   1.7344e+00   3.0894e+02   1.9831e-02   2.3227e-02   5.8413e-03
   1.7671e+00   3.1477e+02   1.6123e-02   2.6878e-02   6.0925e-03
   1.7999e+00   3.2060e+02   1.2716e-02   3.0946e-02   5.3730e-03
   1.8326e+00   3.2643e+02   9.3386e-03   3.5471e-02   3.6864e-03
   1.8653e+00   3.3226e+02   5.6151e-03   4.0309e-02   1.2464e-03
   1.8980e+00   3.3809e+02   1.3389e-03   4.5231e-02  -1.6730e-03
   1.9308e+00   3.4392e+02  -3.4989e-03   4.9996e-02  -4.7833e-03
   1.9635e+00   3.4975e+02  -8.7378e-03   5.4463e-02  -7.7223e-03
   1.9962e+00   3.5557e+02  -1.3987e-02   5.8328e-02  -1.0133e-02
   2.0289e+00   3.6140e+02  -1.8845e-02   6.1104e-02  -1.1804e-02
   2.0617e+00   3.6723e+02  -2.3053e-02   6.2359e-02  -1.2649e-02
   2.0944e+00   3.7306e+02  -2.6481e-02   6.1852e-02  -1.2670e-02
   2.1271e+00   3.7889e+02  -2.8872e-02   5.9512e-02  -1.1977e-02
   2.1598e+00   3.8472e+02  -2.9926e-02   5.5517e-02  -1.0814e-02
   2.1926e+00   3.9055e+02  -2.9488e-02   5.0284e-02  -9.3610e-03
   2.2253e+00   3.9638e+02  -2.7605e-02   4.4315e-02  -7.6911e-03
   2.2580e+00   4.0221e+02  -2.4454e-02   3.8182e-02  -5.8827e-03
   2.2907e+00   4.0804e+02  -2.0392e-02   3.2551e-02  -4.0653e-03
   2.3235e+00   4.1387e+02  -1.5829e-02   2.8000e-02  -2.3915e-03
   2.3562e+00   4.1969e+02  -1.1144e-02   2.4787e-02  -9.7568e-04
   2.3889e+00   4.2552e+02  -6.6608e-03   2.2778e-02   1.7436e-04
   2.4216e+00   4.3135e+02  -2.6184e-03   2.1656e-02   1.0128e-03
   2.4544e+00   4.3718e+02   9.3541e-04   2.1149e-02   1.4158e-03
   2.4871e+00   4.4301e+02   4.1251e-03   2.1025e-02   1.3674e-03
   2.5198e+00   4.4884e+02   7.1740e-03   2.1119e-02   1.0327e-03
   2.5525e+00   4.5467e+02   1.0093e-02   2.1335e-02   5.9895e-04
   2.5853e+00   4.6050e+02   1.2723e-02   2.1698e-02   1.1258e-04
   2.6180e+00   4.6633e+02   1.4956e-02   2.2102e-02  -5.4438e-04
   2.6507e+00   4.7216e+02   1.6908e-02   2.2309e-02  -1.3880e-03
   2.6834e+00   4.7799e+02   1.8727e-02   2.2229e-02  -2.2775e-03
   2.7162e+00   4.8381e+02   2.0386e-02   2.1921e-02  -3.0752e-03
   2.7489e+00   4.8964e+02   2.1659e-02   2.1461e-02  -3.8444e-03
   2.7816e+00   4.9547e+02   2.2471e-02   2.0924e-02  -4.7151e-03
   2.8143e+00   5.0130e+02   2.2977e-02   2.0331e-02  -5.8195e-03
   2.8471e+00   5.0713e+02   2.3462e-02   1.9553e-02  -7.2327e-03
   2.8798e+00   5.1296e+02   2.4094e-02   1.8466e-02  -8.9492e-03
   2.9125e+00   5.1879e+02   2.4935e-02   1.6968e-02  -1.0868e-02
   2.9452e+00   5.2462e+02   2.5996e-02   1.5001e-02  -1.2712e-02
   2.9780e+00   5.3045e+02   2.7169e-02   1.2658e-02  -1.4096e-02
   3.0107e+00   5.3628e+02   2.8254e-02   1.0130e-02  -1.4810e-02
   3.0434e+00   5.4211e+02   2.9280e-02   7.6380e-03  -1.4912e-02
   3.0761e+00   5.4793e+02   3.0469e-02   5.3612e-03  -1.4597e-02
   3.1089e+00   5.5376e+02   3.2016e-02   3.2388e-03  -1.4025e-02
   3.1416e+00   5.5959e+02   3.3821e-02   9.7720e-04  -1.3225e-02
   3.1743e+00   5.6542e+02   3.5628e-02  -1.7668e-03  -1.2190e-02
   3.2070e+00   5.7125e+02   3.7152e-02  -5.1170e-03  -1.0941e-02
   3.2398e+00   5.7708e+02   3.8264e-02  -8.9124e-03  -9.5254e-03
   3.2725e+00   5.8291e+02   3.9007e-02  -1.2788e-02  -8.0348e-03
   3.3052e+00   5.8874e+02   3.9597e-02  -1.6394e-02  -6.6737e-03
   3.3379e+00   5.9457e+02   4.0282e-02  -1.9373e-02  -5.7443e-03
   3.3707e+00   6.0040e+02   4.1482e-02  -2.1517e-02  -5.5008e-03
   3.4034e+00   6.0623e+02   4.3765e-02  -2.2682e-02  -5.9456e-03
   3.4361e+00   6.1205e+02   4.7735e-02  -2.2761e-02  -6.8428e-03
   3.4688e+00   6.1788e+02   5.3896e-02  -2.1697e-02  -7.8407e-03
   3.5016e+00   6.2371e+02   6.2619e-02  -1.9542e-02  -8.5823e-03
   3.5343e+00   6.2954e+02   7.4068e-02  -1.6499e-02  -8.8126e-03
   3.5670e+00   6.3537e+02   8.8159e-02  -1.2692e-02  -8.4341e-03
   3.5997e+00   6.4120e+02   1.0447e-01  -7.9905e-03  -7.4953e-03
   3.6325e+00   6.4703e+02   1.2234e-01  -2.0481e-03  -6.0975e-03
   3.6652e+00   6.5286e+02   1.4090e-01   5.6203e-03  -4.3533e-03
   3.6979e+00   6.5869e+02   1.5911e-01   1.5612e-02  -2.4198e-03
   3.7306e+00   6.6452e+02   1.7553e-01   2.8716e-02  -6.0588e-04
   3.7634e+00   6.7035e+02   1.8825e-01   4.5874e-02   5.1937e-04
   3.7961e+00   6.7617e+02   1.9501e-01   6.8170e-02   2.7134e-04
   3.8288e+00   6.8200e+02   1.9333e-01   9.6640e-02  -2.0185e-03
   3.8615e+00   6.8783e+02   1.8024e-01   1.3203e-01  -6.9518e-03
   3.8943e+00   6.9366e+02   1.5240e-01   1.7469e-01  -1.4881e-02
   3.9270e+00   6.9949e+02   1.0651e-01   2.2443e-01  -2.5686e-02
   3.9597e+00   7.0532e+02   4.0014e-02   2.8015e-01  -3.8741e-02
   3.9924e+00   7.1115e+02  -4.8073e-02   3.3954e-01  -5.2757e-02
   4.0252e+00   7.1698e+02  -1.5624e-01   3.9928e-01  -6.5707e-02
   4.0579e+00   7.2281e+02  -2.7909e-01   4.5521e-01  -7.5085e-02
   4.0906e+00   7.2864e+02  -4.0568e-01   5.0287e-01  -7.8770e-02
   4.1233e+00   7.3447e+02  -5.1878e-01   5.3811e-01  -7.6492e-02
   4.1561e+00   7.4029e+02  -5.9758e-01   5.5831e-01  -7.1128e-02
