# The data in this file was extracted from a direct numerical
# simulation of fully developed plane turbulent channel
# flow. Particulars are listed below. Note that some of the statistical
# quantities provided in this data set should be zero due to
# (statistical) symmetries in the flow. These quantities are reported
# here none-the-less as an indicator of the quality of the statistics.
# more statistics from this data set are available at 
# http://www.tam.uiuc.edu/Faculty/Moser/channel 
#
# Authors: Moser, Kim & Mansour
# Reference: DNS of Turbulent Channel Flow up to Re_tau=590, 1999,
#            Physics of Fluids, vol 11, 943-945.
# Numerical Method: Kim, Moin & Moser, 1987, J. Fluid Mech. vol 177, 133-166 
# Re_tau = 178.12
# Normalization: U_tau, h 
# Description: Spanwise (z) Two-point cross correlations of velocity and pressure at indicated y-location 
# Filename: chan180/correlations/chan180.zccorr.19 
# Date File Created: Mar 01, 2000 
#
#---End of Header---
# 
# nz = 128,  Re = 178.12,  y = 0.10678,  y+ =  19.02
#      dz           dz+         R_uv         R_up         R_vp
#
   0.0000e+00   0.0000e+00  -6.5008e-01   2.5292e-01  -7.8515e-02
   3.2725e-02   5.8291e+00  -5.9160e-01   2.7575e-01  -6.6559e-02
   6.5450e-02   1.1658e+01  -4.2955e-01   3.1630e-01  -4.2994e-02
   9.8175e-02   1.7487e+01  -2.1986e-01   3.3001e-01  -1.7905e-02
   1.3090e-01   2.3316e+01  -2.2234e-02   3.0465e-01   2.9146e-03
   1.6362e-01   2.9145e+01   1.2914e-01   2.5067e-01   1.7160e-02
   1.9635e-01   3.4975e+01   2.2529e-01   1.8404e-01   2.5077e-02
   2.2907e-01   4.0804e+01   2.7216e-01   1.1800e-01   2.8084e-02
   2.6180e-01   4.6633e+01   2.8126e-01   6.1376e-02   2.8047e-02
   2.9452e-01   5.2462e+01   2.6471e-01   1.8642e-02   2.6204e-02
   3.2725e-01   5.8291e+01   2.3271e-01  -9.3627e-03   2.3407e-02
   3.5997e-01   6.4120e+01   1.9335e-01  -2.4596e-02   2.0073e-02
   3.9270e-01   6.9949e+01   1.5278e-01  -2.9910e-02   1.6705e-02
   4.2542e-01   7.5778e+01   1.1530e-01  -2.8485e-02   1.3346e-02
   4.5815e-01   8.1607e+01   8.3183e-02  -2.3267e-02   9.8701e-03
   4.9087e-01   8.7436e+01   5.6593e-02  -1.6102e-02   6.0764e-03
   5.2360e-01   9.3265e+01   3.3878e-02  -7.2859e-03   2.3144e-03
   5.5632e-01   9.9095e+01   1.3669e-02   3.0589e-03  -9.1324e-04
   5.8905e-01   1.0492e+02  -3.8876e-03   1.4176e-02  -3.2531e-03
   6.2177e-01   1.1075e+02  -1.7278e-02   2.4986e-02  -5.0017e-03
   6.5450e-01   1.1658e+02  -2.5228e-02   3.4359e-02  -6.3233e-03
   6.8722e-01   1.2241e+02  -2.7700e-02   4.1536e-02  -7.2159e-03
   7.1995e-01   1.2824e+02  -2.5600e-02   4.5816e-02  -7.5714e-03
   7.5267e-01   1.3407e+02  -1.9890e-02   4.6168e-02  -7.2309e-03
   7.8540e-01   1.3990e+02  -1.1947e-02   4.2860e-02  -6.1595e-03
   8.1812e-01   1.4573e+02  -3.8910e-03   3.7772e-02  -4.4699e-03
   8.5085e-01   1.5156e+02   1.6729e-03   3.3340e-02  -2.4728e-03
   8.8357e-01   1.5739e+02   3.5069e-03   3.0775e-02  -4.8415e-04
   9.1630e-01   1.6321e+02   2.0779e-03   3.0519e-02   1.2032e-03
   9.4902e-01   1.6904e+02  -1.0861e-03   3.2904e-02   2.1077e-03
   9.8175e-01   1.7487e+02  -4.2215e-03   3.8415e-02   1.9345e-03
   1.0145e+00   1.8070e+02  -6.2344e-03   4.7134e-02   7.5079e-04
   1.0472e+00   1.8653e+02  -7.1599e-03   5.8184e-02  -1.1471e-03
   1.0799e+00   1.9236e+02  -7.4788e-03   6.9789e-02  -3.6129e-03
   1.1126e+00   1.9819e+02  -8.0521e-03   7.9389e-02  -6.1985e-03
   1.1454e+00   2.0402e+02  -8.9622e-03   8.5283e-02  -8.2894e-03
   1.1781e+00   2.0985e+02  -9.1022e-03   8.6019e-02  -9.2813e-03
   1.2108e+00   2.1568e+02  -7.3453e-03   8.1077e-02  -8.8913e-03
   1.2435e+00   2.2151e+02  -3.9039e-03   7.1164e-02  -7.0737e-03
   1.2763e+00   2.2733e+02   1.2744e-04   5.8667e-02  -4.2889e-03
   1.3090e+00   2.3316e+02   3.5757e-03   4.5736e-02  -1.5929e-03
   1.3417e+00   2.3899e+02   5.8245e-03   3.4407e-02   1.0218e-04
   1.3744e+00   2.4482e+02   6.9091e-03   2.6913e-02   5.5573e-04
   1.4072e+00   2.5065e+02   7.2234e-03   2.4769e-02   2.3307e-05
   1.4399e+00   2.5648e+02   6.9294e-03   2.7505e-02  -9.6905e-04
   1.4726e+00   2.6231e+02   6.2211e-03   3.3205e-02  -2.0374e-03
   1.5053e+00   2.6814e+02   5.3957e-03   4.0271e-02  -2.8414e-03
   1.5381e+00   2.7397e+02   4.9412e-03   4.6970e-02  -2.9546e-03
   1.5708e+00   2.7980e+02   5.1385e-03   5.1497e-02  -2.3856e-03
   1.6035e+00   2.8563e+02   5.9992e-03   5.3071e-02  -1.5213e-03
   1.6362e+00   2.9145e+02   7.2240e-03   5.2087e-02  -7.1210e-04
   1.6690e+00   2.9728e+02   8.3711e-03   4.9678e-02  -3.0119e-04
   1.7017e+00   3.0311e+02   9.2072e-03   4.6869e-02  -5.1618e-04
   1.7344e+00   3.0894e+02   1.0021e-02   4.3685e-02  -1.2209e-03
   1.7671e+00   3.1477e+02   1.0462e-02   3.9140e-02  -1.6706e-03
   1.7999e+00   3.2060e+02   9.3917e-03   3.2561e-02  -1.2793e-03
   1.8326e+00   3.2643e+02   6.0842e-03   2.4402e-02  -1.9826e-04
   1.8653e+00   3.3226e+02   1.4401e-03   1.5669e-02   8.6546e-04
   1.8980e+00   3.3809e+02  -2.9271e-03   7.8900e-03   1.4625e-03
   1.9308e+00   3.4392e+02  -6.2403e-03   2.6915e-03   1.6062e-03
   1.9635e+00   3.4975e+02  -8.8343e-03   1.3303e-03   1.3443e-03
   1.9962e+00   3.5557e+02  -1.1109e-02   3.9151e-03   6.9644e-04
   2.0289e+00   3.6140e+02  -1.2948e-02   1.0335e-02  -2.1399e-04
   2.0617e+00   3.6723e+02  -1.3928e-02   1.9941e-02  -1.3728e-03
   2.0944e+00   3.7306e+02  -1.4090e-02   3.2522e-02  -2.7826e-03
   2.1271e+00   3.7889e+02  -1.3876e-02   4.6344e-02  -4.2555e-03
   2.1598e+00   3.8472e+02  -1.3416e-02   5.8485e-02  -5.6705e-03
   2.1926e+00   3.9055e+02  -1.2101e-02   6.6306e-02  -6.8019e-03
   2.2253e+00   3.9638e+02  -9.0513e-03   6.8706e-02  -7.4280e-03
   2.2580e+00   4.0221e+02  -3.9504e-03   6.6112e-02  -7.3720e-03
   2.2907e+00   4.0804e+02   2.0629e-03   5.9723e-02  -6.5902e-03
   2.3235e+00   4.1387e+02   7.5236e-03   5.1058e-02  -5.2967e-03
   2.3562e+00   4.1969e+02   1.1939e-02   4.1416e-02  -3.6954e-03
   2.3889e+00   4.2552e+02   1.5410e-02   3.1777e-02  -2.2572e-03
   2.4216e+00   4.3135e+02   1.7521e-02   2.3435e-02  -1.4833e-03
   2.4544e+00   4.3718e+02   1.7969e-02   1.7293e-02  -1.5857e-03
   2.4871e+00   4.4301e+02   1.7104e-02   1.2964e-02  -2.1427e-03
   2.5198e+00   4.4884e+02   1.6086e-02   9.5996e-03  -2.3200e-03
   2.5525e+00   4.5467e+02   1.5551e-02   6.8740e-03  -1.5171e-03
   2.5853e+00   4.6050e+02   1.5050e-02   4.9871e-03   1.5802e-04
   2.6180e+00   4.6633e+02   1.3624e-02   4.7890e-03   2.0613e-03
   2.6507e+00   4.7216e+02   1.0680e-02   7.1195e-03   3.5035e-03
   2.6834e+00   4.7799e+02   6.2294e-03   1.2459e-02   4.0272e-03
   2.7162e+00   4.8381e+02   1.1175e-03   2.0500e-02   3.3729e-03
   2.7489e+00   4.8964e+02  -3.7495e-03   3.0465e-02   1.6482e-03
   2.7816e+00   4.9547e+02  -7.9046e-03   4.1468e-02  -4.5529e-04
   2.8143e+00   5.0130e+02  -1.0914e-02   5.2241e-02  -2.0712e-03
   2.8471e+00   5.0713e+02  -1.2249e-02   6.0992e-02  -2.7423e-03
   2.8798e+00   5.1296e+02  -1.1800e-02   6.6939e-02  -2.7170e-03
   2.9125e+00   5.1879e+02  -9.8642e-03   7.0290e-02  -2.4759e-03
   2.9452e+00   5.2462e+02  -6.9639e-03   7.2129e-02  -2.3716e-03
   2.9780e+00   5.3045e+02  -3.7263e-03   7.3291e-02  -2.3226e-03
   3.0107e+00   5.3628e+02  -1.0113e-03   7.4544e-02  -2.1243e-03
   3.0434e+00   5.4211e+02   8.0501e-04   7.7117e-02  -1.7000e-03
   3.0761e+00   5.4793e+02   2.1596e-03   8.1926e-02  -1.2235e-03
   3.1089e+00   5.5376e+02   3.8810e-03   8.8800e-02  -9.5377e-04
   3.1416e+00   5.5959e+02   5.9636e-03   9.5873e-02  -1.1392e-03
   3.1743e+00   5.6542e+02   7.5663e-03   1.0112e-01  -1.7611e-03
   3.2070e+00   5.7125e+02   7.7381e-03   1.0428e-01  -2.5534e-03
   3.2398e+00   5.7708e+02   6.5462e-03   1.0560e-01  -3.2796e-03
   3.2725e+00   5.8291e+02   4.6991e-03   1.0450e-01  -3.9972e-03
   3.3052e+00   5.8874e+02   2.5132e-03   1.0005e-01  -4.7971e-03
   3.3379e+00   5.9457e+02  -3.7900e-04   9.2200e-02  -5.5275e-03
   3.3707e+00   6.0040e+02  -4.3622e-03   8.1895e-02  -5.7997e-03
   3.4034e+00   6.0623e+02  -9.4978e-03   7.0794e-02  -5.5425e-03
   3.4361e+00   6.1205e+02  -1.5209e-02   6.0903e-02  -5.0087e-03
   3.4688e+00   6.1788e+02  -2.0259e-02   5.3403e-02  -4.5031e-03
   3.5016e+00   6.2371e+02  -2.2992e-02   4.8266e-02  -4.3151e-03
   3.5343e+00   6.2954e+02  -2.2425e-02   4.4347e-02  -4.8182e-03
   3.5670e+00   6.3537e+02  -1.8123e-02   4.0664e-02  -5.9383e-03
   3.5997e+00   6.4120e+02  -9.4077e-03   3.6296e-02  -7.1331e-03
   3.6325e+00   6.4703e+02   4.5285e-03   3.0328e-02  -7.5971e-03
   3.6652e+00   6.5286e+02   2.3844e-02   2.2702e-02  -6.8451e-03
   3.6979e+00   6.5869e+02   4.8505e-02   1.4499e-02  -4.8227e-03
   3.7306e+00   6.6452e+02   7.8507e-02   6.6669e-03  -1.5170e-03
   3.7634e+00   6.7035e+02   1.1391e-01   1.6862e-04   2.9952e-03
   3.7961e+00   6.7617e+02   1.5408e-01  -2.8987e-03   8.2505e-03
   3.8288e+00   6.8200e+02   1.9684e-01   8.4203e-04   1.3647e-02
   3.8615e+00   6.8783e+02   2.3795e-01   1.5405e-02   1.8608e-02
   3.8943e+00   6.9366e+02   2.7113e-01   4.3585e-02   2.2557e-02
   3.9270e+00   6.9949e+02   2.8776e-01   8.6982e-02   2.4662e-02
   3.9597e+00   7.0532e+02   2.7734e-01   1.4474e-01   2.4109e-02
   3.9924e+00   7.1115e+02   2.2849e-01   2.1171e-01   1.9905e-02
   4.0252e+00   7.1698e+02   1.3143e-01   2.7759e-01   1.1002e-02
   4.0579e+00   7.2281e+02  -1.8593e-02   3.2774e-01  -3.6037e-03
   4.0906e+00   7.2864e+02  -2.1364e-01   3.4625e-01  -2.4372e-02
   4.1233e+00   7.3447e+02  -4.2225e-01   3.2540e-01  -4.9428e-02
   4.1561e+00   7.4029e+02  -5.8669e-01   2.7952e-01  -7.1175e-02
