# The data in this file was extracted from a direct numerical
# simulation of fully developed plane turbulent channel
# flow. Particulars are listed below. Note that some of the statistical
# quantities provided in this data set should be zero due to
# (statistical) symmetries in the flow. These quantities are reported
# here none-the-less as an indicator of the quality of the statistics.
# more statistics from this data set are available at 
# http://www.tam.uiuc.edu/Faculty/Moser/channel 
#
# Authors: Moser, Kim & Mansour
# Reference: DNS of Turbulent Channel Flow up to Re_tau=590, 1999,
#            Physics of Fluids, vol 11, 943-945.
# Numerical Method: Kim, Moin & Moser, 1987, J. Fluid Mech. vol 177, 133-166 
# Re_tau = 178.12
# Normalization: U_tau, h 
# Description: Spanwise (z) Two-point cross correlations of velocity and pressure at indicated y-location 
# Filename: chan180/correlations/chan180.zccorr.79 
# Date File Created: Mar 01, 2000 
#
#---End of Header---
# 
# nz = 128,  Re = 178.12,  y = 0.44443,  y+ =  79.16
#      dz           dz+         R_uv         R_up         R_vp
#
   0.0000e+00   0.0000e+00  -5.1854e-01   4.8666e-01  -6.7351e-02
   3.2725e-02   5.8291e+00  -5.0255e-01   4.8029e-01  -6.5422e-02
   6.5450e-02   1.1658e+01  -4.5391e-01   4.6399e-01  -6.6885e-02
   9.8175e-02   1.7487e+01  -3.8174e-01   4.3904e-01  -6.9520e-02
   1.3090e-01   2.3316e+01  -2.9769e-01   4.0720e-01  -7.1195e-02
   1.6362e-01   2.9145e+01  -2.1191e-01   3.7047e-01  -7.0606e-02
   1.9635e-01   3.4975e+01  -1.3161e-01   3.3096e-01  -6.7293e-02
   2.2907e-01   4.0804e+01  -6.1193e-02   2.9053e-01  -6.1487e-02
   2.6180e-01   4.6633e+01  -2.7659e-03   2.5079e-01  -5.3852e-02
   2.9452e-01   5.2462e+01   4.3245e-02   2.1297e-01  -4.5221e-02
   3.2725e-01   5.8291e+01   7.7460e-02   1.7791e-01  -3.6372e-02
   3.5997e-01   6.4120e+01   1.0116e-01   1.4607e-01  -2.7917e-02
   3.9270e-01   6.9949e+01   1.1600e-01   1.1771e-01  -2.0210e-02
   4.2542e-01   7.5778e+01   1.2369e-01   9.2910e-02  -1.3324e-02
   4.5815e-01   8.1607e+01   1.2593e-01   7.1578e-02  -7.1655e-03
   4.9087e-01   8.7436e+01   1.2428e-01   5.3383e-02  -1.6275e-03
   5.2360e-01   9.3265e+01   1.2005e-01   3.7866e-02   3.2682e-03
   5.5632e-01   9.9095e+01   1.1419e-01   2.4593e-02   7.3954e-03
   5.8905e-01   1.0492e+02   1.0736e-01   1.3236e-02   1.0600e-02
   6.2177e-01   1.1075e+02   9.9982e-02   3.5825e-03   1.2810e-02
   6.5450e-01   1.1658e+02   9.2456e-02  -4.4822e-03   1.4099e-02
   6.8722e-01   1.2241e+02   8.5104e-02  -1.1066e-02   1.4640e-02
   7.1995e-01   1.2824e+02   7.8090e-02  -1.6340e-02   1.4586e-02
   7.5267e-01   1.3407e+02   7.1433e-02  -2.0484e-02   1.4083e-02
   7.8540e-01   1.3990e+02   6.5074e-02  -2.3613e-02   1.3342e-02
   8.1812e-01   1.4573e+02   5.8888e-02  -2.5791e-02   1.2584e-02
   8.5085e-01   1.5156e+02   5.2703e-02  -2.7066e-02   1.1916e-02
   8.8357e-01   1.5739e+02   4.6423e-02  -2.7515e-02   1.1373e-02
   9.1630e-01   1.6321e+02   4.0104e-02  -2.7272e-02   1.0998e-02
   9.4902e-01   1.6904e+02   3.3909e-02  -2.6540e-02   1.0850e-02
   9.8175e-01   1.7487e+02   2.7998e-02  -2.5547e-02   1.0913e-02
   1.0145e+00   1.8070e+02   2.2500e-02  -2.4491e-02   1.1093e-02
   1.0472e+00   1.8653e+02   1.7521e-02  -2.3510e-02   1.1281e-02
   1.0799e+00   1.9236e+02   1.3142e-02  -2.2682e-02   1.1450e-02
   1.1126e+00   1.9819e+02   9.4404e-03  -2.2024e-02   1.1618e-02
   1.1454e+00   2.0402e+02   6.5526e-03  -2.1444e-02   1.1756e-02
   1.1781e+00   2.0985e+02   4.6129e-03  -2.0789e-02   1.1777e-02
   1.2108e+00   2.1568e+02   3.6908e-03  -1.9910e-02   1.1583e-02
   1.2435e+00   2.2151e+02   3.7423e-03  -1.8672e-02   1.1128e-02
   1.2763e+00   2.2733e+02   4.6137e-03  -1.6941e-02   1.0465e-02
   1.3090e+00   2.3316e+02   6.1168e-03  -1.4602e-02   9.6467e-03
   1.3417e+00   2.3899e+02   8.0830e-03  -1.1593e-02   8.6236e-03
   1.3744e+00   2.4482e+02   1.0308e-02  -7.9499e-03   7.2612e-03
   1.4072e+00   2.5065e+02   1.2647e-02  -3.8632e-03   5.5057e-03
   1.4399e+00   2.5648e+02   1.5057e-02   3.2558e-04   3.4660e-03
   1.4726e+00   2.6231e+02   1.7530e-02   4.2180e-03   1.3391e-03
   1.5053e+00   2.6814e+02   1.9984e-02   7.5682e-03  -6.7147e-04
   1.5381e+00   2.7397e+02   2.2248e-02   1.0377e-02  -2.3712e-03
   1.5708e+00   2.7980e+02   2.4130e-02   1.2775e-02  -3.5854e-03
   1.6035e+00   2.8563e+02   2.5439e-02   1.4917e-02  -4.2083e-03
   1.6362e+00   2.9145e+02   2.5982e-02   1.7063e-02  -4.3028e-03
   1.6690e+00   2.9728e+02   2.5664e-02   1.9486e-02  -4.1270e-03
   1.7017e+00   3.0311e+02   2.4566e-02   2.2291e-02  -4.0216e-03
   1.7344e+00   3.0894e+02   2.2815e-02   2.5375e-02  -4.2071e-03
   1.7671e+00   3.1477e+02   2.0430e-02   2.8499e-02  -4.7049e-03
   1.7999e+00   3.2060e+02   1.7406e-02   3.1483e-02  -5.4025e-03
   1.8326e+00   3.2643e+02   1.3783e-02   3.4230e-02  -6.1350e-03
   1.8653e+00   3.3226e+02   9.6816e-03   3.6627e-02  -6.7458e-03
   1.8980e+00   3.3809e+02   5.3020e-03   3.8577e-02  -7.1369e-03
   1.9308e+00   3.4392e+02   8.4728e-04   4.0104e-02  -7.2886e-03
   1.9635e+00   3.4975e+02  -3.5731e-03   4.1332e-02  -7.2446e-03
   1.9962e+00   3.5557e+02  -7.8688e-03   4.2390e-02  -7.0697e-03
   2.0289e+00   3.6140e+02  -1.1880e-02   4.3342e-02  -6.8676e-03
   2.0617e+00   3.6723e+02  -1.5368e-02   4.4160e-02  -6.7446e-03
   2.0944e+00   3.7306e+02  -1.8066e-02   4.4754e-02  -6.7291e-03
   2.1271e+00   3.7889e+02  -1.9702e-02   4.5038e-02  -6.7673e-03
   2.1598e+00   3.8472e+02  -2.0144e-02   4.4895e-02  -6.7768e-03
   2.1926e+00   3.9055e+02  -1.9500e-02   4.4181e-02  -6.6316e-03
   2.2253e+00   3.9638e+02  -1.8053e-02   4.2836e-02  -6.1658e-03
   2.2580e+00   4.0221e+02  -1.6105e-02   4.0977e-02  -5.3191e-03
   2.2907e+00   4.0804e+02  -1.3832e-02   3.8837e-02  -4.2054e-03
   2.3235e+00   4.1387e+02  -1.1222e-02   3.6657e-02  -3.0308e-03
   2.3562e+00   4.1969e+02  -8.2237e-03   3.4587e-02  -2.0195e-03
   2.3889e+00   4.2552e+02  -4.8909e-03   3.2604e-02  -1.3451e-03
   2.4216e+00   4.3135e+02  -1.3935e-03   3.0506e-02  -1.1017e-03
   2.4544e+00   4.3718e+02   2.1005e-03   2.8059e-02  -1.2810e-03
   2.4871e+00   4.4301e+02   5.4954e-03   2.5151e-02  -1.7522e-03
   2.5198e+00   4.4884e+02   8.7772e-03   2.1780e-02  -2.2549e-03
   2.5525e+00   4.5467e+02   1.1952e-02   1.8017e-02  -2.5419e-03
   2.5853e+00   4.6050e+02   1.5078e-02   1.4006e-02  -2.5019e-03
   2.6180e+00   4.6633e+02   1.8237e-02   9.9336e-03  -2.1891e-03
   2.6507e+00   4.7216e+02   2.1410e-02   6.0243e-03  -1.7561e-03
   2.6834e+00   4.7799e+02   2.4460e-02   2.4990e-03  -1.4054e-03
   2.7162e+00   4.8381e+02   2.7231e-02  -5.3645e-04  -1.3448e-03
   2.7489e+00   4.8964e+02   2.9573e-02  -3.1684e-03  -1.7295e-03
   2.7816e+00   4.9547e+02   3.1397e-02  -5.6742e-03  -2.5884e-03
   2.8143e+00   5.0130e+02   3.2682e-02  -8.3402e-03  -3.8358e-03
   2.8471e+00   5.0713e+02   3.3478e-02  -1.1286e-02  -5.3256e-03
   2.8798e+00   5.1296e+02   3.3863e-02  -1.4428e-02  -6.8649e-03
   2.9125e+00   5.1879e+02   3.3882e-02  -1.7560e-02  -8.2718e-03
   2.9452e+00   5.2462e+02   3.3543e-02  -2.0483e-02  -9.4787e-03
   2.9780e+00   5.3045e+02   3.2925e-02  -2.3064e-02  -1.0496e-02
   3.0107e+00   5.3628e+02   3.2209e-02  -2.5232e-02  -1.1321e-02
   3.0434e+00   5.4211e+02   3.1631e-02  -2.6989e-02  -1.1905e-02
   3.0761e+00   5.4793e+02   3.1397e-02  -2.8460e-02  -1.2204e-02
   3.1089e+00   5.5376e+02   3.1652e-02  -2.9895e-02  -1.2161e-02
   3.1416e+00   5.5959e+02   3.2497e-02  -3.1550e-02  -1.1714e-02
   3.1743e+00   5.6542e+02   3.4035e-02  -3.3511e-02  -1.0869e-02
   3.2070e+00   5.7125e+02   3.6341e-02  -3.5638e-02  -9.6808e-03
   3.2398e+00   5.7708e+02   3.9436e-02  -3.7670e-02  -8.2080e-03
   3.2725e+00   5.8291e+02   4.3223e-02  -3.9348e-02  -6.5438e-03
   3.3052e+00   5.8874e+02   4.7531e-02  -4.0435e-02  -4.8805e-03
   3.3379e+00   5.9457e+02   5.2216e-02  -4.0696e-02  -3.4909e-03
   3.3707e+00   6.0040e+02   5.7251e-02  -3.9909e-02  -2.6433e-03
   3.4034e+00   6.0623e+02   6.2718e-02  -3.7965e-02  -2.5220e-03
   3.4361e+00   6.1205e+02   6.8806e-02  -3.4831e-02  -3.1427e-03
   3.4688e+00   6.1788e+02   7.5732e-02  -3.0514e-02  -4.3675e-03
   3.5016e+00   6.2371e+02   8.3634e-02  -2.5054e-02  -6.0171e-03
   3.5343e+00   6.2954e+02   9.2437e-02  -1.8477e-02  -7.9523e-03
   3.5670e+00   6.3537e+02   1.0183e-01  -1.0686e-02  -1.0055e-02
   3.5997e+00   6.4120e+02   1.1127e-01  -1.4497e-03  -1.2223e-02
   3.6325e+00   6.4703e+02   1.2007e-01   9.5124e-03  -1.4438e-02
   3.6652e+00   6.5286e+02   1.2743e-01   2.2486e-02  -1.6802e-02
   3.6979e+00   6.5869e+02   1.3251e-01   3.7789e-02  -1.9501e-02
   3.7306e+00   6.6452e+02   1.3439e-01   5.5796e-02  -2.2763e-02
   3.7634e+00   6.7035e+02   1.3205e-01   7.6926e-02  -2.6815e-02
   3.7961e+00   6.7617e+02   1.2425e-01   1.0165e-01  -3.1835e-02
   3.8288e+00   6.8200e+02   1.0948e-01   1.3038e-01  -3.7939e-02
   3.8615e+00   6.8783e+02   8.5982e-02   1.6332e-01  -4.5140e-02
   3.8943e+00   6.9366e+02   5.2104e-02   2.0031e-01  -5.3292e-02
   3.9270e+00   6.9949e+02   6.5655e-03   2.4075e-01  -6.1991e-02
   3.9597e+00   7.0532e+02  -5.1291e-02   2.8354e-01  -7.0623e-02
   3.9924e+00   7.1115e+02  -1.2118e-01   3.2712e-01  -7.8374e-02
   4.0252e+00   7.1698e+02  -2.0126e-01   3.6955e-01  -8.4190e-02
   4.0579e+00   7.2281e+02  -2.8746e-01   4.0858e-01  -8.6862e-02
   4.0906e+00   7.2864e+02  -3.7281e-01   4.4187e-01  -8.5495e-02
   4.1233e+00   7.3447e+02  -4.4724e-01   4.6708e-01  -8.0257e-02
   4.1561e+00   7.4029e+02  -4.9896e-01   4.8232e-01  -7.3104e-02
