# The data in this file was extracted from a direct numerical
# simulation of fully developed plane turbulent channel
# flow. Particulars are listed below. Note that some of the statistical
# quantities provided in this data set should be zero due to
# (statistical) symmetries in the flow. These quantities are reported
# here none-the-less as an indicator of the quality of the statistics.
# more statistics from this data set are available at 
# http://www.tam.uiuc.edu/Faculty/Moser/channel 
#
# Authors: Moser, Kim & Mansour
# Reference: DNS of Turbulent Channel Flow up to Re_tau=590, 1999,
#            Physics of Fluids, vol 11, 943-945.
# Numerical Method: Kim, Moin & Moser, 1987, J. Fluid Mech. vol 177, 133-166 
# Re_tau = 178.12
# Normalization: U_tau, h 
# Description: Spanwise (z) Two-point cross correlations of velocity and pressure at indicated y-location 
# Filename: chan180/correlations/chan180.zccorr.178 
# Date File Created: Mar 01, 2000 
#
#---End of Header---
# 
# nz = 128,  Re = 178.12,  y = 1.00000,  y+ = 178.12
#      dz           dz+         R_uv         R_up         R_vp
#
   0.0000e+00   0.0000e+00   1.8567e-03   1.9420e-02   2.0787e-03
   3.2725e-02   5.8291e+00  -3.6045e-05   1.8478e-02   1.9253e-03
   6.5450e-02   1.1658e+01  -2.2413e-03   1.5550e-02   1.9379e-03
   9.8175e-02   1.7487e+01  -4.6606e-03   1.1002e-02   2.1746e-03
   1.3090e-01   2.3316e+01  -7.1353e-03   5.3022e-03   2.6318e-03
   1.6362e-01   2.9145e+01  -9.4930e-03  -1.0955e-03   3.2539e-03
   1.9635e-01   3.4975e+01  -1.1570e-02  -7.8090e-03   3.9564e-03
   2.2907e-01   4.0804e+01  -1.3227e-02  -1.4530e-02   4.6557e-03
   2.6180e-01   4.6633e+01  -1.4383e-02  -2.1007e-02   5.2861e-03
   2.9452e-01   5.2462e+01  -1.5029e-02  -2.7037e-02   5.8060e-03
   3.2725e-01   5.8291e+01  -1.5205e-02  -3.2470e-02   6.2063e-03
   3.5997e-01   6.4120e+01  -1.4969e-02  -3.7209e-02   6.5023e-03
   3.9270e-01   6.9949e+01  -1.4390e-02  -4.1216e-02   6.7065e-03
   4.2542e-01   7.5778e+01  -1.3556e-02  -4.4499e-02   6.8050e-03
   4.5815e-01   8.1607e+01  -1.2574e-02  -4.7089e-02   6.7570e-03
   4.9087e-01   8.7436e+01  -1.1555e-02  -4.9028e-02   6.5087e-03
   5.2360e-01   9.3265e+01  -1.0600e-02  -5.0362e-02   6.0116e-03
   5.5632e-01   9.9095e+01  -9.7703e-03  -5.1143e-02   5.2457e-03
   5.8905e-01   1.0492e+02  -9.0914e-03  -5.1424e-02   4.2340e-03
   6.2177e-01   1.1075e+02  -8.5537e-03  -5.1268e-02   3.0387e-03
   6.5450e-01   1.1658e+02  -8.1215e-03  -5.0752e-02   1.7484e-03
   6.8722e-01   1.2241e+02  -7.7434e-03  -4.9967e-02   4.6159e-04
   7.1995e-01   1.2824e+02  -7.3614e-03  -4.8993e-02  -7.2633e-04
   7.5267e-01   1.3407e+02  -6.9117e-03  -4.7896e-02  -1.7351e-03
   7.8540e-01   1.3990e+02  -6.3317e-03  -4.6720e-02  -2.5124e-03
   8.1812e-01   1.4573e+02  -5.5723e-03  -4.5490e-02  -3.0421e-03
   8.5085e-01   1.5156e+02  -4.6063e-03  -4.4226e-02  -3.3415e-03
   8.8357e-01   1.5739e+02  -3.4311e-03  -4.2959e-02  -3.4485e-03
   9.1630e-01   1.6321e+02  -2.0701e-03  -4.1743e-02  -3.4118e-03
   9.4902e-01   1.6904e+02  -5.7130e-04  -4.0648e-02  -3.2809e-03
   9.8175e-01   1.7487e+02   1.0029e-03  -3.9728e-02  -3.0953e-03
   1.0145e+00   1.8070e+02   2.5893e-03  -3.9001e-02  -2.8815e-03
   1.0472e+00   1.8653e+02   4.1363e-03  -3.8451e-02  -2.6520e-03
   1.0799e+00   1.9236e+02   5.6116e-03  -3.8038e-02  -2.4038e-03
   1.1126e+00   1.9819e+02   7.0010e-03  -3.7705e-02  -2.1246e-03
   1.1454e+00   2.0402e+02   8.2936e-03  -3.7382e-02  -1.8057e-03
   1.1781e+00   2.0985e+02   9.4575e-03  -3.7004e-02  -1.4469e-03
   1.2108e+00   2.1568e+02   1.0423e-02  -3.6531e-02  -1.0522e-03
   1.2435e+00   2.2151e+02   1.1093e-02  -3.5962e-02  -6.3057e-04
   1.2763e+00   2.2733e+02   1.1378e-02  -3.5320e-02  -2.0393e-04
   1.3090e+00   2.3316e+02   1.1247e-02  -3.4638e-02   1.9485e-04
   1.3417e+00   2.3899e+02   1.0745e-02  -3.3952e-02   5.2919e-04
   1.3744e+00   2.4482e+02   9.9776e-03  -3.3290e-02   7.6258e-04
   1.4072e+00   2.5065e+02   9.0525e-03  -3.2678e-02   8.6218e-04
   1.4399e+00   2.5648e+02   8.0529e-03  -3.2141e-02   8.0445e-04
   1.4726e+00   2.6231e+02   7.0371e-03  -3.1710e-02   5.8232e-04
   1.5053e+00   2.6814e+02   6.0567e-03  -3.1412e-02   2.1322e-04
   1.5381e+00   2.7397e+02   5.1723e-03  -3.1249e-02  -2.6105e-04
   1.5708e+00   2.7980e+02   4.4531e-03  -3.1204e-02  -7.8864e-04
   1.6035e+00   2.8563e+02   3.9516e-03  -3.1241e-02  -1.3241e-03
   1.6362e+00   2.9145e+02   3.6722e-03  -3.1326e-02  -1.8363e-03
   1.6690e+00   2.9728e+02   3.5692e-03  -3.1436e-02  -2.3110e-03
   1.7017e+00   3.0311e+02   3.5758e-03  -3.1568e-02  -2.7549e-03
   1.7344e+00   3.0894e+02   3.6383e-03  -3.1741e-02  -3.1921e-03
   1.7671e+00   3.1477e+02   3.7370e-03  -3.1997e-02  -3.6489e-03
   1.7999e+00   3.2060e+02   3.8775e-03  -3.2379e-02  -4.1319e-03
   1.8326e+00   3.2643e+02   4.0626e-03  -3.2915e-02  -4.6187e-03
   1.8653e+00   3.3226e+02   4.2748e-03  -3.3603e-02  -5.0656e-03
   1.8980e+00   3.3809e+02   4.4854e-03  -3.4402e-02  -5.4216e-03
   1.9308e+00   3.4392e+02   4.6644e-03  -3.5245e-02  -5.6442e-03
   1.9635e+00   3.4975e+02   4.7767e-03  -3.6050e-02  -5.7157e-03
   1.9962e+00   3.5557e+02   4.7793e-03  -3.6740e-02  -5.6491e-03
   2.0289e+00   3.6140e+02   4.6346e-03  -3.7264e-02  -5.4874e-03
   2.0617e+00   3.6723e+02   4.3299e-03  -3.7603e-02  -5.2920e-03
   2.0944e+00   3.7306e+02   3.8854e-03  -3.7769e-02  -5.1186e-03
   2.1271e+00   3.7889e+02   3.3465e-03  -3.7798e-02  -4.9951e-03
   2.1598e+00   3.8472e+02   2.7646e-03  -3.7749e-02  -4.9181e-03
   2.1926e+00   3.9055e+02   2.1741e-03  -3.7684e-02  -4.8660e-03
   2.2253e+00   3.9638e+02   1.5827e-03  -3.7645e-02  -4.8168e-03
   2.2580e+00   4.0221e+02   9.8163e-04  -3.7645e-02  -4.7608e-03
   2.2907e+00   4.0804e+02   3.6623e-04  -3.7663e-02  -4.7077e-03
   2.3235e+00   4.1387e+02  -2.5130e-04  -3.7659e-02  -4.6827e-03
   2.3562e+00   4.1969e+02  -8.4708e-04  -3.7599e-02  -4.7130e-03
   2.3889e+00   4.2552e+02  -1.4018e-03  -3.7482e-02  -4.8105e-03
   2.4216e+00   4.3135e+02  -1.9095e-03  -3.7331e-02  -4.9663e-03
   2.4544e+00   4.3718e+02  -2.3800e-03  -3.7180e-02  -5.1627e-03
   2.4871e+00   4.4301e+02  -2.8390e-03  -3.7051e-02  -5.3869e-03
   2.5198e+00   4.4884e+02  -3.3168e-03  -3.6955e-02  -5.6357e-03
   2.5525e+00   4.5467e+02  -3.8311e-03  -3.6899e-02  -5.9019e-03
   2.5853e+00   4.6050e+02  -4.3769e-03  -3.6897e-02  -6.1595e-03
   2.6180e+00   4.6633e+02  -4.9289e-03  -3.6969e-02  -6.3678e-03
   2.6507e+00   4.7216e+02  -5.4516e-03  -3.7135e-02  -6.4854e-03
   2.6834e+00   4.7799e+02  -5.9165e-03  -3.7430e-02  -6.4746e-03
   2.7162e+00   4.8381e+02  -6.3134e-03  -3.7891e-02  -6.3022e-03
   2.7489e+00   4.8964e+02  -6.6489e-03  -3.8556e-02  -5.9514e-03
   2.7816e+00   4.9547e+02  -6.9393e-03  -3.9446e-02  -5.4371e-03
   2.8143e+00   5.0130e+02  -7.2030e-03  -4.0559e-02  -4.8084e-03
   2.8471e+00   5.0713e+02  -7.4488e-03  -4.1870e-02  -4.1378e-03
   2.8798e+00   5.1296e+02  -7.6654e-03  -4.3344e-02  -3.5050e-03
   2.9125e+00   5.1879e+02  -7.8165e-03  -4.4959e-02  -2.9813e-03
   2.9452e+00   5.2462e+02  -7.8463e-03  -4.6706e-02  -2.6229e-03
   2.9780e+00   5.3045e+02  -7.7002e-03  -4.8594e-02  -2.4669e-03
   3.0107e+00   5.3628e+02  -7.3430e-03  -5.0638e-02  -2.5248e-03
   3.0434e+00   5.4211e+02  -6.7724e-03  -5.2845e-02  -2.7782e-03
   3.0761e+00   5.4793e+02  -6.0233e-03  -5.5205e-02  -3.1831e-03
   3.1089e+00   5.5376e+02  -5.1564e-03  -5.7682e-02  -3.6780e-03
   3.1416e+00   5.5959e+02  -4.2376e-03  -6.0220e-02  -4.1981e-03
   3.1743e+00   5.6542e+02  -3.3226e-03  -6.2745e-02  -4.6911e-03
   3.2070e+00   5.7125e+02  -2.4511e-03  -6.5167e-02  -5.1267e-03
   3.2398e+00   5.7708e+02  -1.6426e-03  -6.7385e-02  -5.4962e-03
   3.2725e+00   5.8291e+02  -8.8724e-04  -6.9289e-02  -5.8090e-03
   3.3052e+00   5.8874e+02  -1.4049e-04  -7.0776e-02  -6.0860e-03
   3.3379e+00   5.9457e+02   6.6767e-04  -7.1778e-02  -6.3535e-03
   3.3707e+00   6.0040e+02   1.6084e-03  -7.2277e-02  -6.6333e-03
   3.4034e+00   6.0623e+02   2.7257e-03  -7.2297e-02  -6.9325e-03
   3.4361e+00   6.1205e+02   4.0110e-03  -7.1894e-02  -7.2379e-03
   3.4688e+00   6.1788e+02   5.3948e-03  -7.1124e-02  -7.5160e-03
   3.5016e+00   6.2371e+02   6.7707e-03  -7.0028e-02  -7.7190e-03
   3.5343e+00   6.2954e+02   8.0361e-03  -6.8624e-02  -7.7944e-03
   3.5670e+00   6.3537e+02   9.1154e-03  -6.6904e-02  -7.6961e-03
   3.5997e+00   6.4120e+02   9.9633e-03  -6.4851e-02  -7.3970e-03
   3.6325e+00   6.4703e+02   1.0561e-02  -6.2452e-02  -6.8956e-03
   3.6652e+00   6.5286e+02   1.0906e-02  -5.9700e-02  -6.2115e-03
   3.6979e+00   6.5869e+02   1.1006e-02  -5.6585e-02  -5.3827e-03
   3.7306e+00   6.6452e+02   1.0885e-02  -5.3091e-02  -4.4628e-03
   3.7634e+00   6.7035e+02   1.0595e-02  -4.9192e-02  -3.5112e-03
   3.7961e+00   6.7617e+02   1.0216e-02  -4.4858e-02  -2.5845e-03
   3.8288e+00   6.8200e+02   9.8394e-03  -4.0067e-02  -1.7251e-03
   3.8615e+00   6.8783e+02   9.5257e-03  -3.4808e-02  -9.5635e-04
   3.8943e+00   6.9366e+02   9.2628e-03  -2.9069e-02  -2.8227e-04
   3.9270e+00   6.9949e+02   8.9769e-03  -2.2858e-02   3.0667e-04
   3.9597e+00   7.0532e+02   8.5852e-03  -1.6233e-02   8.2909e-04
   3.9924e+00   7.1115e+02   8.0444e-03  -9.3248e-03   1.3048e-03
   4.0252e+00   7.1698e+02   7.3654e-03  -2.3598e-03   1.7373e-03
   4.0579e+00   7.2281e+02   6.5817e-03   4.3236e-03   2.0973e-03
   4.0906e+00   7.2864e+02   5.6989e-03   1.0294e-02   2.3293e-03
   4.1233e+00   7.3447e+02   4.6705e-03   1.5083e-02   2.3858e-03
   4.1561e+00   7.4029e+02   3.4148e-03   1.8241e-02   2.2757e-03
