# The data in this file was extracted from a direct numerical
# simulation of fully developed plane turbulent channel
# flow. Particulars are listed below. Note that some of the statistical
# quantities provided in this data set should be zero due to
# (statistical) symmetries in the flow. These quantities are reported
# here none-the-less as an indicator of the quality of the statistics.
# more statistics from this data set are available at 
# http://www.tam.uiuc.edu/Faculty/Moser/channel 
#
# Authors: Moser, Kim & Mansour
# Reference: DNS of Turbulent Channel Flow up to Re_tau=590, 1999,
#            Physics of Fluids, vol 11, 943-945.
# Numerical Method: Kim, Moin & Moser, 1987, J. Fluid Mech. vol 177, 133-166 
# Re_tau = 178.12
# Normalization: U_tau, h 
# Description: Spanwise (z) Two-point cross correlations of velocity and pressure at indicated y-location 
# Filename: chan180/correlations/chan180.zccorr.30 
# Date File Created: Mar 01, 2000 
#
#---End of Header---
# 
# nz = 128,  Re = 178.12,  y = 0.16853,  y+ =  30.02
#      dz           dz+         R_uv         R_up         R_vp
#
   0.0000e+00   0.0000e+00  -7.2308e-01   4.9627e-01  -5.4453e-02
   3.2725e-02   5.8291e+00  -6.7305e-01   5.0218e-01  -5.1139e-02
   6.5450e-02   1.1658e+01  -5.2914e-01   5.0608e-01  -4.4367e-02
   9.8175e-02   1.7487e+01  -3.3046e-01   4.8371e-01  -3.3607e-02
   1.3090e-01   2.3316e+01  -1.2854e-01   4.2918e-01  -1.9747e-02
   1.6362e-01   2.9145e+01   4.0910e-02   3.5135e-01  -5.3375e-03
   1.9635e-01   3.4975e+01   1.6372e-01   2.6463e-01   7.2624e-03
   2.2907e-01   4.0804e+01   2.4038e-01   1.8063e-01   1.6590e-02
   2.6180e-01   4.6633e+01   2.7846e-01   1.0698e-01   2.2206e-02
   2.9452e-01   5.2462e+01   2.8748e-01   4.7486e-02   2.4633e-02
   3.2725e-01   5.8291e+01   2.7605e-01   3.1514e-03   2.4990e-02
   3.5997e-01   6.4120e+01   2.5147e-01  -2.7797e-02   2.4119e-02
   3.9270e-01   6.9949e+01   2.1952e-01  -4.8220e-02   2.2531e-02
   4.2542e-01   7.5778e+01   1.8487e-01  -6.0772e-02   2.0225e-02
   4.5815e-01   8.1607e+01   1.5052e-01  -6.6609e-02   1.6981e-02
   4.9087e-01   8.7436e+01   1.1809e-01  -6.6105e-02   1.2666e-02
   5.2360e-01   9.3265e+01   8.8145e-02  -5.9530e-02   7.6265e-03
   5.5632e-01   9.9095e+01   6.1309e-02  -4.8151e-02   2.5074e-03
   5.8905e-01   1.0492e+02   3.8383e-02  -3.4362e-02  -2.0052e-03
   6.2177e-01   1.1075e+02   2.0164e-02  -2.0848e-02  -5.4509e-03
   6.5450e-01   1.1658e+02   6.7721e-03  -9.5438e-03  -7.7114e-03
   6.8722e-01   1.2241e+02  -2.2308e-03  -1.2673e-03  -9.1051e-03
   7.1995e-01   1.2824e+02  -7.7342e-03   4.7514e-03  -9.8535e-03
   7.5267e-01   1.3407e+02  -1.0580e-02   9.4960e-03  -9.9443e-03
   7.8540e-01   1.3990e+02  -1.1809e-02   1.3528e-02  -9.5051e-03
   8.1812e-01   1.4573e+02  -1.2253e-02   1.6744e-02  -8.8025e-03
   8.5085e-01   1.5156e+02  -1.2834e-02   1.9478e-02  -8.1145e-03
   8.8357e-01   1.5739e+02  -1.4096e-02   2.1987e-02  -7.5401e-03
   9.1630e-01   1.6321e+02  -1.6081e-02   2.4484e-02  -7.0125e-03
   9.4902e-01   1.6904e+02  -1.8220e-02   2.6499e-02  -6.4085e-03
   9.8175e-01   1.7487e+02  -1.9852e-02   2.7871e-02  -5.6392e-03
   1.0145e+00   1.8070e+02  -2.0296e-02   2.9362e-02  -4.8250e-03
   1.0472e+00   1.8653e+02  -1.9352e-02   3.1490e-02  -4.4909e-03
   1.0799e+00   1.9236e+02  -1.7025e-02   3.4056e-02  -5.1945e-03
   1.1126e+00   1.9819e+02  -1.3425e-02   3.6482e-02  -6.8381e-03
   1.1454e+00   2.0402e+02  -8.4485e-03   3.7493e-02  -8.9061e-03
   1.1781e+00   2.0985e+02  -2.5293e-03   3.5739e-02  -1.0665e-02
   1.2108e+00   2.1568e+02   3.3677e-03   3.0676e-02  -1.1440e-02
   1.2435e+00   2.2151e+02   8.1968e-03   2.2676e-02  -1.0784e-02
   1.2763e+00   2.2733e+02   1.1587e-02   1.2779e-02  -8.7750e-03
   1.3090e+00   2.3316e+02   1.3443e-02   2.9498e-03  -5.8093e-03
   1.3417e+00   2.3899e+02   1.4095e-02  -4.6721e-03  -2.3928e-03
   1.3744e+00   2.4482e+02   1.4187e-02  -8.0850e-03   7.8179e-04
   1.4072e+00   2.5065e+02   1.4414e-02  -6.7933e-03   2.5615e-03
   1.4399e+00   2.5648e+02   1.5079e-02  -1.8145e-03   2.1233e-03
   1.4726e+00   2.6231e+02   1.6537e-02   5.3378e-03  -4.0634e-04
   1.5053e+00   2.6814e+02   1.8812e-02   1.3453e-02  -3.8262e-03
   1.5381e+00   2.7397e+02   2.1449e-02   2.1172e-02  -6.7230e-03
   1.5708e+00   2.7980e+02   2.3288e-02   2.6946e-02  -8.3362e-03
   1.6035e+00   2.8563e+02   2.3393e-02   3.0080e-02  -8.6413e-03
   1.6362e+00   2.9145e+02   2.1332e-02   3.1190e-02  -7.7437e-03
   1.6690e+00   2.9728e+02   1.7446e-02   3.1600e-02  -5.9614e-03
   1.7017e+00   3.0311e+02   1.2471e-02   3.2189e-02  -3.8529e-03
   1.7344e+00   3.0894e+02   7.4855e-03   3.2363e-02  -1.8226e-03
   1.7671e+00   3.1477e+02   3.3294e-03   3.0835e-02  -9.1258e-05
   1.7999e+00   3.2060e+02   2.8954e-04   2.7400e-02   1.0998e-03
   1.8326e+00   3.2643e+02  -2.3282e-03   2.3519e-02   1.5296e-03
   1.8653e+00   3.3226e+02  -5.3528e-03   2.0874e-02   1.0040e-03
   1.8980e+00   3.3809e+02  -9.3858e-03   2.0348e-02  -3.9601e-04
   1.9308e+00   3.4392e+02  -1.4415e-02   2.2252e-02  -2.1702e-03
   1.9635e+00   3.4975e+02  -1.9767e-02   2.6369e-02  -3.7376e-03
   1.9962e+00   3.5557e+02  -2.4226e-02   3.2101e-02  -4.8523e-03
   2.0289e+00   3.6140e+02  -2.7103e-02   3.8794e-02  -5.6040e-03
   2.0617e+00   3.6723e+02  -2.8251e-02   4.5919e-02  -6.2887e-03
   2.0944e+00   3.7306e+02  -2.8011e-02   5.2670e-02  -7.2356e-03
   2.1271e+00   3.7889e+02  -2.6531e-02   5.8203e-02  -8.5727e-03
   2.1598e+00   3.8472e+02  -2.3780e-02   6.1425e-02  -1.0284e-02
   2.1926e+00   3.9055e+02  -1.9654e-02   6.1091e-02  -1.2023e-02
   2.2253e+00   3.9638e+02  -1.4521e-02   5.6694e-02  -1.3052e-02
   2.2580e+00   4.0221e+02  -9.0209e-03   4.8792e-02  -1.2899e-02
   2.2907e+00   4.0804e+02  -3.6705e-03   3.9369e-02  -1.1588e-02
   2.3235e+00   4.1387e+02   1.5664e-03   3.0646e-02  -9.5479e-03
   2.3562e+00   4.1969e+02   6.7582e-03   2.4152e-02  -7.3033e-03
   2.3889e+00   4.2552e+02   1.1901e-02   1.9743e-02  -5.5278e-03
   2.4216e+00   4.3135e+02   1.6581e-02   1.6705e-02  -4.6456e-03
   2.4544e+00   4.3718e+02   2.0345e-02   1.3899e-02  -4.5847e-03
   2.4871e+00   4.4301e+02   2.2892e-02   1.0060e-02  -4.7336e-03
   2.5198e+00   4.4884e+02   2.4542e-02   4.0909e-03  -4.4560e-03
   2.5525e+00   4.5467e+02   2.5554e-02  -3.3154e-03  -3.3447e-03
   2.5853e+00   4.6050e+02   2.5642e-02  -1.0141e-02  -1.7626e-03
   2.6180e+00   4.6633e+02   2.3980e-02  -1.4037e-02  -4.7545e-04
   2.6507e+00   4.7216e+02   2.0052e-02  -1.3453e-02  -6.5175e-05
   2.6834e+00   4.7799e+02   1.3947e-02  -8.7785e-03  -9.1813e-04
   2.7162e+00   4.8381e+02   6.5770e-03  -1.8933e-03  -2.8150e-03
   2.7489e+00   4.8964e+02  -9.5345e-04   5.2832e-03  -5.0403e-03
   2.7816e+00   4.9547e+02  -7.2516e-03   1.2036e-02  -6.8517e-03
   2.8143e+00   5.0130e+02  -1.1416e-02   1.8468e-02  -7.8829e-03
   2.8471e+00   5.0713e+02  -1.3250e-02   2.4464e-02  -8.0909e-03
   2.8798e+00   5.1296e+02  -1.3345e-02   2.9880e-02  -7.7183e-03
   2.9125e+00   5.1879e+02  -1.2331e-02   3.4488e-02  -7.1542e-03
   2.9452e+00   5.2462e+02  -1.0829e-02   3.8428e-02  -6.6389e-03
   2.9780e+00   5.3045e+02  -9.2893e-03   4.1780e-02  -6.2080e-03
   3.0107e+00   5.3628e+02  -7.8192e-03   4.4989e-02  -5.7233e-03
   3.0434e+00   5.4211e+02  -6.1260e-03   4.8507e-02  -5.3023e-03
   3.0761e+00   5.4793e+02  -3.8686e-03   5.2537e-02  -5.0281e-03
   3.1089e+00   5.5376e+02  -5.5615e-04   5.6946e-02  -4.8508e-03
   3.1416e+00   5.5959e+02   3.6914e-03   6.1468e-02  -4.7004e-03
   3.1743e+00   5.6542e+02   8.0538e-03   6.5093e-02  -4.8295e-03
   3.2070e+00   5.7125e+02   1.1534e-02   6.6600e-02  -5.6055e-03
   3.2398e+00   5.7708e+02   1.3909e-02   6.5078e-02  -7.0761e-03
   3.2725e+00   5.8291e+02   1.4888e-02   6.0496e-02  -9.0401e-03
   3.3052e+00   5.8874e+02   1.4133e-02   5.3655e-02  -1.1163e-02
   3.3379e+00   5.9457e+02   1.1506e-02   4.6017e-02  -1.3286e-02
   3.3707e+00   6.0040e+02   7.4058e-03   3.9006e-02  -1.5162e-02
   3.4034e+00   6.0623e+02   2.7200e-03   3.3168e-02  -1.6521e-02
   3.4361e+00   6.1205e+02  -1.2635e-03   2.8642e-02  -1.7138e-02
   3.4688e+00   6.1788e+02  -3.4040e-03   2.4812e-02  -1.7176e-02
   3.5016e+00   6.2371e+02  -2.5610e-03   2.1434e-02  -1.6930e-02
   3.5343e+00   6.2954e+02   2.1753e-03   1.8176e-02  -1.6613e-02
   3.5670e+00   6.3537e+02   1.1981e-02   1.4834e-02  -1.5854e-02
   3.5997e+00   6.4120e+02   2.7825e-02   1.0429e-02  -1.4267e-02
   3.6325e+00   6.4703e+02   5.0200e-02   4.4729e-03  -1.1605e-02
   3.6652e+00   6.5286e+02   7.8551e-02  -2.7705e-03  -7.9697e-03
   3.6979e+00   6.5869e+02   1.1175e-01  -1.0067e-02  -3.8072e-03
   3.7306e+00   6.6452e+02   1.4837e-01  -1.5502e-02   5.0268e-04
   3.7634e+00   6.7035e+02   1.8697e-01  -1.6361e-02   5.1160e-03
   3.7961e+00   6.7617e+02   2.2563e-01  -9.7664e-03   1.0059e-02
   3.8288e+00   6.8200e+02   2.6164e-01   7.0547e-03   1.4848e-02
   3.8615e+00   6.8783e+02   2.9036e-01   3.6294e-02   1.8587e-02
   3.8943e+00   6.9366e+02   3.0523e-01   7.9948e-02   2.0236e-02
   3.9270e+00   6.9949e+02   2.9788e-01   1.3891e-01   1.8595e-02
   3.9597e+00   7.0532e+02   2.5897e-01   2.1223e-01   1.2814e-02
   3.9924e+00   7.1115e+02   1.7907e-01   2.9486e-01   2.7740e-03
   4.0252e+00   7.1698e+02   5.1696e-02   3.7767e-01  -1.0398e-02
   4.0579e+00   7.2281e+02  -1.2182e-01   4.4829e-01  -2.4776e-02
   4.0906e+00   7.2864e+02  -3.2621e-01   4.9545e-01  -3.8098e-02
   4.1233e+00   7.3447e+02  -5.2627e-01   5.1214e-01  -4.8269e-02
   4.1561e+00   7.4029e+02  -6.7138e-01   5.0490e-01  -5.3784e-02
