# The data in this file was extracted from a direct numerical
# simulation of fully developed plane turbulent channel
# flow. Particulars are listed below. Note that some of the statistical
# quantities provided in this data set should be zero due to
# (statistical) symmetries in the flow. These quantities are reported
# here none-the-less as an indicator of the quality of the statistics.
# more statistics from this data set are available at 
# http://www.tam.uiuc.edu/Faculty/Moser/channel 
#
# Authors: Moser, Kim & Mansour
# Reference: DNS of Turbulent Channel Flow up to Re_tau=590, 1999,
#            Physics of Fluids, vol 11, 943-945.
# Numerical Method: Kim, Moin & Moser, 1987, J. Fluid Mech. vol 177, 133-166 
# Re_tau = 178.12
# Normalization: U_tau, h 
# Description: Spanwise (z) Two-point cross correlations of velocity and pressure at indicated y-location 
# Filename: chan180/correlations/chan180.zccorr.98 
# Date File Created: Mar 01, 2000 
#
#---End of Header---
# 
# nz = 128,  Re = 178.12,  y = 0.55039,  y+ =  98.04
#      dz           dz+         R_uv         R_up         R_vp
#
   0.0000e+00   0.0000e+00  -4.2015e-01   3.8549e-01  -6.5174e-02
   3.2725e-02   5.8291e+00  -4.0890e-01   3.8139e-01  -6.4017e-02
   6.5450e-02   1.1658e+01  -3.7554e-01   3.7015e-01  -6.4827e-02
   9.8175e-02   1.7487e+01  -3.2565e-01   3.5287e-01  -6.6182e-02
   1.3090e-01   2.3316e+01  -2.6641e-01   3.3082e-01  -6.6812e-02
   1.6362e-01   2.9145e+01  -2.0437e-01   3.0529e-01  -6.6026e-02
   1.9635e-01   3.4975e+01  -1.4443e-01   2.7745e-01  -6.3645e-02
   2.2907e-01   4.0804e+01  -8.9767e-02   2.4834e-01  -5.9820e-02
   2.6180e-01   4.6633e+01  -4.2149e-02   2.1886e-01  -5.4918e-02
   2.9452e-01   5.2462e+01  -2.3111e-03   1.8983e-01  -4.9377e-02
   3.2725e-01   5.8291e+01   2.9735e-02   1.6194e-01  -4.3546e-02
   3.5997e-01   6.4120e+01   5.4456e-02   1.3574e-01  -3.7645e-02
   3.9270e-01   6.9949e+01   7.2631e-02   1.1153e-01  -3.1834e-02
   4.2542e-01   7.5778e+01   8.5185e-02   8.9440e-02  -2.6232e-02
   4.5815e-01   8.1607e+01   9.3035e-02   6.9469e-02  -2.0929e-02
   4.9087e-01   8.7436e+01   9.6998e-02   5.1574e-02  -1.5995e-02
   5.2360e-01   9.3265e+01   9.7773e-02   3.5684e-02  -1.1503e-02
   5.5632e-01   9.9095e+01   9.5999e-02   2.1693e-02  -7.5367e-03
   5.8905e-01   1.0492e+02   9.2273e-02   9.4858e-03  -4.1569e-03
   6.2177e-01   1.1075e+02   8.7122e-02  -1.0376e-03  -1.3687e-03
   6.5450e-01   1.1658e+02   8.1000e-02  -9.9395e-03   8.8350e-04
   6.8722e-01   1.2241e+02   7.4325e-02  -1.7266e-02   2.6811e-03
   7.1995e-01   1.2824e+02   6.7478e-02  -2.3069e-02   4.0965e-03
   7.5267e-01   1.3407e+02   6.0784e-02  -2.7418e-02   5.1697e-03
   7.8540e-01   1.3990e+02   5.4490e-02  -3.0396e-02   5.8957e-03
   8.1812e-01   1.4573e+02   4.8735e-02  -3.2106e-02   6.2550e-03
   8.5085e-01   1.5156e+02   4.3536e-02  -3.2695e-02   6.2456e-03
   8.8357e-01   1.5739e+02   3.8854e-02  -3.2348e-02   5.9323e-03
   9.1630e-01   1.6321e+02   3.4650e-02  -3.1270e-02   5.4639e-03
   9.4902e-01   1.6904e+02   3.0889e-02  -2.9674e-02   5.0247e-03
   9.8175e-01   1.7487e+02   2.7530e-02  -2.7779e-02   4.7427e-03
   1.0145e+00   1.8070e+02   2.4547e-02  -2.5767e-02   4.6678e-03
   1.0472e+00   1.8653e+02   2.1926e-02  -2.3776e-02   4.8040e-03
   1.0799e+00   1.9236e+02   1.9655e-02  -2.1905e-02   5.1450e-03
   1.1126e+00   1.9819e+02   1.7752e-02  -2.0208e-02   5.6450e-03
   1.1454e+00   2.0402e+02   1.6266e-02  -1.8680e-02   6.1895e-03
   1.1781e+00   2.0985e+02   1.5259e-02  -1.7254e-02   6.6176e-03
   1.2108e+00   2.1568e+02   1.4801e-02  -1.5843e-02   6.7988e-03
   1.2435e+00   2.2151e+02   1.4956e-02  -1.4396e-02   6.6804e-03
   1.2763e+00   2.2733e+02   1.5726e-02  -1.2890e-02   6.3005e-03
   1.3090e+00   2.3316e+02   1.7011e-02  -1.1285e-02   5.7544e-03
   1.3417e+00   2.3899e+02   1.8608e-02  -9.5375e-03   5.1263e-03
   1.3744e+00   2.4482e+02   2.0249e-02  -7.6583e-03   4.4428e-03
   1.4072e+00   2.5065e+02   2.1701e-02  -5.7276e-03   3.6797e-03
   1.4399e+00   2.5648e+02   2.2835e-02  -3.8665e-03   2.7868e-03
   1.4726e+00   2.6231e+02   2.3611e-02  -2.1923e-03   1.7522e-03
   1.5053e+00   2.6814e+02   2.4043e-02  -7.8223e-04   6.4580e-04
   1.5381e+00   2.7397e+02   2.4166e-02   3.6457e-04  -4.2696e-04
   1.5708e+00   2.7980e+02   2.3991e-02   1.3612e-03  -1.3938e-03
   1.6035e+00   2.8563e+02   2.3519e-02   2.3868e-03  -2.2186e-03
   1.6362e+00   2.9145e+02   2.2761e-02   3.5546e-03  -2.8829e-03
   1.6690e+00   2.9728e+02   2.1762e-02   4.8366e-03  -3.3833e-03
   1.7017e+00   3.0311e+02   2.0590e-02   6.1326e-03  -3.7587e-03
   1.7344e+00   3.0894e+02   1.9298e-02   7.3610e-03  -4.0681e-03
   1.7671e+00   3.1477e+02   1.7878e-02   8.4937e-03  -4.3388e-03
   1.7999e+00   3.2060e+02   1.6268e-02   9.5597e-03  -4.5586e-03
   1.8326e+00   3.2643e+02   1.4400e-02   1.0618e-02  -4.6842e-03
   1.8653e+00   3.3226e+02   1.2236e-02   1.1719e-02  -4.6710e-03
   1.8980e+00   3.3809e+02   9.7846e-03   1.2884e-02  -4.4934e-03
   1.9308e+00   3.4392e+02   7.1024e-03   1.4107e-02  -4.1555e-03
   1.9635e+00   3.4975e+02   4.2541e-03   1.5352e-02  -3.6683e-03
   1.9962e+00   3.5557e+02   1.2826e-03   1.6535e-02  -3.0703e-03
   2.0289e+00   3.6140e+02  -1.7532e-03   1.7555e-02  -2.4588e-03
   2.0617e+00   3.6723e+02  -4.7093e-03   1.8330e-02  -1.9540e-03
   2.0944e+00   3.7306e+02  -7.3694e-03   1.8796e-02  -1.6266e-03
   2.1271e+00   3.7889e+02  -9.5243e-03   1.8880e-02  -1.4585e-03
   2.1598e+00   3.8472e+02  -1.1017e-02   1.8485e-02  -1.3682e-03
   2.1926e+00   3.9055e+02  -1.1731e-02   1.7520e-02  -1.2628e-03
   2.2253e+00   3.9638e+02  -1.1607e-02   1.5959e-02  -1.0660e-03
   2.2580e+00   4.0221e+02  -1.0697e-02   1.3878e-02  -7.1664e-04
   2.2907e+00   4.0804e+02  -9.1471e-03   1.1432e-02  -1.7407e-04
   2.3235e+00   4.1387e+02  -7.0844e-03   8.8062e-03   5.5577e-04
   2.3562e+00   4.1969e+02  -4.5628e-03   6.1477e-03   1.4162e-03
   2.3889e+00   4.2552e+02  -1.6351e-03   3.5067e-03   2.3024e-03
   2.4216e+00   4.3135e+02   1.5831e-03   8.3522e-04   3.0903e-03
   2.4544e+00   4.3718e+02   4.9260e-03  -1.9385e-03   3.6752e-03
   2.4871e+00   4.4301e+02   8.2436e-03  -4.8342e-03   3.9750e-03
   2.5198e+00   4.4884e+02   1.1463e-02  -7.8215e-03   3.9192e-03
   2.5525e+00   4.5467e+02   1.4558e-02  -1.0839e-02   3.4761e-03
   2.5853e+00   4.6050e+02   1.7499e-02  -1.3804e-02   2.7161e-03
   2.6180e+00   4.6633e+02   2.0229e-02  -1.6677e-02   1.8102e-03
   2.6507e+00   4.7216e+02   2.2689e-02  -1.9496e-02   9.3349e-04
   2.6834e+00   4.7799e+02   2.4823e-02  -2.2336e-02   1.7715e-04
   2.7162e+00   4.8381e+02   2.6595e-02  -2.5260e-02  -4.7546e-04
   2.7489e+00   4.8964e+02   2.8001e-02  -2.8259e-02  -1.0966e-03
   2.7816e+00   4.9547e+02   2.9100e-02  -3.1287e-02  -1.7270e-03
   2.8143e+00   5.0130e+02   2.9989e-02  -3.4303e-02  -2.3588e-03
   2.8471e+00   5.0713e+02   3.0729e-02  -3.7283e-02  -2.9652e-03
   2.8798e+00   5.1296e+02   3.1322e-02  -4.0205e-02  -3.5193e-03
   2.9125e+00   5.1879e+02   3.1751e-02  -4.3074e-02  -3.9838e-03
   2.9452e+00   5.2462e+02   3.2008e-02  -4.5920e-02  -4.3160e-03
   2.9780e+00   5.3045e+02   3.2108e-02  -4.8735e-02  -4.5104e-03
   3.0107e+00   5.3628e+02   3.2116e-02  -5.1427e-02  -4.6422e-03
   3.0434e+00   5.4211e+02   3.2178e-02  -5.3826e-02  -4.8359e-03
   3.0761e+00   5.4793e+02   3.2475e-02  -5.5720e-02  -5.1891e-03
   3.1089e+00   5.5376e+02   3.3174e-02  -5.6929e-02  -5.7342e-03
   3.1416e+00   5.5959e+02   3.4400e-02  -5.7399e-02  -6.4682e-03
   3.1743e+00   5.6542e+02   3.6204e-02  -5.7202e-02  -7.3639e-03
   3.2070e+00   5.7125e+02   3.8546e-02  -5.6431e-02  -8.3655e-03
   3.2398e+00   5.7708e+02   4.1353e-02  -5.5114e-02  -9.4079e-03
   3.2725e+00   5.8291e+02   4.4572e-02  -5.3231e-02  -1.0438e-02
   3.3052e+00   5.8874e+02   4.8173e-02  -5.0755e-02  -1.1392e-02
   3.3379e+00   5.9457e+02   5.2123e-02  -4.7670e-02  -1.2198e-02
   3.3707e+00   6.0040e+02   5.6369e-02  -4.3989e-02  -1.2828e-02
   3.4034e+00   6.0623e+02   6.0853e-02  -3.9750e-02  -1.3336e-02
   3.4361e+00   6.1205e+02   6.5518e-02  -3.4965e-02  -1.3825e-02
   3.4688e+00   6.1788e+02   7.0255e-02  -2.9566e-02  -1.4409e-02
   3.5016e+00   6.2371e+02   7.4890e-02  -2.3420e-02  -1.5215e-02
   3.5343e+00   6.2954e+02   7.9198e-02  -1.6381e-02  -1.6379e-02
   3.5670e+00   6.3537e+02   8.2934e-02  -8.3133e-03  -1.8001e-02
   3.5997e+00   6.4120e+02   8.5835e-02   9.1679e-04  -2.0108e-02
   3.6325e+00   6.4703e+02   8.7590e-02   1.1491e-02  -2.2670e-02
   3.6652e+00   6.5286e+02   8.7758e-02   2.3653e-02  -2.5643e-02
   3.6979e+00   6.5869e+02   8.5746e-02   3.7697e-02  -2.9013e-02
   3.7306e+00   6.6452e+02   8.0865e-02   5.3953e-02  -3.2784e-02
   3.7634e+00   6.7035e+02   7.2390e-02   7.2735e-02  -3.6992e-02
   3.7961e+00   6.7617e+02   5.9572e-02   9.4260e-02  -4.1694e-02
   3.8288e+00   6.8200e+02   4.1612e-02   1.1861e-01  -4.6933e-02
   3.8615e+00   6.8783e+02   1.7699e-02   1.4566e-01  -5.2663e-02
   3.8943e+00   6.9366e+02  -1.2899e-02   1.7508e-01  -5.8731e-02
   3.9270e+00   6.9949e+02  -5.0750e-02   2.0627e-01  -6.4849e-02
   3.9597e+00   7.0532e+02  -9.6053e-02   2.3840e-01  -7.0561e-02
   3.9924e+00   7.1115e+02  -1.4831e-01   2.7042e-01  -7.5262e-02
   4.0252e+00   7.1698e+02  -2.0595e-01   3.0105e-01  -7.8281e-02
   4.0579e+00   7.2281e+02  -2.6603e-01   3.2888e-01  -7.9031e-02
   4.0906e+00   7.2864e+02  -3.2396e-01   3.5251e-01  -7.7259e-02
   4.1233e+00   7.3447e+02  -3.7350e-01   3.7057e-01  -7.3379e-02
   4.1561e+00   7.4029e+02  -4.0752e-01   3.8183e-01  -6.8715e-02
