# The data in this file was extracted from a direct numerical
# simulation of fully developed plane turbulent channel
# flow. Particulars are listed below. Note that some of the statistical
# quantities provided in this data set should be zero due to
# (statistical) symmetries in the flow. These quantities are reported
# here none-the-less as an indicator of the quality of the statistics.
# more statistics from this data set are available at 
# http://www.tam.uiuc.edu/Faculty/Moser/channel 
#
# Authors: Moser, Kim & Mansour
# Reference: DNS of Turbulent Channel Flow up to Re_tau=590, 1999,
#            Physics of Fluids, vol 11, 943-945.
# Numerical Method: Kim, Moin & Moser, 1987, J. Fluid Mech. vol 177, 133-166 
# Re_tau = 178.12
# Normalization: U_tau, h 
# Description: Spanwise (z) Two-point cross correlations of velocity and pressure at indicated y-location 
# Filename: chan180/correlations/chan180.zccorr.40 
# Date File Created: Mar 01, 2000 
#
#---End of Header---
# 
# nz = 128,  Re = 178.12,  y = 0.22699,  y+ =  40.43
#      dz           dz+         R_uv         R_up         R_vp
#
   0.0000e+00   0.0000e+00  -7.0437e-01   5.7257e-01  -5.2217e-02
   3.2725e-02   5.8291e+00  -6.6378e-01   5.6912e-01  -5.2262e-02
   6.5450e-02   1.1658e+01  -5.4731e-01   5.5289e-01  -5.4383e-02
   9.8175e-02   1.7487e+01  -3.8232e-01   5.1451e-01  -5.3411e-02
   1.3090e-01   2.3316e+01  -2.0677e-01   4.5424e-01  -4.6750e-02
   1.6362e-01   2.9145e+01  -4.9535e-02   3.7962e-01  -3.5348e-02
   1.9635e-01   3.4975e+01   7.5008e-02   3.0017e-01  -2.1571e-02
   2.2907e-01   4.0804e+01   1.6362e-01   2.2347e-01  -7.8067e-03
   2.6180e-01   4.6633e+01   2.1938e-01   1.5458e-01   4.0239e-03
   2.9452e-01   5.2462e+01   2.4798e-01   9.6025e-02   1.2848e-02
   3.2725e-01   5.8291e+01   2.5549e-01   4.8695e-02   1.8454e-02
   3.5997e-01   6.4120e+01   2.4762e-01   1.2412e-02   2.1338e-02
   3.9270e-01   6.9949e+01   2.2941e-01  -1.3655e-02   2.2224e-02
   4.2542e-01   7.5778e+01   2.0519e-01  -3.0742e-02   2.1655e-02
   4.5815e-01   8.1607e+01   1.7796e-01  -4.0235e-02   1.9956e-02
   4.9087e-01   8.7436e+01   1.4981e-01  -4.3556e-02   1.7284e-02
   5.2360e-01   9.3265e+01   1.2191e-01  -4.2154e-02   1.3691e-02
   5.5632e-01   9.9095e+01   9.5127e-02  -3.7280e-02   9.2971e-03
   5.8905e-01   1.0492e+02   7.0523e-02  -3.0267e-02   4.6063e-03
   6.2177e-01   1.1075e+02   4.9483e-02  -2.2515e-02   2.7146e-04
   6.5450e-01   1.1658e+02   3.2783e-02  -1.5169e-02  -3.1714e-03
   6.8722e-01   1.2241e+02   2.0365e-02  -8.7385e-03  -5.4653e-03
   7.1995e-01   1.2824e+02   1.1596e-02  -3.3450e-03  -6.6446e-03
   7.5267e-01   1.3407e+02   5.7964e-03   1.1931e-03  -7.0803e-03
   7.8540e-01   1.3990e+02   2.0880e-03   5.2699e-03  -7.1726e-03
   8.1812e-01   1.4573e+02  -1.9310e-04   9.4631e-03  -7.1548e-03
   8.5085e-01   1.5156e+02  -1.5555e-03   1.4092e-02  -7.0773e-03
   8.8357e-01   1.5739e+02  -2.3578e-03   1.8702e-02  -6.9920e-03
   9.1630e-01   1.6321e+02  -2.9585e-03   2.2554e-02  -6.9488e-03
   9.4902e-01   1.6904e+02  -3.5004e-03   2.5020e-02  -6.8387e-03
   9.8175e-01   1.7487e+02  -4.2946e-03   2.5765e-02  -6.5657e-03
   1.0145e+00   1.8070e+02  -5.3843e-03   2.4729e-02  -6.1789e-03
   1.0472e+00   1.8653e+02  -6.2773e-03   2.2451e-02  -5.7546e-03
   1.0799e+00   1.9236e+02  -6.1068e-03   1.9575e-02  -5.4637e-03
   1.1126e+00   1.9819e+02  -4.5176e-03   1.6775e-02  -5.2983e-03
   1.1454e+00   2.0402e+02  -1.7974e-03   1.4145e-02  -5.1187e-03
   1.1781e+00   2.0985e+02   1.2054e-03   1.1357e-02  -4.7695e-03
   1.2108e+00   2.1568e+02   3.7773e-03   8.2302e-03  -4.1499e-03
   1.2435e+00   2.2151e+02   5.5272e-03   4.9177e-03  -2.9960e-03
   1.2763e+00   2.2733e+02   6.6035e-03   1.7971e-03  -1.1541e-03
   1.3090e+00   2.3316e+02   7.3552e-03  -5.5402e-04   1.1778e-03
   1.3417e+00   2.3899e+02   8.1367e-03  -1.7553e-03   3.5196e-03
   1.3744e+00   2.4482e+02   9.0336e-03  -1.5384e-03   5.2758e-03
   1.4072e+00   2.5065e+02   1.0252e-02   3.7723e-04   5.8895e-03
   1.4399e+00   2.5648e+02   1.2127e-02   3.9438e-03   4.9553e-03
   1.4726e+00   2.6231e+02   1.4990e-02   8.6705e-03   2.6968e-03
   1.5053e+00   2.6814e+02   1.8887e-02   1.3752e-02  -1.9383e-04
   1.5381e+00   2.7397e+02   2.3332e-02   1.8540e-02  -2.9098e-03
   1.5708e+00   2.7980e+02   2.6969e-02   2.2596e-02  -4.8210e-03
   1.6035e+00   2.8563e+02   2.8588e-02   2.5713e-02  -5.6606e-03
   1.6362e+00   2.9145e+02   2.7779e-02   2.7904e-02  -5.5721e-03
   1.6690e+00   2.9728e+02   2.4861e-02   2.9660e-02  -4.8961e-03
   1.7017e+00   3.0311e+02   2.0345e-02   3.1318e-02  -3.9208e-03
   1.7344e+00   3.0894e+02   1.4932e-02   3.2664e-02  -2.8898e-03
   1.7671e+00   3.1477e+02   9.2252e-03   3.3245e-02  -2.1132e-03
   1.7999e+00   3.2060e+02   3.6303e-03   3.3241e-02  -1.8832e-03
   1.8326e+00   3.2643e+02  -1.6661e-03   3.3462e-02  -2.4220e-03
   1.8653e+00   3.3226e+02  -6.6289e-03   3.4692e-02  -3.8599e-03
   1.8980e+00   3.3809e+02  -1.1445e-02   3.7072e-02  -6.0555e-03
   1.9308e+00   3.4392e+02  -1.6228e-02   4.0043e-02  -8.4430e-03
   1.9635e+00   3.4975e+02  -2.0943e-02   4.3295e-02  -1.0325e-02
   1.9962e+00   3.5557e+02  -2.5274e-02   4.6765e-02  -1.1299e-02
   2.0289e+00   3.6140e+02  -2.8951e-02   5.0249e-02  -1.1505e-02
   2.0617e+00   3.6723e+02  -3.1601e-02   5.3310e-02  -1.1403e-02
   2.0944e+00   3.7306e+02  -3.2873e-02   5.5311e-02  -1.1449e-02
   2.1271e+00   3.7889e+02  -3.2571e-02   5.5795e-02  -1.1783e-02
   2.1598e+00   3.8472e+02  -3.0878e-02   5.4354e-02  -1.2129e-02
   2.1926e+00   3.9055e+02  -2.7967e-02   5.0822e-02  -1.1986e-02
   2.2253e+00   3.9638e+02  -2.4031e-02   4.5245e-02  -1.0966e-02
   2.2580e+00   4.0221e+02  -1.9236e-02   3.8064e-02  -8.9134e-03
   2.2907e+00   4.0804e+02  -1.3791e-02   2.9870e-02  -6.1897e-03
   2.3235e+00   4.1387e+02  -7.8262e-03   2.1416e-02  -3.5208e-03
   2.3562e+00   4.1969e+02  -1.6330e-03   1.3659e-02  -1.5576e-03
   2.3889e+00   4.2552e+02   4.5503e-03   7.7932e-03  -4.0616e-04
   2.4216e+00   4.3135e+02   1.0413e-02   4.5495e-03   1.8337e-04
   2.4544e+00   4.3718e+02   1.5524e-02   3.4902e-03   5.1074e-04
   2.4871e+00   4.4301e+02   1.9248e-02   3.2159e-03   6.9755e-04
   2.5198e+00   4.4884e+02   2.1340e-02   2.6054e-03   8.1067e-04
   2.5525e+00   4.5467e+02   2.1747e-02   1.4102e-03   8.5253e-04
   2.5853e+00   4.6050e+02   2.0573e-02   1.4788e-04   5.5180e-04
   2.6180e+00   4.6633e+02   1.8097e-02  -3.5462e-04  -4.4072e-04
   2.6507e+00   4.7216e+02   1.4909e-02   5.0952e-04  -2.1590e-03
   2.6834e+00   4.7799e+02   1.1398e-02   2.8356e-03  -4.3206e-03
   2.7162e+00   4.8381e+02   7.7673e-03   6.1276e-03  -6.5178e-03
   2.7489e+00   4.8964e+02   4.1704e-03   9.5085e-03  -8.3942e-03
   2.7816e+00   4.9547e+02   1.0645e-03   1.2303e-02  -9.6128e-03
   2.8143e+00   5.0130e+02  -1.1696e-03   1.4510e-02  -1.0059e-02
   2.8471e+00   5.0713e+02  -2.4044e-03   1.6505e-02  -9.9635e-03
   2.8798e+00   5.1296e+02  -2.7836e-03   1.8750e-02  -9.7308e-03
   2.9125e+00   5.1879e+02  -2.4460e-03   2.1425e-02  -9.7139e-03
   2.9452e+00   5.2462e+02  -1.8179e-03   2.4224e-02  -9.9582e-03
   2.9780e+00   5.3045e+02  -1.0612e-03   2.7002e-02  -1.0156e-02
   3.0107e+00   5.3628e+02   6.7427e-06   2.9840e-02  -9.9633e-03
   3.0434e+00   5.4211e+02   1.8109e-03   3.2561e-02  -9.4395e-03
   3.0761e+00   5.4793e+02   4.5460e-03   3.5002e-02  -8.8172e-03
   3.1089e+00   5.5376e+02   8.1292e-03   3.6723e-02  -8.2916e-03
   3.1416e+00   5.5959e+02   1.2039e-02   3.7143e-02  -7.9386e-03
   3.1743e+00   5.6542e+02   1.5641e-02   3.5879e-02  -7.8382e-03
   3.2070e+00   5.7125e+02   1.8441e-02   3.2630e-02  -8.1492e-03
   3.2398e+00   5.7708e+02   2.0425e-02   2.7218e-02  -9.0796e-03
   3.2725e+00   5.8291e+02   2.1662e-02   2.0335e-02  -1.0671e-02
   3.3052e+00   5.8874e+02   2.2128e-02   1.3468e-02  -1.2742e-02
   3.3379e+00   5.9457e+02   2.1700e-02   7.9237e-03  -1.5109e-02
   3.3707e+00   6.0040e+02   2.0776e-02   4.2992e-03  -1.7533e-02
   3.4034e+00   6.0623e+02   1.9979e-02   2.3364e-03  -1.9606e-02
   3.4361e+00   6.1205e+02   2.0207e-02   1.0075e-03  -2.1006e-02
   3.4688e+00   6.1788e+02   2.2444e-02  -5.6789e-04  -2.1543e-02
   3.5016e+00   6.2371e+02   2.7698e-02  -2.6433e-03  -2.1255e-02
   3.5343e+00   6.2954e+02   3.6716e-02  -4.9706e-03  -2.0158e-02
   3.5670e+00   6.3537e+02   5.0050e-02  -7.6365e-03  -1.8176e-02
   3.5997e+00   6.4120e+02   6.7791e-02  -1.0679e-02  -1.5157e-02
   3.6325e+00   6.4703e+02   8.9685e-02  -1.3820e-02  -1.0989e-02
   3.6652e+00   6.5286e+02   1.1517e-01  -1.6630e-02  -5.8820e-03
   3.6979e+00   6.5869e+02   1.4358e-01  -1.8188e-02  -2.9549e-04
   3.7306e+00   6.6452e+02   1.7385e-01  -1.6785e-02   5.2339e-03
   3.7634e+00   6.7035e+02   2.0445e-01  -1.0324e-02   1.0308e-02
   3.7961e+00   6.7617e+02   2.3296e-01   3.1660e-03   1.4581e-02
   3.8288e+00   6.8200e+02   2.5583e-01   2.5780e-02   1.7469e-02
   3.8615e+00   6.8783e+02   2.6814e-01   5.9691e-02   1.7929e-02
   3.8943e+00   6.9366e+02   2.6418e-01   1.0647e-01   1.4781e-02
   3.9270e+00   6.9949e+02   2.3749e-01   1.6617e-01   7.2147e-03
   3.9597e+00   7.0532e+02   1.8143e-01   2.3686e-01  -4.8181e-03
   3.9924e+00   7.1115e+02   9.0139e-02   3.1465e-01  -2.0132e-02
   4.0252e+00   7.1698e+02  -3.8845e-02   3.9343e-01  -3.6325e-02
   4.0579e+00   7.2281e+02  -2.0079e-01   4.6512e-01  -5.0179e-02
   4.0906e+00   7.2864e+02  -3.7984e-01   5.2139e-01  -5.8573e-02
   4.1233e+00   7.3447e+02  -5.4656e-01   5.5638e-01  -5.9933e-02
   4.1561e+00   7.4029e+02  -6.6359e-01   5.7049e-01  -5.6093e-02
