# File balancuv.200 
# Terms appearing in the balance of shear stress
# 
#      y            u*duvdx        v*duvdy      convection     diffusion        production   press_strain
  -0.214670E+01   0.146522E-06   0.000000E+00   0.146522E-06   0.265275E-04  -0.595267E-06  -0.260788E-04
  -0.203776E+01  -0.973288E-07   0.388877E-08  -0.934400E-07   0.551135E-04  -0.116161E-06  -0.549039E-04
  -0.192883E+01   0.127604E-06   0.134484E-07   0.141052E-06   0.405483E-04   0.644527E-06  -0.413339E-04
  -0.181990E+01   0.243525E-06   0.659945E-08   0.250124E-06  -0.105060E-04   0.739262E-06   0.951662E-05
  -0.171097E+01   0.115639E-05  -0.255242E-07   0.113087E-05  -0.597391E-04   0.357474E-06   0.582508E-04
  -0.160203E+01  -0.130751E-06  -0.580949E-07  -0.188845E-06  -0.644987E-04  -0.646531E-07   0.647522E-04
  -0.149310E+01   0.145823E-05  -0.495279E-07   0.140870E-05  -0.130946E-04  -0.402533E-06   0.120885E-04
  -0.138417E+01   0.129116E-05   0.450332E-07   0.133619E-05   0.594320E-04  -0.103099E-06  -0.606651E-04
  -0.127524E+01   0.663851E-06   0.192478E-06   0.856328E-06   0.916560E-04   0.897863E-06  -0.934102E-04
  -0.116630E+01  -0.269404E-06   0.209779E-06  -0.596253E-07   0.432080E-04   0.182298E-05  -0.449713E-04
  -0.105737E+01  -0.927139E-06  -0.106343E-07  -0.937774E-06  -0.626445E-04   0.177183E-05   0.618104E-04
  -0.948439E+00  -0.247685E-05  -0.236828E-06  -0.271368E-05  -0.135880E-03  -0.401823E-05   0.142612E-03
  -0.839506E+00  -0.106566E-04  -0.215623E-06  -0.108722E-04  -0.680566E-04  -0.278350E-04   0.106764E-03
  -0.730574E+00  -0.371952E-04   0.194601E-06  -0.370006E-04   0.191144E-03  -0.566401E-04  -0.975037E-04
  -0.621641E+00  -0.119606E-03   0.267544E-05  -0.116930E-03   0.576934E-03  -0.136476E-04  -0.446356E-03
  -0.512709E+00  -0.255130E-03   0.122428E-04  -0.242887E-03   0.915081E-03   0.314256E-03  -0.986450E-03
  -0.403776E+00  -0.378715E-03   0.341460E-04  -0.344569E-03   0.998827E-03   0.103895E-02  -0.169321E-02
  -0.294844E+00  -0.374688E-03   0.654326E-04  -0.309255E-03   0.700990E-03   0.260956E-02  -0.300130E-02
  -0.185911E+00  -0.264319E-03   0.903613E-04  -0.173958E-03   0.585188E-04   0.471057E-02  -0.459513E-02
  -0.769789E-01  -0.108277E-03   0.888310E-04  -0.194464E-04  -0.723190E-03   0.673671E-02  -0.599407E-02
   0.319535E-01   0.535070E-04   0.529498E-04   0.106457E-03  -0.135579E-02   0.812596E-02  -0.687663E-02
   0.140886E+00  -0.151347E-04  -0.450528E-05  -0.196400E-04  -0.160144E-02   0.831909E-02  -0.669802E-02
   0.249818E+00  -0.155319E-03  -0.587714E-04  -0.214091E-03  -0.138378E-02   0.769811E-02  -0.610024E-02
   0.358751E+00  -0.287089E-03  -0.903046E-04  -0.377394E-03  -0.817594E-03   0.696087E-02  -0.576588E-02
   0.467683E+00  -0.435987E-03  -0.949341E-04  -0.530921E-03  -0.143962E-03   0.541213E-02  -0.473725E-02
   0.576616E+00  -0.559654E-03  -0.810622E-04  -0.640716E-03   0.390367E-03   0.386777E-02  -0.361742E-02
   0.685548E+00  -0.460675E-03  -0.604179E-04  -0.521093E-03   0.642806E-03   0.231383E-02  -0.243554E-02
   0.794481E+00  -0.415153E-03  -0.412141E-04  -0.456367E-03   0.618698E-03   0.136597E-02  -0.152831E-02
   0.903413E+00  -0.243045E-03  -0.266920E-04  -0.269737E-03   0.435293E-03   0.674324E-03  -0.839880E-03
   0.101235E+01  -0.169822E-03  -0.168533E-04  -0.186676E-03   0.237464E-03   0.329146E-03  -0.379935E-03
   0.112128E+01  -0.932711E-04  -0.105259E-04  -0.103797E-03   0.118750E-03   0.171586E-03  -0.186538E-03
   0.123021E+01  -0.107214E-03  -0.656149E-05  -0.113775E-03   0.897442E-04   0.104552E-03  -0.805211E-04
   0.133914E+01  -0.438874E-04  -0.419912E-05  -0.480866E-04   0.101367E-03   0.499846E-04  -0.103265E-03
   0.144808E+01  -0.382885E-04  -0.296739E-05  -0.412559E-04   0.969161E-04   0.286215E-04  -0.842817E-04
   0.155701E+01  -0.302576E-04  -0.245824E-05  -0.327158E-04   0.544128E-04   0.150671E-04  -0.367641E-04
   0.166594E+01  -0.230522E-04  -0.220787E-05  -0.252601E-04  -0.568848E-05   0.289288E-05   0.280557E-04
   0.177487E+01  -0.164335E-04  -0.178362E-05  -0.182171E-04  -0.451459E-04  -0.278547E-05   0.661485E-04
   0.188381E+01  -0.578699E-05  -0.100278E-05  -0.678977E-05  -0.414420E-04  -0.285611E-05   0.510878E-04
   0.199274E+01  -0.474381E-05  -0.651135E-07  -0.480892E-05  -0.452817E-05  -0.544746E-06   0.988184E-05
   0.210167E+01  -0.595905E-05   0.590158E-06  -0.536889E-05   0.330807E-04   0.189796E-05  -0.296098E-04
   0.221060E+01  -0.373915E-05   0.641866E-06  -0.309729E-05   0.422715E-04   0.335426E-05  -0.425284E-04
