# File balancek.800 
# Terms appearing in the balance of k
#       y       remainder     dissipation      dissipation
#               of balance   by difference     filtered
    -1.28099    4.48279E-05    4.11460E-05    5.97937E-06
    -1.21537    1.71707E-05    1.88634E-05   -3.20375E-05
    -1.14975   -1.21755E-05   -7.38739E-06   -3.70993E-05
    -1.08413   -4.05852E-06   -3.23717E-06    1.10063E-05
    -1.01851    6.06445E-05    4.96769E-05    9.74021E-05
   -0.952894    1.57636E-04    1.31336E-04    1.74358E-04
   -0.887275    2.22480E-04    1.83293E-04    1.84320E-04
   -0.821655    1.82665E-04    1.34319E-04    8.85173E-05
   -0.756035    7.94361E-07   -6.21718E-05   -1.18759E-04
   -0.690415   -2.98621E-04   -4.02344E-04   -4.20344E-04
   -0.624795   -6.60173E-04   -8.57436E-04   -8.02882E-04
   -0.559175   -9.73026E-04   -1.33906E-03   -1.27835E-03
   -0.493555   -1.26087E-03   -1.87913E-03   -1.88026E-03
   -0.427935   -1.69498E-03   -2.63791E-03   -2.63132E-03
   -0.362315   -2.16537E-03   -3.47778E-03   -3.50164E-03
   -0.296696   -2.47042E-03   -4.16129E-03   -4.38754E-03
   -0.231076   -3.21696E-03   -5.26115E-03   -5.13287E-03
   -0.165456   -3.47026E-03   -5.81701E-03   -5.58910E-03
    -9.98360E-02   -3.07721E-03   -5.66008E-03   -5.68455E-03
    -3.42161E-02   -2.50596E-03   -5.24990E-03   -5.46297E-03
     3.14038E-02   -2.21903E-03   -5.04359E-03   -5.06591E-03
     9.70237E-02   -1.92460E-03   -4.74556E-03   -4.66476E-03
    0.162644   -1.71863E-03   -4.45097E-03   -4.37770E-03
    0.228263   -1.63336E-03   -4.19706E-03   -4.21650E-03
    0.293883   -1.75730E-03   -4.08491E-03   -4.09137E-03
    0.359503   -1.70540E-03   -3.74841E-03   -3.86910E-03
    0.425123   -1.83719E-03   -3.56886E-03   -3.45035E-03
    0.490743   -1.42773E-03   -2.84182E-03   -2.82314E-03
    0.556363   -9.25203E-04   -2.03244E-03   -2.06643E-03
    0.621983   -4.18444E-04   -1.24305E-03   -1.30721E-03
    0.687603   -1.24933E-04   -7.02448E-04   -6.60280E-04
    0.753222    1.64818E-04   -2.10793E-04   -1.85017E-04
    0.818842    3.29746E-04    1.04256E-04    1.21180E-04
    0.884462    4.44418E-04    3.16426E-04    2.97720E-04
    0.950082    4.82771E-04    4.06508E-04    3.86198E-04
     1.01570    4.76539E-04    4.19951E-04    4.09534E-04
     1.08132    4.23230E-04    3.70852E-04    3.74143E-04
     1.14694    3.24358E-04    2.74731E-04    2.86831E-04
     1.21256    1.96802E-04    1.55710E-04    1.69149E-04
     1.27818    7.36048E-05    4.65766E-05    5.65295E-05
     1.34380   -9.75853E-06   -2.21434E-05   -1.72368E-05
