# File balancek.200 
# Terms appearing in the balance of k
#       y       remainder     dissipation      dissipation
#               of balance   by difference     filtered
    -2.14670   -1.96754E-05   -1.34903E-05   -1.60157E-06
    -2.03776   -3.73150E-05   -3.60394E-05    8.67989E-06
    -1.92883   -2.28421E-05   -2.93821E-05    6.42104E-06
    -1.81990    1.58399E-05    4.67657E-06   -4.66120E-06
    -1.71097    4.86191E-05    4.05026E-05   -1.28208E-05
    -1.60203    4.56613E-05    4.70654E-05   -8.22564E-06
    -1.49310    3.63385E-06    1.40875E-05    8.08786E-06
    -1.38417   -4.59435E-05   -3.48828E-05    2.41187E-05
    -1.27524   -5.62764E-05   -5.54320E-05    2.68605E-05
    -1.16630   -3.40284E-06   -1.69689E-05    1.47230E-05
    -1.05737    8.47950E-05    6.46533E-05    7.65934E-07
   -0.948439    1.34482E-04    1.22967E-04   -9.05126E-08
   -0.839506    7.15122E-05    7.55297E-05    4.90187E-06
   -0.730574   -1.15001E-04   -1.16819E-04   -3.32703E-05
   -0.621641   -3.28479E-04   -3.98381E-04   -2.02978E-04
   -0.512709   -4.67161E-04   -7.03153E-04   -6.00226E-04
   -0.403776   -5.85919E-04   -1.09642E-03   -1.27785E-03
   -0.294844   -1.08857E-03   -1.95485E-03   -2.20029E-03
   -0.185911   -1.95281E-03   -3.19472E-03   -3.23022E-03
    -7.69789E-02   -2.82857E-03   -4.38883E-03   -4.15967E-03
     3.19535E-02   -3.34925E-03   -5.10395E-03   -4.77615E-03
    0.140886   -2.95242E-03   -4.74355E-03   -4.93577E-03
    0.249818   -2.61218E-03   -4.28865E-03   -4.61115E-03
    0.358751   -2.52633E-03   -3.97774E-03   -3.89432E-03
    0.467683   -1.88479E-03   -3.05695E-03   -2.95661E-03
    0.576616   -1.15400E-03   -2.04477E-03   -1.98682E-03
    0.685548   -4.72668E-04   -1.11492E-03   -1.13545E-03
    0.794481   -6.23913E-05   -5.04231E-04   -4.85491E-04
    0.903413    2.77785E-04   -1.23635E-05   -5.36309E-05
     1.01235    4.01084E-04    2.20088E-04    1.88422E-04
     1.12128    4.12818E-04    3.05808E-04    2.88421E-04
     1.23021    3.39733E-04    2.78353E-04    2.95512E-04
     1.33914    2.56469E-04    2.19351E-04    2.52258E-04
     1.44808    1.90082E-04    1.63673E-04    1.92538E-04
     1.55701    1.60232E-04    1.38668E-04    1.40098E-04
     1.66594    1.52192E-04    1.35082E-04    1.06214E-04
     1.77487    1.36356E-04    1.25083E-04    8.89759E-05
     1.88381    9.65597E-05    9.10651E-05    7.72476E-05
     1.99274    4.07667E-05    3.85712E-05    5.90745E-05
     2.10167   -6.97301E-06   -9.30192E-06    3.02271E-05
     2.21060   -2.48944E-05   -2.93369E-05   -2.61321E-06
