# File balancuv.800 
# Terms appearing in the balance of shear stress
# 
#      y            u*duvdx        v*duvdy      convection     diffusion        production   press_strain
  -0.128099E+01  -0.114156E-05   0.000000E+00  -0.114156E-05  -0.235524E-04   0.117278E-05   0.235211E-04
  -0.121537E+01  -0.870710E-06  -0.427180E-08  -0.874982E-06  -0.149206E-04   0.199021E-05   0.138054E-04
  -0.114975E+01  -0.157980E-05  -0.334084E-08  -0.158314E-05   0.745872E-05   0.263190E-05  -0.850748E-05
  -0.108413E+01  -0.487372E-05   0.522272E-08  -0.486850E-05   0.253391E-04   0.275997E-05  -0.232305E-04
  -0.101851E+01  -0.899820E-05   0.232449E-07  -0.897496E-05   0.208691E-04   0.271669E-05  -0.146109E-04
  -0.952894E+00  -0.192849E-04   0.529276E-07  -0.192319E-04  -0.371497E-05   0.158972E-05   0.213572E-04
  -0.887275E+00  -0.369149E-04   0.907726E-07  -0.368242E-04  -0.136115E-04   0.106923E-05   0.493664E-04
  -0.821655E+00  -0.689580E-04   0.216271E-06  -0.687417E-04   0.524032E-04   0.724760E-05   0.909094E-05
  -0.756035E+00  -0.116080E-03   0.834597E-06  -0.115246E-03   0.255424E-03   0.399033E-04  -0.180082E-03
  -0.690415E+00  -0.186297E-03   0.297480E-05  -0.183323E-03   0.620141E-03   0.145436E-03  -0.582254E-03
  -0.624795E+00  -0.274234E-03   0.841917E-05  -0.265815E-03   0.110732E-02   0.370157E-03  -0.121166E-02
  -0.559175E+00  -0.375470E-03   0.193157E-04  -0.356154E-03   0.161139E-02   0.711946E-03  -0.196718E-02
  -0.493555E+00  -0.525099E-03   0.370245E-04  -0.488075E-03   0.198788E-02   0.145270E-02  -0.295250E-02
  -0.427935E+00  -0.568969E-03   0.606817E-04  -0.508287E-03   0.210032E-02   0.279576E-02  -0.438779E-02
  -0.362315E+00  -0.711834E-03   0.867451E-04  -0.625089E-03   0.186658E-02   0.446203E-02  -0.570352E-02
  -0.296696E+00  -0.660742E-03   0.110223E-03  -0.550520E-03   0.128494E-02   0.639913E-02  -0.713355E-02
  -0.231076E+00  -0.589882E-03   0.126562E-03  -0.463321E-03   0.431132E-03   0.889758E-02  -0.886539E-02
  -0.165456E+00  -0.425978E-03   0.132479E-03  -0.293499E-03  -0.568185E-03   0.106179E-01  -0.975625E-02
  -0.998360E-01  -0.407252E-03   0.125447E-03  -0.281805E-03  -0.157044E-02   0.128204E-01  -0.109681E-01
  -0.342161E-01  -0.278369E-03   0.103309E-03  -0.175060E-03  -0.244500E-02   0.137147E-01  -0.110947E-01
   0.314038E-01  -0.326881E-03   0.654139E-04  -0.261467E-03  -0.308672E-02   0.148363E-01  -0.114881E-01
   0.970237E-01  -0.186004E-03   0.148532E-04  -0.171151E-03  -0.341843E-02   0.149993E-01  -0.114098E-01
   0.162644E+00  -0.253243E-03  -0.402587E-04  -0.293501E-03  -0.339208E-02   0.148861E-01  -0.112005E-01
   0.228263E+00  -0.544723E-03  -0.885296E-04  -0.633253E-03  -0.299595E-02   0.145105E-01  -0.108813E-01
   0.293883E+00  -0.589928E-03  -0.119926E-03  -0.709854E-03  -0.226724E-02   0.130673E-01  -0.100902E-01
   0.359503E+00  -0.590227E-03  -0.130387E-03  -0.720614E-03  -0.130120E-02   0.113811E-01  -0.935931E-02
   0.425123E+00  -0.685073E-03  -0.122990E-03  -0.808063E-03  -0.245308E-03   0.930426E-02  -0.825089E-02
   0.490743E+00  -0.101829E-02  -0.105044E-03  -0.112333E-02   0.726977E-03   0.693402E-02  -0.653766E-02
   0.556363E+00  -0.127658E-02  -0.837846E-04  -0.136036E-02   0.145790E-02   0.488244E-02  -0.497997E-02
   0.621983E+00  -0.954557E-03  -0.637383E-04  -0.101830E-02   0.184778E-02   0.307190E-02  -0.390139E-02
   0.687603E+00  -0.812668E-03  -0.465987E-04  -0.859267E-03   0.188109E-02   0.200531E-02  -0.302713E-02
   0.753222E+00  -0.854469E-03  -0.324831E-04  -0.886953E-03   0.162512E-02   0.112954E-02  -0.186770E-02
   0.818842E+00  -0.544459E-03  -0.211559E-04  -0.565615E-03   0.120215E-02   0.689542E-03  -0.132608E-02
   0.884462E+00  -0.413124E-03  -0.125364E-04  -0.425661E-03   0.746872E-03   0.314687E-03  -0.635898E-03
   0.950082E+00  -0.297915E-03  -0.657931E-05  -0.304495E-03   0.365996E-03   0.166204E-03  -0.227705E-03
   0.101570E+01  -0.140699E-03  -0.301712E-05  -0.143716E-03   0.114422E-03   0.778182E-04  -0.485244E-04
   0.108132E+01  -0.991906E-04  -0.131914E-05  -0.100510E-03  -0.653142E-05   0.374359E-04   0.696053E-04
   0.114694E+01  -0.561680E-04  -0.815646E-06  -0.569836E-04  -0.327449E-04   0.177375E-04   0.719910E-04
   0.121256E+01  -0.280455E-04  -0.821711E-06  -0.288672E-04  -0.130052E-04   0.964332E-05   0.322291E-04
   0.127818E+01  -0.177548E-04  -0.780766E-06  -0.185355E-04   0.122290E-04   0.619015E-05   0.116332E-06
   0.134380E+01  -0.803607E-05  -0.449073E-06  -0.848514E-05   0.219606E-04   0.461344E-05  -0.180889E-04
