#  File convk.800
#  Terms appearing in k convection
# 
#      y          u* dk/dx      v *dk/dy      convection
    -1.28099   -6.87556E-06   -1.50509E-06   -8.38064E-06
    -1.21537    3.21329E-06   -2.84122E-06    3.72069E-07
    -1.14975   -1.57877E-06   -2.10632E-06   -3.68510E-06
    -1.08413   -3.45145E-05    4.43199E-07   -3.40713E-05
    -1.01851   -9.62685E-05    3.16011E-06   -9.31083E-05
   -0.952894   -1.74063E-04    4.06765E-06   -1.69995E-04
   -0.887275   -2.51402E-04    2.33861E-06   -2.49063E-04
   -0.821655   -3.22886E-04   -6.94098E-07   -3.23581E-04
   -0.756035   -4.03836E-04   -1.56558E-06   -4.05401E-04
   -0.690415   -5.26330E-04    4.34016E-06   -5.21990E-04
   -0.624795   -7.21297E-04    2.14519E-05   -6.99845E-04
   -0.559175   -9.95589E-04    5.29177E-05   -9.42672E-04
   -0.493555   -1.31758E-03    9.99182E-05   -1.21766E-03
   -0.427935   -1.62124E-03    1.61082E-04   -1.46016E-03
   -0.362315   -1.82882E-03    2.31672E-04   -1.59715E-03
   -0.296696   -1.88170E-03    3.02707E-04   -1.57899E-03
   -0.231076   -1.76454E-03    3.60887E-04   -1.40366E-03
   -0.165456   -1.51166E-03    3.90355E-04   -1.12131E-03
    -9.98360E-02   -1.19414E-03    3.76695E-04   -8.17448E-04
    -3.42161E-02   -8.95918E-04    3.12236E-04   -5.83681E-04
     3.14038E-02   -6.90661E-04    2.00493E-04   -4.90168E-04
     9.70237E-02   -6.27855E-04    5.73495E-05   -5.70506E-04
    0.162644   -7.29021E-04   -9.22805E-05   -8.21302E-04
    0.228263   -9.89242E-04   -2.21520E-04   -1.21076E-03
    0.293883   -1.37853E-03   -3.09622E-04   -1.68816E-03
    0.359503   -1.84200E-03   -3.47729E-04   -2.18973E-03
    0.425123   -2.30274E-03   -3.40011E-04   -2.64276E-03
    0.490743   -2.67293E-03   -3.00068E-04   -2.97300E-03
    0.556363   -2.87394E-03   -2.44674E-04   -3.11861E-03
    0.621983   -2.85985E-03   -1.87887E-04   -3.04773E-03
    0.687603   -2.63361E-03   -1.37920E-04   -2.77153E-03
    0.753222   -2.24678E-03   -9.73407E-05   -2.34412E-03
    0.818842   -1.78132E-03   -6.54712E-05   -1.84679E-03
    0.884462   -1.32111E-03   -4.09806E-05   -1.36209E-03
    0.950082   -9.26355E-04   -2.31988E-05   -9.49554E-04
     1.01570   -6.21652E-04   -1.18778E-05   -6.33530E-04
     1.08132   -4.01035E-04   -6.24290E-06   -4.07278E-04
     1.14694   -2.43843E-04   -4.46361E-06   -2.48307E-04
     1.21256   -1.30908E-04   -4.10388E-06   -1.35012E-04
     1.27818   -5.24834E-05   -3.22179E-06   -5.57052E-05
     1.34380   -6.08508E-06   -1.25713E-06   -7.34221E-06
