#  File convk.200
#  Terms appearing in k convection
# 
#      y          u* dk/dx      v *dk/dy      convection
    -2.14670    1.90157E-06   -5.62330E-06   -3.72173E-06
    -2.03776   -2.22426E-05   -3.18623E-06   -2.54288E-05
    -1.92883   -3.17143E-05    2.22876E-06   -2.94856E-05
    -1.81990   -1.73912E-05    6.43543E-06   -1.09558E-05
    -1.71097    1.15072E-05    5.69588E-06    1.72031E-05
    -1.60203    3.28689E-05   -9.02293E-08    3.27787E-05
    -1.49310    2.80625E-05   -6.72839E-06    2.13341E-05
    -1.38417   -2.83056E-06   -8.54184E-06   -1.13724E-05
    -1.27524   -3.96373E-05   -2.94135E-06   -4.25787E-05
    -1.16630   -5.79195E-05    6.68204E-06   -5.12375E-05
    -1.05737   -5.19777E-05    1.24959E-05   -3.94819E-05
   -0.948439   -4.74364E-05    8.01307E-06   -3.94234E-05
   -0.839506   -9.06731E-05   -5.40085E-06   -9.60739E-05
   -0.730574   -2.17789E-04   -1.61666E-05   -2.33956E-04
   -0.621641   -4.21886E-04   -7.17359E-06   -4.29059E-04
   -0.512709   -6.42422E-04    3.39845E-05   -6.08437E-04
   -0.403776   -7.89190E-04    1.04831E-04   -6.84360E-04
   -0.294844   -7.91728E-04    1.84506E-04   -6.07222E-04
   -0.185911   -6.46336E-04    2.40416E-04   -4.05920E-04
    -7.69789E-02   -4.30432E-04    2.42734E-04   -1.87697E-04
     3.19535E-02   -2.70886E-04    1.79526E-04   -9.13597E-05
    0.140886   -2.80112E-04    6.42387E-05   -2.15874E-04
    0.249818   -4.94391E-04   -6.89086E-05   -5.63299E-04
    0.358751   -8.49766E-04   -1.79597E-04   -1.02936E-03
    0.467683   -1.21046E-03   -2.38648E-04   -1.44911E-03
    0.576616   -1.43491E-03   -2.39105E-04   -1.67402E-03
    0.685548   -1.44327E-03   -1.96057E-04   -1.63933E-03
    0.794481   -1.25020E-03   -1.36403E-04   -1.38660E-03
    0.903413   -9.47658E-04   -8.48869E-05   -1.03254E-03
     1.01235   -6.51166E-04   -5.39666E-05   -7.05132E-04
     1.12128   -4.42106E-04   -4.19780E-05   -4.84084E-04
     1.23021   -3.37449E-04   -3.88540E-05   -3.76303E-04
     1.33914   -2.99094E-04   -3.46440E-05   -3.33738E-04
     1.44808   -2.70786E-04   -2.54113E-05   -2.96198E-04
     1.55701   -2.16424E-04   -1.37181E-05   -2.30142E-04
     1.66594   -1.36961E-04   -4.74919E-06   -1.41710E-04
     1.77487   -5.99303E-05   -1.62407E-06   -6.15544E-05
     1.88381   -1.36468E-05   -3.24382E-06   -1.68906E-05
     1.99274   -5.89147E-06   -5.66956E-06   -1.15610E-05
     2.10167   -2.06845E-05   -5.41456E-06   -2.60990E-05
     2.21060   -3.24577E-05   -1.94464E-06   -3.44023E-05
