# file derivl.800
# derivatives of mean quantities after filtering
# 
#      y          dudx          dudy         dvdx            dvdy 
    -1.21537    2.41151E-04    1.62354E-02    1.15121E-03   -2.41151E-04
    -1.14975    1.31192E-04    1.81762E-02    1.39644E-03   -1.31192E-04
    -1.08413    1.30113E-04    1.63902E-02    1.52156E-03   -1.30113E-04
    -1.01851    3.30632E-04    1.11452E-02    1.57829E-03   -3.30632E-04
   -0.952894    7.51907E-04    4.88133E-03    1.63323E-03   -7.51907E-04
   -0.887275    1.36096E-03    1.96060E-03    1.72459E-03   -1.36096E-03
   -0.821655    2.13952E-03    7.83839E-03    1.84235E-03   -2.13952E-03
   -0.756035    3.14215E-03    2.81369E-02    1.94243E-03   -3.14215E-03
   -0.690415    4.48996E-03    6.79318E-02    1.98310E-03   -4.48996E-03
   -0.624795    6.28578E-03   0.131125    1.95854E-03   -6.28578E-03
   -0.559175    8.49530E-03   0.219511    1.90733E-03   -8.49530E-03
   -0.493555    1.08736E-02   0.331358    1.89004E-03   -1.08736E-02
   -0.427935    1.29995E-02   0.460013    1.95061E-03   -1.29995E-02
   -0.362315    1.44169E-02   0.593614    2.08582E-03   -1.44169E-02
   -0.296696    1.48134E-02   0.716930    2.24270E-03   -1.48134E-02
   -0.231076    1.41333E-02   0.815410    2.34574E-03   -1.41333E-02
   -0.165456    1.25609E-02   0.880060    2.33753E-03   -1.25609E-02
    -9.98360E-02    1.03843E-02   0.910834    2.20778E-03   -1.03843E-02
    -3.42161E-02    7.82718E-03   0.916454    1.99269E-03   -7.82718E-03
     3.14038E-02    4.95931E-03   0.910226    1.74465E-03   -4.95931E-03
     9.70237E-02    1.74170E-03   0.903576    1.49100E-03   -1.74170E-03
    0.162644   -1.82256E-03   0.900476    1.20843E-03    1.82256E-03
    0.228263   -5.53734E-03   0.895728    8.31791E-04    5.53734E-03
    0.293883   -8.97355E-03   0.878054    2.96070E-04    8.97355E-03
    0.359503   -1.15861E-02   0.836400   -4.10405E-04    1.15861E-02
    0.425123   -1.29348E-02   0.766064   -1.21326E-03    1.29348E-02
    0.490743   -1.28873E-02   0.671429   -1.96345E-03    1.28873E-02
    0.556363   -1.16865E-02   0.564073   -2.49374E-03    1.16865E-02
    0.621983   -9.84049E-03   0.457602   -2.69552E-03    9.84049E-03
    0.687603   -7.89718E-03   0.362255   -2.57667E-03    7.89718E-03
    0.753222   -6.22552E-03   0.282120   -2.26709E-03    6.22552E-03
    0.818842   -4.91756E-03   0.215991   -1.96346E-03    4.91756E-03
    0.884462   -3.84748E-03   0.160646   -1.83676E-03    3.84748E-03
    0.950082   -2.83210E-03   0.114076   -1.94775E-03    2.83210E-03
     1.01570   -1.78580E-03    7.66409E-02   -2.21481E-03    1.78580E-03
     1.08132   -7.79585E-04    4.98021E-02   -2.45309E-03    7.79585E-04
     1.14694    1.70467E-05    3.37679E-02   -2.46743E-03   -1.70467E-05
     1.21256    4.58437E-04    2.60466E-02   -2.15241E-03   -4.58437E-04
     1.27818    5.23211E-04    2.20608E-02   -1.54789E-03   -5.23211E-04
