# file derivs.800
# derivatives of mean quantities before filtering
# 
#      y          dudx          dudy         dvdx            dvdy 
    -1.28099  0.  0.  0.  0.
    -1.21537    1.78349E-03    5.90384E-02    2.07149E-03   -1.78349E-03
    -1.14975   -4.33991E-04    1.48887E-02    1.90768E-03    4.33991E-04
    -1.08413   -2.65293E-04    8.36007E-04    1.43380E-03    2.65293E-04
    -1.01851    1.38224E-04   -2.12586E-02    1.21439E-03   -1.38224E-04
   -0.952894    4.29512E-04    1.21817E-02    1.01938E-03   -4.29512E-04
   -0.887275    1.93508E-03    3.75808E-02    1.90998E-03   -1.93508E-03
   -0.821655    2.99106E-03    2.42837E-02    2.14739E-03   -2.99106E-03
   -0.756035    2.61282E-03   -5.29471E-03    2.32127E-03   -2.61282E-03
   -0.690415    4.08271E-03    4.11641E-02    2.01801E-03   -4.08271E-03
   -0.624795    5.72203E-03   0.183883    1.65029E-03   -5.72203E-03
   -0.559175    7.89864E-03   0.195746    1.67002E-03   -7.89864E-03
   -0.493555    1.41252E-02   0.302835    1.50440E-03   -1.41252E-02
   -0.427935    1.12323E-02   0.501328    2.63238E-03   -1.12323E-02
   -0.362315    1.39075E-02   0.574458    2.26739E-03   -1.39075E-02
   -0.296696    1.42939E-02   0.752489    1.94604E-03   -1.42939E-02
   -0.231076    1.46216E-02   0.805995    2.24537E-03   -1.46216E-02
   -0.165456    1.34995E-02   0.854523    2.75849E-03   -1.34995E-02
    -9.98360E-02    1.04215E-02   0.826297    1.75164E-03   -1.04215E-02
    -3.42161E-02    6.83894E-03    1.00282    1.72258E-03   -6.83894E-03
     3.14038E-02    5.14908E-03    1.06372    2.14809E-03   -5.14908E-03
     9.70237E-02    1.88903E-03   0.692177    1.72191E-03   -1.88903E-03
    0.162644   -2.95095E-03   0.917263    1.12184E-03    2.95095E-03
    0.228263   -3.17909E-03   0.981597    3.76049E-04    3.17909E-03
    0.293883   -9.62417E-03   0.814355    9.95069E-04    9.62417E-03
    0.359503   -1.26353E-02   0.822674   -6.34670E-04    1.26353E-02
    0.425123   -1.28976E-02   0.854324   -2.10166E-03    1.28976E-02
    0.490743   -1.31562E-02   0.671158   -1.17603E-03    1.31562E-02
    0.556363   -1.01117E-02   0.425410   -2.70367E-03    1.01117E-02
    0.621983   -1.03272E-02   0.572070   -1.69094E-03    1.03272E-02
    0.687603   -8.01900E-03   0.370354   -3.60738E-03    8.01900E-03
    0.753222   -7.55308E-03   0.180976   -2.41660E-03    7.55308E-03
    0.818842   -3.83671E-03   0.285636   -1.69540E-03    3.83671E-03
    0.884462   -3.67546E-03   0.209281   -1.67132E-03    3.67546E-03
    0.950082   -2.68119E-03    7.69932E-02   -2.51418E-03    2.68119E-03
     1.01570   -1.55610E-03    2.42845E-02   -1.52925E-03    1.55610E-03
     1.08132   -2.45007E-03    7.24540E-02   -2.20317E-03    2.45007E-03
     1.14694    1.19940E-03    5.18324E-02   -2.70538E-03   -1.19940E-03
     1.21256    6.39838E-04    2.52397E-02   -2.86515E-03   -6.39838E-04
     1.27818    5.00849E-04    3.96515E-02   -1.69235E-03   -5.00849E-04
     1.34380  0.  0.  0.  0.
