# file derivl.200
# derivatives of mean quantities after filtering
# 
#      y          dudx          dudy         dvdx            dvdy 
    -2.03776    1.21982E-04   -3.66147E-03    6.73104E-04   -1.21982E-04
    -1.92883    2.56441E-04    1.28171E-02    9.75893E-04   -2.56441E-04
    -1.81990    2.80549E-04    1.92360E-02    1.16286E-03   -2.80549E-04
    -1.71097    2.53948E-04    1.22233E-02    1.20167E-03   -2.53948E-04
    -1.60203    2.90775E-04   -1.25865E-03    1.12334E-03   -2.90775E-04
    -1.49310    4.52061E-04   -8.96290E-03    1.00187E-03   -4.52061E-04
    -1.38417    6.62443E-04   -3.06364E-03    9.13238E-04   -6.62443E-04
    -1.27524    7.29042E-04    1.25489E-02    8.97413E-04   -7.29042E-04
    -1.16630    4.77018E-04    2.34419E-02    9.44141E-04   -4.77018E-04
    -1.05737   -6.94139E-05    1.47567E-02    1.00851E-03    6.94139E-05
   -0.948439   -5.82319E-04   -1.57777E-02    1.04480E-03    5.82319E-04
   -0.839506   -4.98908E-04   -5.08706E-02    1.03745E-03    4.98908E-04
   -0.730574    7.32443E-04   -5.85984E-02    1.01130E-03   -7.32443E-04
   -0.621641    3.33593E-03   -7.73547E-03    1.01661E-03   -3.33593E-03
   -0.512709    6.98862E-03   0.114938    1.09915E-03   -6.98862E-03
   -0.403776    1.08324E-02   0.295616    1.27298E-03   -1.08324E-02
   -0.294844    1.37414E-02   0.498319    1.50990E-03   -1.37414E-02
   -0.185911    1.47383E-02   0.680914    1.74883E-03   -1.47383E-02
    -7.69789E-02    1.33723E-02   0.812953    1.91745E-03   -1.33723E-02
     3.19535E-02    9.89188E-03   0.885330    1.95456E-03   -9.89188E-03
    0.140886    5.14029E-03   0.907282    1.82478E-03   -5.14029E-03
    0.249818    2.37041E-04   0.894369    1.52417E-03   -2.37041E-04
    0.358751   -3.80675E-03   0.856302    1.08058E-03    3.80675E-03
    0.467683   -6.37803E-03   0.792621    5.51659E-04    6.37803E-03
    0.576616   -7.36100E-03   0.698174    1.97301E-05    7.36100E-03
    0.685548   -7.04685E-03   0.573331   -4.20718E-04    7.04685E-03
    0.794481   -5.93216E-03   0.430772   -6.85396E-04    5.93216E-03
    0.903413   -4.50993E-03   0.293375   -7.28227E-04    4.50993E-03
     1.01235   -3.13125E-03   0.184181   -5.63668E-04    3.13125E-03
     1.12128   -1.96493E-03   0.115028   -2.70113E-04    1.96493E-03
     1.23021   -1.03534E-03    8.13965E-02    3.24236E-05    1.03534E-03
     1.33914   -2.96368E-04    6.67770E-02    2.24821E-04    2.96368E-04
     1.44808    2.99318E-04    5.35026E-02    2.34482E-04   -2.99318E-04
     1.55701    7.60989E-04    3.28832E-02    6.33706E-05   -7.60989E-04
     1.66594    1.05768E-03    8.33714E-03   -2.15154E-04   -1.05768E-03
     1.77487    1.14578E-03   -9.77244E-03   -4.89628E-04   -1.14578E-03
     1.88381    1.00901E-03   -1.33165E-02   -6.58354E-04   -1.00901E-03
     1.99274    6.89142E-04   -2.98469E-03   -6.69719E-04   -6.89142E-04
     2.10167    2.88615E-04    1.20310E-02   -5.37473E-04   -2.88615E-04
