# file derivs.200
# derivatives of mean quantities before filtering
# 
#      y          dudx          dudy         dvdx            dvdy 
    -2.14670  0.  0.  0.  0.
    -2.03776   -3.13675E-04   -4.60675E-02    9.06323E-04    3.13675E-04
    -1.92883   -6.90663E-04   -7.65010E-03    9.75238E-04    6.90663E-04
    -1.81990    1.42306E-03    1.46283E-02    1.16131E-03   -1.42306E-03
    -1.71097    5.10793E-04    2.94729E-02    1.40293E-03   -5.10793E-04
    -1.60203   -9.40310E-04    4.72431E-02    1.05889E-03    9.40310E-04
    -1.49310    2.34823E-03   -2.64270E-02    7.63984E-04   -2.34823E-03
    -1.38417    2.59074E-05   -2.70989E-02    8.70439E-04   -2.59074E-05
    -1.27524   -1.94306E-05    2.57556E-02    1.03494E-03    1.94306E-05
    -1.16630   -3.05043E-04   -8.58503E-03    9.13453E-04    3.05043E-04
    -1.05737    9.03604E-04    5.73174E-03    1.25825E-03   -9.03604E-04
   -0.948439   -9.84194E-04    1.86095E-02    1.13431E-03    9.84194E-04
   -0.839506    1.42016E-03   -3.19429E-02    5.66311E-04   -1.42016E-03
   -0.730574    8.67638E-04   -3.58999E-02    8.47323E-04   -8.67638E-04
   -0.621641    1.05541E-03   -3.60677E-02    1.47168E-03   -1.05541E-03
   -0.512709    5.97851E-03    6.55644E-02    1.10909E-03   -5.97851E-03
   -0.403776    1.11800E-02   0.266503    1.32755E-03   -1.11800E-02
   -0.294844    1.58707E-02   0.552622    1.26178E-03   -1.58707E-02
   -0.185911    1.70945E-02   0.741259    1.51687E-03   -1.70945E-02
    -7.69789E-02    1.06815E-02   0.822555    2.63173E-03   -1.06815E-02
     3.19535E-02    7.28141E-03   0.843035    1.56833E-03   -7.28141E-03
    0.140886    5.69147E-03   0.772914    1.41092E-03   -5.69147E-03
    0.249818    2.99788E-03   0.996323    2.04228E-03   -2.99788E-03
    0.358751   -4.29001E-03   0.922581    1.14677E-03    4.29001E-03
    0.467683   -6.51594E-03   0.765671    1.73082E-04    6.51594E-03
    0.576616   -7.79220E-03   0.672960    3.69848E-04    7.79220E-03
    0.685548   -7.02097E-03   0.545189   -1.69442E-04    7.02097E-03
    0.794481   -6.75336E-03   0.453556   -1.78889E-03    6.75336E-03
    0.903413   -4.35258E-03   0.302163   -1.80442E-04    4.35258E-03
     1.01235   -2.52378E-03   0.217318   -1.22966E-04    2.52378E-03
     1.12128   -1.08924E-03    3.87294E-02   -2.17284E-04    1.08924E-03
     1.23021   -1.61946E-03    9.51814E-02   -2.97781E-04    1.61946E-03
     1.33914   -4.96467E-05   0.124894   -7.59148E-05    4.96467E-05
     1.44808   -1.70146E-03    4.82507E-02    2.09773E-04    1.70146E-03
     1.55701    2.04175E-03    6.49881E-03    6.21938E-04   -2.04175E-03
     1.66594    1.67410E-03   -2.65240E-02   -2.62529E-04   -1.67410E-03
     1.77487    5.31651E-04    1.56835E-02   -9.61324E-04   -5.31651E-04
     1.88381    1.62377E-03   -1.00721E-03   -1.13541E-04   -1.62377E-03
     1.99274    6.59733E-04   -4.07639E-03   -9.03050E-04   -6.59733E-04
     2.10167   -5.66203E-04    3.43895E-02   -9.09734E-04    5.66203E-04
     2.21060  0.  0.  0.  0.
