# File diffk.800
# Terms appearing in diff of k
# 
#  y/b   -.5*d/dx(u3+uv2+uw2)  -.5*d/dy(u2v+v3+vw2)  diffusion   vw2
    -1.21537    2.38475E-08  0.   -1.93762E-05    1.02668E-05
    -1.14975    9.15971E-08    9.51118E-07    1.09372E-05    5.12688E-05
    -1.08413    1.61267E-07    3.27543E-06    3.71489E-05    7.70182E-05
    -1.01851    2.42417E-07    1.06336E-05    4.32329E-05    1.02560E-03
   -0.952894    2.38150E-07    2.00425E-05    3.84320E-05    8.65828E-04
   -0.887275   -2.62575E-06    6.45869E-05    6.53919E-05   -2.96730E-03
   -0.821655   -8.78065E-06    2.87745E-04    1.87782E-04   -6.24905E-03
   -0.756035   -2.15474E-05    5.50189E-04    4.60836E-04   -3.34829E-04
   -0.690415   -3.98567E-05    1.01238E-03    8.98617E-04   -7.89744E-02
   -0.624795   -6.65877E-05    1.30483E-03    1.45434E-03   -1.00157E-01
   -0.559175   -9.52477E-05    1.76890E-03    2.02334E-03  -0.423835
   -0.493555   -1.30779E-04    2.85749E-03    2.46689E-03  -0.738292
   -0.427935   -1.30624E-04    3.29990E-03    2.64599E-03  -0.932482
   -0.362315   -1.29210E-04    2.37625E-03    2.45308E-03   -1.30715
   -0.296696   -9.98369E-05    1.75114E-03    1.83440E-03   -1.71305
   -0.231076   -3.07650E-05    6.44498E-04    8.03284E-04   -1.66103
   -0.165456    1.82008E-06   -7.89795E-04   -5.52977E-04   -2.19088
    -9.98360E-02    1.25819E-05   -1.47755E-03   -2.07288E-03   -1.74897
    -3.42161E-02   -1.03749E-07   -3.47642E-03   -3.53284E-03   -1.77054
     3.14038E-02    4.07325E-07   -4.67221E-03   -4.67895E-03  -0.953993
     9.70237E-02   -3.16083E-05   -5.66518E-03   -5.27982E-03  -0.312542
    0.162644   -3.58724E-05   -5.38507E-03   -5.18939E-03   0.698888
    0.228263   -3.98518E-05   -3.81079E-03   -4.39815E-03    1.39050
    0.293883   -4.18654E-05   -2.96660E-03   -3.04952E-03    2.34939
    0.359503   -4.19255E-05   -1.73772E-03   -1.40908E-03    2.01197
    0.425123    1.67002E-05    5.04290E-04    2.06368E-04    1.94196
    0.490743    4.69557E-05    1.39265E-03    1.51504E-03    1.72948
    0.556363    9.93480E-05    2.08362E-03    2.34030E-03    1.53181
    0.621983    1.02293E-04    2.63375E-03    2.64092E-03   0.917142
    0.687603    1.02046E-04    2.28422E-03    2.49596E-03   0.705209
    0.753222    1.06983E-04    2.13971E-03    2.05734E-03   0.463384
    0.818842    6.39796E-05    1.36894E-03    1.49334E-03   0.223770
    0.884462    4.20356E-05    9.92257E-04    9.43892E-04   0.121669
    0.950082    2.54084E-05    3.32563E-04    4.98397E-04    5.52318E-02
     1.01570    7.72938E-06    1.50438E-04    1.94268E-04    3.96094E-02
     1.08132    3.10689E-06    4.47609E-05    2.78908E-05    1.28819E-02
     1.14694    1.22036E-06    2.90596E-05   -3.06275E-05    1.09576E-02
     1.21256    3.91116E-07    8.80271E-06   -2.34818E-05    6.92861E-03
     1.27818    1.65421E-07  0.    7.13442E-06    3.42054E-03
