# File diffk.200
# Terms appearing in diff of k
# 
#  y/b   -.5*d/dx(u3+uv2+uw2)  -.5*d/dy(u2v+v3+vw2)  diffusion   vw2
    -2.03776    1.09557E-08  0.    6.14920E-05    1.39253E-04
    -1.92883   -1.71681E-09    8.86955E-07    5.87570E-05    7.35308E-04
    -1.81990   -2.43392E-09   -4.39338E-07    6.11665E-06    5.56980E-04
    -1.71097    1.61961E-08   -3.01680E-07   -5.77903E-05   -7.62938E-04
    -1.60203    1.02487E-08   -1.65449E-07   -7.98319E-05    5.82114E-04
    -1.49310    1.41131E-08   -1.69161E-07   -3.53450E-05   -2.14780E-05
    -1.38417    2.04097E-09   -4.57579E-07    4.62693E-05   -2.00132E-04
    -1.27524    7.54912E-09   -4.02433E-08    9.79036E-05   -2.20675E-04
    -1.16630    1.09835E-08    1.09174E-06    6.79669E-05   -4.83147E-04
    -1.05737    7.52478E-08    4.05621E-06   -2.53826E-05   -1.06796E-03
   -0.948439    2.75347E-07    2.48427E-05   -8.32419E-05   -6.06355E-04
   -0.839506   -1.69239E-07    1.06893E-04    2.14509E-05   -9.31019E-03
   -0.730574   -3.82544E-06    3.83462E-04    3.51045E-04   -2.13192E-02
   -0.621641   -2.07126E-05    8.06887E-04    8.27990E-04  -0.159608
   -0.512709   -4.57606E-05    9.19545E-04    1.23491E-03  -0.446100
   -0.403776   -7.23637E-05    1.38501E-03    1.30721E-03  -0.580826
   -0.294844   -5.39692E-05    1.36872E-03    8.77315E-04  -0.908314
   -0.185911   -2.05180E-05    4.60702E-05   -9.56464E-06  -0.834002
    -7.69789E-02    1.57695E-05   -1.22470E-03   -1.08143E-03  -0.923516
     3.19535E-02    1.18149E-05   -2.20947E-03   -1.94693E-03  -0.524605
    0.140886   -8.32809E-06   -2.12692E-03   -2.27458E-03    4.86535E-02
    0.249818   -2.04218E-05   -1.92539E-03   -1.95002E-03   0.366021
    0.358751   -1.27604E-05   -1.20065E-03   -1.12695E-03   0.877138
    0.467683   -6.87603E-06    8.18230E-05   -1.45569E-04   0.975174
    0.576616    2.93732E-05    5.65235E-04    6.34627E-04   0.489602
    0.685548    4.16866E-05    9.33641E-04    9.96324E-04   0.252236
    0.794481    4.36267E-05    8.36205E-04    9.37755E-04    5.05663E-02
    0.903413    2.79879E-05    5.08032E-04    6.30214E-04   -7.51849E-03
     1.01235    2.11356E-05    2.79072E-04    2.97873E-04   -3.84085E-02
     1.12128    1.39885E-05    1.91392E-04    9.57912E-05   -3.97678E-02
     1.23021    1.18096E-05    1.29858E-04    5.20849E-05   -6.98122E-02
     1.33914    4.56667E-06    8.76613E-05    9.34976E-05   -4.61036E-02
     1.44808    2.41620E-06    2.09219E-05    1.22158E-04   -3.21563E-02
     1.55701    1.12719E-06    6.03701E-06    8.68221E-05   -2.27651E-02
     1.66594    5.47934E-07    3.76206E-07    5.80388E-06   -1.07680E-02
     1.77487    2.09493E-07   -2.48455E-06   -6.28754E-05   -4.79676E-03
     1.88381    9.08683E-08   -8.66861E-07   -7.35246E-05   -1.36212E-04
     1.99274    4.10798E-08    8.03459E-07   -2.69126E-05    1.04963E-03
     2.10167    3.12774E-08  0.    3.48933E-05    1.99959E-03
