# File momentum.200
# Terms appearing in the momentum equation
# 
#      y            u*dudx         v*dudy         -duvdy       -d(u2-v2)dx   u*dudx+v*dudy -duvdy-d(u2-v2)dx should_be_0   v_from_mom._bal.
  -0.214670E+01  -0.915502E-04   0.000000E+00   0.507244E-04   0.372928E-05  -0.915502E-04   0.544537E-04  -0.146004E-03  -0.756761E-02
  -0.203776E+01   0.143466E-03   0.486527E-07   0.292658E-03  -0.134068E-04   0.143514E-03   0.279251E-03  -0.135737E-03  -0.370850E-01
  -0.192883E+01   0.300298E-03  -0.528351E-06   0.326240E-03  -0.200488E-04   0.299770E-03   0.306191E-03  -0.642134E-05   0.459778E-03
  -0.181990E+01   0.329493E-03  -0.138082E-05   0.919356E-04  -0.924632E-05   0.328112E-03   0.826893E-04   0.245423E-03  -0.128303E-01
  -0.171097E+01   0.298188E-03  -0.121557E-05  -0.256662E-03   0.122212E-04   0.296973E-03  -0.244441E-03   0.541414E-03  -0.443930E-01
  -0.160203E+01   0.343369E-03   0.165036E-06  -0.443062E-03   0.274590E-04   0.343534E-03  -0.415603E-03   0.759137E-03   0.603006E+00
  -0.149310E+01   0.535468E-03   0.161660E-05  -0.274597E-03   0.219471E-04   0.537084E-03  -0.252650E-03   0.789734E-03   0.879311E-01
  -0.138417E+01   0.778450E-03   0.773653E-06   0.178330E-03  -0.371255E-05   0.779224E-03   0.174618E-03   0.604606E-03   0.197096E+00
  -0.127524E+01   0.859249E-03  -0.416552E-05   0.579852E-03  -0.309406E-04   0.855083E-03   0.548911E-03   0.306172E-03  -0.247303E-01
  -0.116630E+01   0.563230E-03  -0.899947E-05   0.546433E-03  -0.343380E-04   0.554231E-03   0.512095E-03   0.421356E-04  -0.218136E-02
  -0.105737E+01  -0.816814E-04  -0.555359E-05  -0.282569E-04  -0.951536E-06  -0.872350E-04  -0.292084E-04  -0.580266E-04   0.355589E-02
  -0.948439E+00  -0.688290E-03   0.493703E-05  -0.756855E-03   0.553670E-04  -0.683353E-03  -0.701488E-03   0.181352E-04   0.836505E-03
  -0.839506E+00  -0.589103E-03   0.131533E-04  -0.833927E-03   0.961464E-04  -0.575949E-03  -0.737781E-03   0.161831E-03   0.292267E-02
  -0.730574E+00   0.860636E-03   0.198268E-04   0.575147E-03   0.787197E-04   0.880462E-03   0.653867E-03   0.226595E-03   0.352857E-02
  -0.621641E+00   0.391292E-02   0.542831E-05   0.381257E-02  -0.159313E-04   0.391835E-02   0.379664E-02   0.121709E-03   0.150322E-01
  -0.512709E+00   0.815686E-02  -0.168158E-03   0.836811E-02  -0.165394E-03   0.798870E-02   0.820272E-02  -0.214011E-03   0.398935E-03
  -0.403776E+00   0.128607E-01  -0.781322E-03   0.129193E-01  -0.311245E-03   0.120794E-01   0.126080E-01  -0.528633E-03  -0.854789E-03
  -0.294844E+00   0.168363E-01  -0.206300E-02   0.158053E-01  -0.387291E-03   0.147733E-01   0.154180E-01  -0.644659E-03  -0.284625E-02
  -0.185911E+00   0.192724E-01  -0.391212E-02   0.157276E-01  -0.355778E-03   0.153603E-01   0.153718E-01  -0.115455E-04  -0.572844E-02
  -0.769789E-01   0.185437E-01  -0.585495E-02   0.123341E-01  -0.230495E-03   0.126887E-01   0.121036E-01   0.585134E-03  -0.792184E-02
   0.319535E-01   0.147077E-01  -0.733020E-02   0.639519E-02  -0.723842E-04   0.737754E-02   0.632281E-02   0.105473E-02  -0.947096E-02
   0.140886E+00   0.807224E-02  -0.801998E-02  -0.509672E-03   0.409799E-04   0.522623E-04  -0.468692E-03   0.520954E-03  -0.941376E-02
   0.249818E+00   0.392359E-03  -0.792893E-02  -0.662931E-02   0.552345E-04  -0.753657E-02  -0.657408E-02  -0.962492E-03  -0.778922E-02
   0.358751E+00  -0.680438E-02  -0.723636E-02  -0.106860E-01  -0.338911E-04  -0.140407E-01  -0.107199E-01  -0.332081E-02  -0.457263E-02
   0.467683E+00  -0.118392E-01  -0.614752E-02  -0.122402E-01  -0.181180E-03  -0.179867E-01  -0.124214E-01  -0.556530E-02  -0.734548E-03
   0.576616E+00  -0.143853E-01  -0.485516E-02  -0.116568E-01  -0.318353E-03  -0.192405E-01  -0.119751E-01  -0.726538E-02   0.345217E-02
   0.685548E+00  -0.141138E-01  -0.354689E-02  -0.976616E-02  -0.390070E-03  -0.176607E-01  -0.101562E-01  -0.750446E-02   0.690277E-02
   0.794481E+00  -0.122976E-01  -0.238658E-02  -0.743903E-02  -0.379014E-03  -0.146842E-01  -0.781805E-02  -0.686615E-02   0.103989E-01
   0.903413E+00  -0.947836E-02  -0.148124E-02  -0.528663E-02  -0.307581E-03  -0.109596E-01  -0.559421E-02  -0.536539E-02   0.132396E-01
   0.101235E+01  -0.669735E-02  -0.867099E-03  -0.357981E-02  -0.218410E-03  -0.756445E-02  -0.379822E-02  -0.376623E-02   0.157407E-01
   0.112128E+01  -0.422267E-02  -0.516916E-03  -0.234231E-02  -0.147872E-03  -0.473958E-02  -0.249018E-02  -0.224940E-02   0.150615E-01
   0.123021E+01  -0.222319E-02  -0.356602E-03  -0.149770E-02  -0.108798E-03  -0.257980E-02  -0.160650E-02  -0.973298E-03   0.757644E-02
   0.133914E+01  -0.643044E-03  -0.290397E-03  -0.965591E-03  -0.908151E-04  -0.933441E-03  -0.105641E-02   0.122964E-03  -0.619018E-02
   0.144808E+01   0.650873E-03  -0.234415E-03  -0.677276E-03  -0.746002E-04   0.416458E-03  -0.751876E-03   0.116833E-02  -0.262183E-01
   0.155701E+01   0.165915E-02  -0.146799E-03  -0.550649E-03  -0.483614E-04   0.151235E-02  -0.599010E-03   0.211136E-02  -0.686722E-01
   0.166594E+01   0.230145E-02  -0.381798E-04  -0.482122E-03  -0.153288E-04   0.226327E-02  -0.497451E-03   0.276072E-02  -0.335714E+00
   0.177487E+01   0.249148E-02   0.459724E-04  -0.379146E-03   0.111994E-04   0.253745E-02  -0.367947E-03   0.290540E-02   0.292601E+00
   0.188381E+01   0.219900E-02   0.641082E-04  -0.208296E-03   0.197591E-04   0.226311E-02  -0.188537E-03   0.245164E-02   0.179292E+00
   0.199274E+01   0.149838E-02   0.145930E-04  -0.133176E-04   0.100157E-04   0.151297E-02  -0.330191E-05   0.151627E-02   0.503127E+00
   0.210167E+01   0.628738E-03  -0.592012E-04   0.119933E-03  -0.706400E-05   0.569537E-03   0.112869E-03   0.456667E-03  -0.428782E-01
   0.221060E+01  -0.132818E-03  -0.100657E-03   0.130618E-03  -0.174346E-04  -0.233475E-03   0.113183E-03  -0.346658E-03   0.120098E-01
