# File momentum.800
# Terms appearing in the momentum equation
# 
#      y            u*dudx         v*dudy         -duvdy       -d(u2-v2)dx   u*dudx+v*dudy -duvdy-d(u2-v2)dx should_be_0   v_from_mom._bal.
  -0.128099E+01   0.390081E-03   0.000000E+00  -0.176175E-03  -0.165199E-06   0.390081E-03  -0.176341E-03   0.566422E-03  -0.475134E-01
  -0.121537E+01   0.284248E-03  -0.256913E-06  -0.269952E-03   0.786149E-05   0.283991E-03  -0.262091E-03   0.546082E-03  -0.336511E-01
  -0.114975E+01   0.154626E-03  -0.444099E-06  -0.136735E-03   0.129453E-04   0.154182E-03  -0.123789E-03   0.277971E-03  -0.153176E-01
  -0.108413E+01   0.153620E-03  -0.540402E-06   0.158403E-03   0.156522E-04   0.153080E-03   0.174055E-03  -0.209759E-04   0.124681E-02
  -0.101851E+01   0.389728E-03  -0.609277E-06   0.425208E-03   0.228883E-04   0.389119E-03   0.448096E-03  -0.589777E-04   0.523707E-02
  -0.952894E+00   0.885656E-03  -0.507693E-06   0.508884E-03   0.430153E-04   0.885148E-03   0.551900E-03   0.333248E-03  -0.683740E-01
  -0.887275E+00   0.160638E-02  -0.379010E-06   0.469563E-03   0.766939E-04   0.160600E-02   0.546257E-03   0.105975E-02  -0.540714E+00
  -0.821655E+00   0.253064E-02  -0.261573E-05   0.648084E-03   0.109637E-03   0.252803E-02   0.757721E-03   0.177031E-02  -0.226185E+00
  -0.756035E+00   0.371880E-02  -0.151910E-04   0.154585E-02   0.113852E-03   0.370361E-02   0.165970E-02   0.204391E-02  -0.731813E-01
  -0.690415E+00   0.530765E-02  -0.566908E-04   0.356466E-02   0.594999E-04   0.525096E-02   0.362416E-02   0.162680E-02  -0.247821E-01
  -0.624795E+00   0.747331E-02  -0.163513E-03   0.675155E-02  -0.674733E-04   0.730980E-02   0.668408E-02   0.625722E-03  -0.601894E-02
  -0.559175E+00   0.102474E-01  -0.396098E-03   0.107044E-01  -0.251821E-03   0.985135E-02   0.104526E-01  -0.601255E-03   0.934612E-03
  -0.493555E+00   0.132072E-01  -0.834353E-03   0.147040E-01  -0.448817E-03   0.123729E-01   0.142552E-01  -0.188232E-02   0.316266E-02
  -0.427935E+00   0.161972E-01  -0.155071E-02   0.180011E-01  -0.599873E-03   0.146465E-01   0.174012E-01  -0.275467E-02   0.261722E-02
  -0.362315E+00   0.184596E-01  -0.256266E-02   0.200936E-01  -0.657270E-03   0.158969E-01   0.194364E-01  -0.353947E-02   0.164554E-02
  -0.296696E+00   0.195741E-01  -0.379191E-02   0.208396E-01  -0.605364E-03   0.157822E-01   0.202342E-01  -0.445200E-02   0.920710E-03
  -0.231076E+00   0.194921E-01  -0.506901E-02   0.203589E-01  -0.466855E-03   0.144231E-01   0.198921E-01  -0.546901E-02   0.490548E-03
  -0.165456E+00   0.179265E-01  -0.619630E-02   0.188160E-01  -0.290791E-03   0.117302E-01   0.185252E-01  -0.679503E-02   0.680329E-03
  -0.998360E-01   0.154862E-01  -0.703362E-02   0.162450E-01  -0.129214E-03   0.845253E-02   0.161158E-01  -0.766327E-02   0.691292E-03
  -0.342161E-01   0.120195E-01  -0.754772E-02   0.125440E-01  -0.154831E-04   0.447173E-02   0.125285E-01  -0.805674E-02   0.555417E-03
   0.314038E-01   0.804856E-02  -0.779265E-02   0.764071E-02   0.443103E-04   0.255908E-03   0.768502E-02  -0.742912E-02  -0.399392E-03
   0.970237E-01   0.291772E-02  -0.783898E-02   0.171209E-02   0.638672E-04  -0.492127E-02   0.177595E-02  -0.669722E-02  -0.126361E-02
   0.162644E+00  -0.312343E-02  -0.770440E-02  -0.470537E-02   0.599614E-04  -0.108278E-01  -0.464541E-02  -0.618242E-02  -0.169019E-02
   0.228263E+00  -0.994280E-02  -0.733831E-02  -0.108061E-01   0.383762E-04  -0.172811E-01  -0.107677E-01  -0.651339E-02  -0.920949E-03
   0.293883E+00  -0.165345E-01  -0.667647E-02  -0.157720E-01  -0.831751E-05  -0.232110E-01  -0.157803E-01  -0.743071E-02   0.858993E-03
   0.359503E+00  -0.220421E-01  -0.572386E-02  -0.190528E-01  -0.904545E-04  -0.277659E-01  -0.191432E-01  -0.862270E-02   0.346586E-02
   0.425123E+00  -0.252299E-01  -0.459230E-02  -0.205165E-01  -0.206389E-03  -0.298222E-01  -0.207229E-01  -0.909931E-02   0.588334E-02
   0.490743E+00  -0.259627E-01  -0.345719E-02  -0.204008E-01  -0.334134E-03  -0.294198E-01  -0.207350E-01  -0.868488E-02   0.778593E-02
   0.556363E+00  -0.238245E-01  -0.247184E-02  -0.191196E-01  -0.436366E-03  -0.262963E-01  -0.195560E-01  -0.674038E-02   0.756735E-02
   0.621983E+00  -0.203739E-01  -0.170979E-02  -0.170587E-01  -0.476856E-03  -0.220837E-01  -0.175356E-01  -0.454812E-02   0.620261E-02
   0.687603E+00  -0.166924E-01  -0.116581E-02  -0.144798E-01  -0.438838E-03  -0.178582E-01  -0.149186E-01  -0.293956E-02   0.489642E-02
   0.753222E+00  -0.131920E-01  -0.792664E-03  -0.115612E-01  -0.334341E-03  -0.139847E-01  -0.118955E-01  -0.208915E-02   0.459550E-02
   0.818842E+00  -0.105111E-01  -0.537167E-03  -0.850666E-02  -0.198910E-03  -0.110483E-01  -0.870557E-02  -0.234272E-02   0.835936E-02
   0.884462E+00  -0.829714E-02  -0.358966E-03  -0.561035E-02  -0.748061E-04  -0.865610E-02  -0.568516E-02  -0.297094E-02   0.162592E-01
   0.950082E+00  -0.613130E-02  -0.233703E-03  -0.321151E-02   0.772021E-05  -0.636501E-02  -0.320379E-02  -0.316122E-02   0.256630E-01
   0.101570E+01  -0.386914E-02  -0.148031E-03  -0.156207E-02   0.410595E-04  -0.401717E-02  -0.152101E-02  -0.249616E-02   0.306381E-01
   0.108132E+01  -0.169023E-02  -0.936442E-04  -0.701548E-03   0.382320E-04  -0.178388E-02  -0.663316E-03  -0.112056E-02   0.206200E-01
   0.114694E+01   0.370958E-04  -0.635325E-04  -0.433521E-03   0.212729E-04  -0.264367E-04  -0.412248E-03   0.385811E-03  -0.133068E-01
   0.121256E+01   0.997064E-03  -0.497889E-04  -0.429871E-03   0.798508E-05   0.947275E-03  -0.421886E-03   0.136916E-02  -0.544773E-01
   0.127818E+01   0.114031E-02  -0.429273E-04  -0.401244E-03   0.461231E-05   0.109738E-02  -0.396632E-03   0.149401E-02  -0.696682E-01
   0.134380E+01   0.721115E-03  -0.342675E-04  -0.228238E-03   0.715048E-05   0.686847E-03  -0.221087E-03   0.907934E-03  -0.540993E-01
