# File prodk.200
# Terms appearing in production of k
# 
#  y        -(u2-v2)*dudx      -uv*dudy      production
    -2.14670  0.  0.  0.
    -2.03776    5.92238E-10   -2.44198E-08   -2.38276E-08
    -1.92883    6.64748E-09    1.04048E-07    1.10695E-07
    -1.81990    4.51168E-09    1.58040E-07    1.62552E-07
    -1.71097    1.69042E-09    8.29623E-08    8.46527E-08
    -1.60203    2.65876E-09   -1.48133E-08   -1.21546E-08
    -1.49310    7.42050E-09   -8.40087E-08   -7.65882E-08
    -1.38417    5.11328E-09   -1.91618E-08   -1.40485E-08
    -1.27524    2.55722E-08    8.15227E-08    1.07095E-07
    -1.16630    1.83359E-08    2.21119E-07    2.39455E-07
    -1.05737   -2.96661E-09    2.14038E-07    2.11071E-07
   -0.948439   -3.14105E-08   -2.70769E-07   -3.02179E-07
   -0.839506   -7.50937E-08   -8.31613E-07   -9.06707E-07
   -0.730574    9.69907E-08   -3.67390E-07   -2.70399E-07
   -0.621641    6.02516E-07   -1.15203E-06   -5.49512E-07
   -0.512709   -1.04540E-07    7.67838E-05    7.66793E-05
   -0.403776   -9.34980E-06    4.82921E-04    4.73572E-04
   -0.294844   -5.10798E-05    1.73584E-03    1.68476E-03
   -0.185911   -1.07538E-04    3.71774E-03    3.61021E-03
    -7.69789E-02   -1.43546E-04    5.80150E-03    5.65796E-03
     3.19535E-02   -1.30605E-04    7.27285E-03    7.14224E-03
    0.140886   -7.42883E-05    7.30829E-03    7.23400E-03
    0.249818   -3.50325E-06    6.80548E-03    6.80197E-03
    0.358751    5.98335E-05    6.07422E-03    6.13406E-03
    0.467683    8.79812E-05    4.56365E-03    4.65163E-03
    0.576616    9.15787E-05    2.99258E-03    3.08416E-03
    0.685548    6.74164E-05    1.69051E-03    1.75793E-03
    0.794481    4.48796E-05    9.08202E-04    9.53081E-04
    0.903413    2.36817E-05    3.91012E-04    4.14694E-04
     1.01235    1.13329E-05    1.75838E-04    1.87171E-04
     1.12128    4.93946E-06    7.75455E-05    8.24850E-05
     1.23021    1.66601E-06    4.41996E-05    4.58656E-05
     1.33914    1.85820E-07    2.07036E-05    2.08894E-05
     1.44808   -1.09509E-07    1.04761E-05    1.03666E-05
     1.55701   -8.55817E-08    4.73730E-06    4.65171E-06
     1.66594   -1.40287E-08    8.38228E-07    8.24199E-07
     1.77487    3.65337E-08   -6.89975E-07   -6.53441E-07
     1.88381    4.99456E-08   -6.99793E-07   -6.49847E-07
     1.99274    2.71046E-08   -1.24660E-07   -9.75551E-08
     2.10167    1.52351E-08    4.92400E-07    5.07635E-07
     2.21060  0.  0.  0.
