# File prodk.800
# Terms appearing in production of k
# 
#  y        -(u2-v2)*dudx      -uv*dudy      production
    -1.28099  0.  0.  0.
    -1.21537    1.16441E-08    1.29104E-07    1.40748E-07
    -1.14975    7.50184E-09    1.27833E-07    1.35335E-07
    -1.08413    8.11882E-09    1.51541E-07    1.59660E-07
    -1.01851    3.27857E-08    1.65830E-07    1.98616E-07
   -0.952894    8.87592E-08    1.38404E-07    2.27163E-07
   -0.887275    2.86888E-07    9.15995E-08    3.78488E-07
   -0.821655    8.73200E-07    6.06514E-07    1.47971E-06
   -0.756035    1.89737E-06    4.83988E-06    6.73725E-06
   -0.690415    4.07472E-06    2.16414E-05    2.57162E-05
   -0.624795    6.26110E-06    9.66797E-05    1.02941E-04
   -0.559175    5.49470E-06    2.52896E-04    2.58391E-04
   -0.493555    9.90184E-07    6.28908E-04    6.29898E-04
   -0.427935   -1.24967E-05    1.46458E-03    1.45208E-03
   -0.362315   -3.92836E-05    2.66114E-03    2.62185E-03
   -0.296696   -6.28555E-05    3.96874E-03    3.90588E-03
   -0.231076   -8.82166E-05    5.94974E-03    5.86152E-03
   -0.165456   -9.97589E-05    7.59105E-03    7.49129E-03
    -9.98360E-02   -8.58356E-05    8.63625E-03    8.55041E-03
    -3.42161E-02   -7.02844E-05    9.43670E-03    9.36642E-03
     3.14038E-02   -4.90757E-05    1.02618E-02    1.02127E-02
     9.70237E-02   -1.78425E-05    1.06137E-02    1.05959E-02
    0.162644    1.84998E-05    1.04432E-02    1.04617E-02
    0.228263    5.22946E-05    9.75368E-03    9.80597E-03
    0.293883    7.81768E-05    8.74440E-03    8.82258E-03
    0.359503    8.64544E-05    7.26076E-03    7.34721E-03
    0.425123    9.34306E-05    5.91182E-03    6.00525E-03
    0.490743    7.51845E-05    4.22460E-03    4.29978E-03
    0.556363    4.84581E-05    2.76229E-03    2.81075E-03
    0.621983    2.59435E-05    1.62392E-03    1.64986E-03
    0.687603    1.27790E-05    9.65240E-04    9.78019E-04
    0.753222    4.66447E-06    4.92909E-04    4.97573E-04
    0.818842   -6.02850E-07    2.49798E-04    2.49196E-04
    0.884462   -8.31851E-07    1.02608E-04    1.01776E-04
    0.950082   -1.04616E-06    4.56944E-05    4.46482E-05
     1.01570   -6.07570E-07    1.99185E-05    1.93109E-05
     1.08132   -2.51409E-07    8.78667E-06    8.53527E-06
     1.14694    4.21864E-09    4.19926E-06    4.20347E-06
     1.21256    6.78639E-08    2.71610E-06    2.78396E-06
     1.27818    5.04030E-08    1.94378E-06    1.99418E-06
     1.34380  0.  0.  0.
