# <u_r u_z> budget
#
# y+           P+           TD+          TCR+         PD+          PCR+         PS+          VD+          VCR+         D+           balance
 0.17850E+03  0.21942E-03  0.10312E+00 -0.10264E+00  0.71832E-01 -0.71942E-01 -0.13272E-03  0.33358E-02 -0.34495E-02 -0.28631E-04  0.31431E-03
 0.17552E+03  0.71568E-03  0.35257E-01 -0.34828E-01  0.23372E-01 -0.23797E-01 -0.46225E-03  0.11124E-02 -0.11256E-02 -0.10180E-03  0.14207E-03
 0.17254E+03  0.12866E-02  0.21608E-01 -0.21193E-01  0.13326E-01 -0.14056E-01 -0.71124E-03  0.67194E-03 -0.67312E-03 -0.18041E-03  0.77666E-04
 0.16957E+03  0.18793E-02  0.15777E-01 -0.15317E-01  0.87475E-02 -0.97992E-02 -0.95562E-03  0.48372E-03 -0.48074E-03 -0.25390E-03  0.80886E-04
 0.16661E+03  0.24757E-02  0.12555E-01 -0.12035E-01  0.59764E-02 -0.73615E-02 -0.11971E-02  0.38256E-03 -0.37434E-03 -0.32989E-03  0.91376E-04
 0.16365E+03  0.30664E-02  0.10525E-01 -0.99549E-02  0.40561E-02 -0.57510E-02 -0.14442E-02  0.31895E-03 -0.30692E-03 -0.40672E-03  0.10292E-03
 0.16071E+03  0.36413E-02  0.91610E-02 -0.85515E-02  0.26287E-02 -0.45917E-02 -0.17077E-02  0.27403E-03 -0.26045E-03 -0.48365E-03  0.11008E-03
 0.15778E+03  0.41981E-02  0.82199E-02 -0.75636E-02  0.15060E-02 -0.37089E-02 -0.19849E-02  0.23603E-03 -0.22649E-03 -0.56116E-03  0.11506E-03
 0.15485E+03  0.47489E-02  0.75562E-02 -0.68416E-02  0.56663E-03 -0.30070E-02 -0.22643E-02  0.20311E-03 -0.20053E-03 -0.64092E-03  0.12062E-03
 0.15194E+03  0.53137E-02  0.70608E-02 -0.62943E-02 -0.25442E-03 -0.24281E-02 -0.25431E-02  0.17709E-03 -0.17997E-03 -0.72429E-03  0.12731E-03
 0.14904E+03  0.59018E-02  0.66568E-02 -0.58594E-02 -0.98768E-03 -0.19370E-02 -0.28232E-02  0.15787E-03 -0.16325E-03 -0.81218E-03  0.13377E-03
 0.14615E+03  0.65073E-02  0.63061E-02 -0.54999E-02 -0.16593E-02 -0.15109E-02 -0.30958E-02  0.14475E-03 -0.14938E-03 -0.90621E-03  0.13663E-03
 0.14327E+03  0.71221E-02  0.60082E-02 -0.52043E-02 -0.23007E-02 -0.11337E-02 -0.33491E-02  0.13683E-03 -0.13769E-03 -0.10075E-02  0.13410E-03
 0.14041E+03  0.77480E-02  0.57809E-02 -0.49678E-02 -0.29399E-02 -0.79234E-03 -0.35871E-02  0.12970E-03 -0.12774E-03 -0.11144E-02  0.12924E-03
 0.13756E+03  0.83966E-02  0.56259E-02 -0.47840E-02 -0.35817E-02 -0.47700E-03 -0.38328E-02  0.12124E-03 -0.11917E-03 -0.12235E-02  0.12562E-03
 0.13472E+03  0.90799E-02  0.55150E-02 -0.46397E-02 -0.42066E-02 -0.18157E-03 -0.41135E-02  0.11489E-03 -0.11171E-03 -0.13325E-02  0.12435E-03
 0.13189E+03  0.98018E-02  0.54060E-02 -0.45134E-02 -0.47807E-02  0.96800E-04 -0.44521E-02  0.11269E-03 -0.10518E-03 -0.14407E-02  0.12513E-03
 0.12908E+03  0.10557E-01  0.52614E-02 -0.43872E-02 -0.52515E-02  0.35788E-03 -0.48741E-02  0.11077E-03 -0.99416E-04 -0.15473E-02  0.12731E-03
 0.12629E+03  0.11333E-01  0.50597E-02 -0.42583E-02 -0.55656E-02  0.59830E-03 -0.53976E-02  0.10496E-03 -0.94304E-04 -0.16505E-02  0.12919E-03
 0.12351E+03  0.12117E-01  0.48055E-02 -0.41365E-02 -0.57193E-02  0.81372E-03 -0.60098E-02  0.97144E-04 -0.89740E-04 -0.17498E-02  0.12867E-03
 0.12074E+03  0.12903E-01  0.45347E-02 -0.40294E-02 -0.57745E-02  0.10025E-02 -0.66695E-02  0.90781E-04 -0.85632E-04 -0.18462E-02  0.12559E-03
 0.11799E+03  0.13681E-01  0.42954E-02 -0.39365E-02 -0.58148E-02  0.11671E-02 -0.73337E-02  0.87593E-04 -0.81911E-04 -0.19423E-02  0.12238E-03
 0.11526E+03  0.14440E-01  0.41237E-02 -0.38541E-02 -0.58959E-02  0.13125E-02 -0.79741E-02  0.86894E-04 -0.78528E-04 -0.20402E-02  0.12077E-03
 0.11255E+03  0.15157E-01  0.40347E-02 -0.37780E-02 -0.60282E-02  0.14441E-02 -0.85794E-02  0.87324E-04 -0.75443E-04 -0.21405E-02  0.12133E-03
 0.10985E+03  0.15805E-01  0.40352E-02 -0.37077E-02 -0.61905E-02  0.15657E-02 -0.91559E-02  0.86657E-04 -0.72624E-04 -0.22419E-02  0.12424E-03
 0.10718E+03  0.16377E-01  0.41341E-02 -0.36433E-02 -0.63575E-02  0.16795E-02 -0.97251E-02  0.80190E-04 -0.70042E-04 -0.23436E-02  0.13118E-03
 0.10452E+03  0.16894E-01  0.43064E-02 -0.35821E-02 -0.65209E-02  0.17864E-02 -0.10296E-01  0.69417E-04 -0.67663E-04 -0.24476E-02  0.14188E-03
 0.10188E+03  0.17407E-01  0.44885E-02 -0.35225E-02 -0.66930E-02  0.18874E-02 -0.10851E-01  0.60415E-04 -0.65457E-04 -0.25584E-02  0.15363E-03
 0.99266E+02  0.17961E-01  0.46174E-02 -0.34670E-02 -0.68780E-02  0.19837E-02 -0.11370E-01  0.57698E-04 -0.63397E-04 -0.26776E-02  0.16390E-03
 0.96672E+02  0.18574E-01  0.46682E-02 -0.34205E-02 -0.70528E-02  0.20762E-02 -0.11868E-01  0.58124E-04 -0.61472E-04 -0.28032E-02  0.17063E-03
 0.94100E+02  0.19249E-01  0.46515E-02 -0.33870E-02 -0.72060E-02  0.21645E-02 -0.12359E-01  0.53026E-04 -0.59670E-04 -0.29328E-02  0.17337E-03
 0.91550E+02  0.20003E-01  0.45795E-02 -0.33680E-02 -0.73740E-02  0.22488E-02 -0.12835E-01  0.45233E-04 -0.57980E-04 -0.30671E-02  0.17460E-03
 0.89025E+02  0.20855E-01  0.44637E-02 -0.33625E-02 -0.76053E-02  0.23309E-02 -0.13284E-01  0.41347E-04 -0.56386E-04 -0.32092E-02  0.17382E-03
 0.86523E+02  0.21802E-01  0.43275E-02 -0.33654E-02 -0.79186E-02  0.24129E-02 -0.13712E-01  0.41580E-04 -0.54881E-04 -0.33612E-02  0.17157E-03
 0.84047E+02  0.22813E-01  0.42011E-02 -0.33716E-02 -0.82944E-02  0.24968E-02 -0.14142E-01  0.46794E-04 -0.53459E-04 -0.35232E-02  0.17305E-03
 0.81597E+02  0.23844E-01  0.41186E-02 -0.33806E-02 -0.86853E-02  0.25834E-02 -0.14612E-01  0.54266E-04 -0.52118E-04 -0.36920E-02  0.17757E-03
 0.79173E+02  0.24846E-01  0.41216E-02 -0.33921E-02 -0.90693E-02  0.26721E-02 -0.15141E-01  0.58048E-04 -0.50859E-04 -0.38617E-02  0.18277E-03
 0.76776E+02  0.25795E-01  0.42272E-02 -0.34066E-02 -0.94525E-02  0.27625E-02 -0.15718E-01  0.57555E-04 -0.49675E-04 -0.40265E-02  0.18912E-03
 0.74408E+02  0.26703E-01  0.43825E-02 -0.34235E-02 -0.98016E-02  0.28542E-02 -0.16345E-01  0.52606E-04 -0.48563E-04 -0.41824E-02  0.19148E-03
 0.72069E+02  0.27612E-01  0.44875E-02 -0.34376E-02 -0.10053E-01  0.29455E-02 -0.17039E-01  0.43773E-04 -0.47514E-04 -0.43274E-02  0.18465E-03
 0.69759E+02  0.28565E-01  0.44561E-02 -0.34401E-02 -0.10180E-01  0.30339E-02 -0.17791E-01  0.33291E-04 -0.46520E-04 -0.44620E-02  0.16857E-03
 0.67480E+02  0.29594E-01  0.42483E-02 -0.34242E-02 -0.10211E-01  0.31172E-02 -0.18566E-01  0.23527E-04 -0.45574E-04 -0.45904E-02  0.14594E-03
 0.65232E+02  0.30708E-01  0.38686E-02 -0.33900E-02 -0.10166E-01  0.31944E-02 -0.19350E-01  0.19884E-04 -0.44669E-04 -0.47191E-02  0.12118E-03
 0.63016E+02  0.31889E-01  0.33473E-02 -0.33429E-02 -0.10017E-01  0.32646E-02 -0.20175E-01  0.20698E-04 -0.43803E-04 -0.48510E-02  0.91305E-04
 0.60833E+02  0.33108E-01  0.27287E-02 -0.32858E-02 -0.97064E-02  0.33261E-02 -0.21111E-01  0.18684E-04 -0.42975E-04 -0.49825E-02  0.52307E-04
 0.58684E+02  0.34349E-01  0.20787E-02 -0.32162E-02 -0.92117E-02  0.33763E-02 -0.22219E-01  0.53767E-05 -0.42182E-04 -0.51083E-02  0.12525E-04
 0.56569E+02  0.35622E-01  0.14265E-02 -0.31285E-02 -0.85872E-02  0.34133E-02 -0.23483E-01 -0.13576E-04 -0.41420E-04 -0.52272E-02 -0.19120E-04
 0.54489E+02  0.36944E-01  0.75625E-03 -0.30189E-02 -0.79045E-02  0.34369E-02 -0.24844E-01 -0.24673E-04 -0.40682E-04 -0.53420E-02 -0.37319E-04
 0.52446E+02  0.38309E-01  0.54088E-04 -0.28875E-02 -0.71756E-02  0.34479E-02 -0.26269E-01 -0.30381E-04 -0.39966E-04 -0.54519E-02 -0.43492E-04
 0.50438E+02  0.39685E-01 -0.69534E-03 -0.27355E-02 -0.63451E-02  0.34464E-02 -0.27768E-01 -0.41690E-04 -0.39271E-04 -0.55519E-02 -0.45263E-04
 0.48469E+02  0.41047E-01 -0.14940E-02 -0.25649E-02 -0.53649E-02  0.34315E-02 -0.29358E-01 -0.63698E-04 -0.38594E-04 -0.56364E-02 -0.42265E-04
 0.46537E+02  0.42391E-01 -0.23072E-02 -0.23779E-02 -0.42681E-02  0.34024E-02 -0.31018E-01 -0.10200E-03 -0.37933E-04 -0.57040E-02 -0.22176E-04
 0.44644E+02  0.43744E-01 -0.31458E-02 -0.21762E-02 -0.31422E-02  0.33593E-02 -0.32682E-01 -0.14151E-03 -0.37279E-04 -0.57585E-02  0.19357E-04
 0.42790E+02  0.45139E-01 -0.40382E-02 -0.19613E-02 -0.20640E-02  0.33038E-02 -0.34292E-01 -0.17277E-03 -0.36629E-04 -0.58023E-02  0.75841E-04
 0.40977E+02  0.46588E-01 -0.49851E-02 -0.17364E-02 -0.10528E-02  0.32382E-02 -0.35841E-01 -0.20247E-03 -0.35979E-04 -0.58313E-02  0.14138E-03
 0.39204E+02  0.48086E-01 -0.59663E-02 -0.15056E-02 -0.76981E-04  0.31643E-02 -0.37372E-01 -0.23722E-03 -0.35328E-04 -0.58398E-02  0.21653E-03
 0.37472E+02  0.49622E-01 -0.69790E-02 -0.12691E-02  0.90845E-03  0.30829E-02 -0.38928E-01 -0.28468E-03 -0.34675E-04 -0.58232E-02  0.29391E-03
 0.35781E+02  0.51187E-01 -0.80219E-02 -0.10226E-02  0.18924E-02  0.29946E-02 -0.40496E-01 -0.35171E-03 -0.34016E-04 -0.57795E-02  0.36791E-03
 0.34133E+02  0.52779E-01 -0.90902E-02 -0.76182E-03  0.28388E-02  0.29006E-02 -0.42046E-01 -0.43674E-03 -0.33346E-04 -0.57103E-02  0.43926E-03
 0.32527E+02  0.54400E-01 -0.10196E-01 -0.48437E-03  0.37654E-02  0.28019E-02 -0.43598E-01 -0.53190E-03 -0.32661E-04 -0.56184E-02  0.50686E-03
 0.30964E+02  0.56052E-01 -0.11329E-01 -0.18913E-03  0.47089E-02  0.26991E-02 -0.45191E-01 -0.64160E-03 -0.31956E-04 -0.55040E-02  0.57238E-03
 0.29444E+02  0.57718E-01 -0.12458E-01  0.12338E-03  0.56493E-02  0.25926E-02 -0.46815E-01 -0.77768E-03 -0.31226E-04 -0.53673E-02  0.63428E-03
 0.27968E+02  0.59368E-01 -0.13542E-01  0.45106E-03  0.65020E-02  0.24833E-02 -0.48389E-01 -0.94150E-03 -0.30465E-04 -0.52125E-02  0.68885E-03
 0.26535E+02  0.60951E-01 -0.14526E-01  0.79125E-03  0.71853E-02  0.23729E-02 -0.49839E-01 -0.11226E-02 -0.29667E-04 -0.50480E-02  0.73515E-03
 0.25146E+02  0.62408E-01 -0.15336E-01  0.11410E-02  0.76712E-02  0.22636E-02 -0.51147E-01 -0.13179E-02 -0.28828E-04 -0.48802E-02  0.77354E-03
 0.23800E+02  0.63671E-01 -0.15899E-01  0.14965E-02  0.79926E-02  0.21571E-02 -0.52338E-01 -0.15358E-02 -0.27942E-04 -0.47128E-02  0.80355E-03
 0.22498E+02  0.64672E-01 -0.16160E-01  0.18520E-02  0.82057E-02  0.20545E-02 -0.53436E-01 -0.17868E-02 -0.27007E-04 -0.45503E-02  0.82394E-03
 0.21239E+02  0.65347E-01 -0.16091E-01  0.22000E-02  0.83393E-02  0.19564E-02 -0.54421E-01 -0.20692E-02 -0.26018E-04 -0.44021E-02  0.83393E-03
 0.20024E+02  0.65636E-01 -0.15666E-01  0.25317E-02  0.83905E-02  0.18630E-02 -0.55243E-01 -0.23776E-02 -0.24972E-04 -0.42777E-02  0.83283E-03
 0.18851E+02  0.65479E-01 -0.14839E-01  0.28381E-02  0.83277E-02  0.17749E-02 -0.55842E-01 -0.27081E-02 -0.23867E-04 -0.41838E-02  0.82302E-03
 0.17722E+02  0.64827E-01 -0.13564E-01  0.31114E-02  0.81034E-02  0.16927E-02 -0.56158E-01 -0.30556E-02 -0.22702E-04 -0.41267E-02  0.80748E-03
 0.16634E+02  0.63639E-01 -0.11819E-01  0.33456E-02  0.76922E-02  0.16172E-02 -0.56143E-01 -0.34088E-02 -0.21476E-04 -0.41143E-02  0.78750E-03
 0.15588E+02  0.61895E-01 -0.96193E-02  0.35363E-02  0.71064E-02  0.15492E-02 -0.55780E-01 -0.37470E-02 -0.20192E-04 -0.41570E-02  0.76359E-03
 0.14582E+02  0.59587E-01 -0.70208E-02  0.36797E-02  0.63792E-02  0.14891E-02 -0.55055E-01 -0.40396E-02 -0.18851E-04 -0.42667E-02  0.73396E-03
 0.13617E+02  0.56730E-01 -0.41084E-02  0.37727E-02  0.55412E-02  0.14370E-02 -0.53954E-01 -0.42477E-02 -0.17461E-04 -0.44546E-02  0.69821E-03
 0.12691E+02  0.53355E-01 -0.99172E-03  0.38132E-02  0.46129E-02  0.13927E-02 -0.52453E-01 -0.43276E-02 -0.16030E-04 -0.47292E-02  0.65677E-03
 0.11804E+02  0.49518E-01  0.21979E-02  0.38001E-02  0.36116E-02  0.13560E-02 -0.50530E-01 -0.42350E-02 -0.14570E-04 -0.50954E-02  0.60894E-03
 0.10953E+02  0.45295E-01  0.53099E-02  0.37336E-02  0.25688E-02  0.13265E-02 -0.48188E-01 -0.39246E-02 -0.13097E-04 -0.55536E-02  0.55459E-03
 0.10139E+02  0.40781E-01  0.81813E-02  0.36151E-02  0.15462E-02  0.13038E-02 -0.45468E-01 -0.33553E-02 -0.11627E-04 -0.60991E-02  0.49407E-03
 0.93591E+01  0.36088E-01  0.10651E-01  0.34474E-02  0.64159E-03  0.12869E-02 -0.42460E-01 -0.24969E-02 -0.10180E-04 -0.67206E-02  0.42771E-03
 0.86128E+01  0.31337E-01  0.12578E-01  0.32346E-02 -0.14473E-04  0.12744E-02 -0.39307E-01 -0.13382E-02 -0.87763E-05 -0.73983E-02  0.35713E-03
 0.78985E+01  0.26652E-01  0.13851E-01  0.29824E-02 -0.26664E-03  0.12647E-02 -0.36194E-01  0.10551E-03 -0.74371E-05 -0.81029E-02  0.28460E-03
 0.72145E+01  0.22153E-01  0.14406E-01  0.26978E-02  0.52137E-04  0.12556E-02 -0.33337E-01  0.17873E-02 -0.61819E-05 -0.87958E-02  0.21253E-03
 0.65593E+01  0.17948E-01  0.14231E-01  0.23888E-02  0.11059E-02  0.12446E-02 -0.30967E-01  0.36294E-02 -0.50281E-05 -0.94307E-02  0.14440E-03
 0.59312E+01  0.14127E-01  0.13369E-01  0.20650E-02  0.30408E-02  0.12289E-02 -0.29312E-01  0.55243E-02 -0.39901E-05 -0.99552E-02  0.83455E-04
 0.53281E+01  0.10759E-01  0.11924E-01  0.17363E-02  0.59721E-02  0.12057E-02 -0.28588E-01  0.73398E-02 -0.30779E-05 -0.10314E-01  0.31980E-04
 0.47484E+01  0.78849E-02  0.10051E-01  0.14135E-02  0.99726E-02  0.11722E-02 -0.28975E-01  0.89282E-02 -0.22973E-05 -0.10454E-01 -0.82046E-05
 0.41900E+01  0.55208E-02  0.79478E-02  0.11070E-02  0.15066E-01  0.11259E-02 -0.30614E-01  0.10139E-01 -0.16490E-05 -0.10327E-01 -0.35716E-04
 0.36508E+01  0.36558E-02  0.58296E-02  0.82692E-03  0.21227E-01  0.10644E-02 -0.33590E-01  0.10836E-01 -0.11289E-05 -0.98984E-02 -0.48918E-04
 0.31288E+01  0.22564E-02  0.39022E-02  0.58191E-03  0.28382E-01  0.98578E-03 -0.37920E-01  0.10921E-01 -0.72849E-06 -0.91557E-02 -0.47512E-04
 0.26218E+01  0.12697E-02  0.23268E-02  0.37881E-03  0.36403E-01  0.88833E-03 -0.43536E-01  0.10349E-01 -0.43550E-06 -0.81117E-02 -0.33693E-04
 0.21275E+01  0.62863E-03  0.11910E-02  0.22161E-03  0.45094E-01  0.77082E-03 -0.50256E-01  0.91520E-02 -0.23460E-06 -0.68109E-02 -0.96086E-05
 0.16438E+01  0.25741E-03  0.49181E-03  0.11077E-03  0.54146E-01  0.63251E-03 -0.57733E-01  0.74427E-02 -0.10853E-06 -0.53275E-02  0.21051E-04
 0.11683E+01  0.77243E-04  0.14536E-03  0.42697E-04  0.63049E-01  0.47340E-03 -0.65374E-01  0.53947E-02 -0.39202E-07 -0.37550E-02  0.52728E-04
 0.69860E+00  0.12847E-04  0.23237E-04  0.97399E-05  0.70894E-01  0.29486E-03 -0.72170E-01  0.32063E-02 -0.87806E-08 -0.21893E-02  0.81482E-04
 0.23247E+00  0.58902E-06  0.83430E-06  0.38571E-06  0.76436E-01  0.10090E-03 -0.76612E-01  0.12171E-02 -0.56246E-09 -0.10457E-02  0.98049E-04
