# k=(1/2)<u_i u_i> budget
#
# y+           P+           TD+          TCR+         PD+          PCR+         PS+          VD+          VCR+         D+           balance
 0.17850E+03  0.41568E-05  0.79801E-02  0.40877E-03 -0.48110E-03  0.22153E-03 -0.59481E-03  0.13277E-02 -0.82336E-03 -0.65908E-02  0.14522E-02
 0.17552E+03  0.39314E-04  0.94862E-02 -0.20098E-04 -0.11667E-02 -0.21047E-04 -0.15905E-04  0.56951E-03 -0.22425E-03 -0.76216E-02  0.10254E-02
 0.17254E+03  0.11583E-03  0.95025E-02  0.39639E-05 -0.13956E-02 -0.16599E-04 -0.52885E-05  0.50194E-03 -0.68067E-04 -0.77423E-02  0.89637E-03
 0.16957E+03  0.23386E-03  0.94445E-02  0.66781E-05 -0.14006E-02 -0.80658E-05 -0.33600E-05  0.48698E-03 -0.34222E-04 -0.78749E-02  0.85093E-03
 0.16661E+03  0.39182E-03  0.93321E-02  0.86742E-05 -0.13399E-02 -0.51986E-05 -0.26408E-05  0.47163E-03 -0.21076E-04 -0.80130E-02  0.82231E-03
 0.16365E+03  0.58759E-03  0.91693E-02  0.87742E-05 -0.12436E-02 -0.39761E-05 -0.19582E-05  0.46431E-03 -0.14537E-04 -0.81661E-02  0.79980E-03
 0.16071E+03  0.81785E-03  0.89745E-02  0.90486E-05 -0.11240E-02 -0.34301E-05 -0.55250E-06  0.45173E-03 -0.10921E-04 -0.83340E-02  0.78017E-03
 0.15778E+03  0.10798E-02  0.87557E-02  0.96865E-05 -0.99094E-03 -0.31492E-05  0.95194E-06  0.43351E-03 -0.86829E-05 -0.85130E-02  0.76390E-03
 0.15485E+03  0.13737E-02  0.85162E-02  0.10326E-04 -0.85495E-03 -0.29599E-05  0.16826E-05  0.41697E-03 -0.71427E-05 -0.87038E-02  0.75004E-03
 0.15194E+03  0.17031E-02  0.82623E-02  0.10691E-04 -0.72502E-03 -0.28383E-05  0.21342E-05  0.40485E-03 -0.60247E-05 -0.89126E-02  0.73656E-03
 0.14904E+03  0.20696E-02  0.80003E-02  0.10918E-04 -0.60698E-03 -0.28289E-05  0.30311E-05  0.40184E-03 -0.52050E-05 -0.91475E-02  0.72321E-03
 0.14615E+03  0.24706E-02  0.77399E-02  0.11093E-04 -0.50528E-03 -0.29132E-05  0.40985E-05  0.41242E-03 -0.46022E-05 -0.94127E-02  0.71265E-03
 0.14327E+03  0.29014E-02  0.75017E-02  0.11204E-04 -0.42626E-03 -0.29992E-05  0.47021E-05  0.42992E-03 -0.41629E-05 -0.97067E-02  0.70874E-03
 0.14041E+03  0.33612E-02  0.73047E-02  0.11256E-04 -0.37784E-03 -0.30471E-05  0.41729E-05  0.44245E-03 -0.38415E-05 -0.10025E-01  0.71373E-03
 0.13756E+03  0.38543E-02  0.71526E-02  0.11150E-04 -0.36364E-03 -0.31183E-05  0.23415E-05  0.43812E-03 -0.36152E-05 -0.10362E-01  0.72619E-03
 0.13472E+03  0.43864E-02  0.70302E-02  0.11173E-04 -0.37807E-03 -0.32964E-05  0.35236E-06  0.41447E-03 -0.34650E-05 -0.10715E-01  0.74284E-03
 0.13189E+03  0.49607E-02  0.69090E-02  0.11528E-04 -0.40907E-03 -0.35896E-05 -0.11172E-05  0.38960E-03 -0.33462E-05 -0.11092E-01  0.76168E-03
 0.12908E+03  0.55758E-02  0.67737E-02  0.11824E-04 -0.44530E-03 -0.39222E-05 -0.25618E-05  0.37250E-03 -0.32341E-05 -0.11498E-01  0.78052E-03
 0.12629E+03  0.62263E-02  0.66282E-02  0.11869E-04 -0.48020E-03 -0.42183E-05 -0.43076E-05  0.34773E-03 -0.31425E-05 -0.11927E-01  0.79539E-03
 0.12351E+03  0.69046E-02  0.64725E-02  0.11913E-04 -0.51082E-03 -0.44635E-05 -0.61092E-05  0.30985E-03 -0.30796E-05 -0.12371E-01  0.80372E-03
 0.12074E+03  0.76034E-02  0.62977E-02  0.12094E-04 -0.53464E-03 -0.46936E-05 -0.75787E-05  0.27519E-03 -0.30376E-05 -0.12833E-01  0.80526E-03
 0.11799E+03  0.83162E-02  0.61018E-02  0.12318E-04 -0.54818E-03 -0.49557E-05 -0.80032E-05  0.25929E-03 -0.30098E-05 -0.13323E-01  0.80246E-03
 0.11526E+03  0.90334E-02  0.59083E-02  0.12466E-04 -0.54886E-03 -0.52737E-05 -0.70708E-05  0.25133E-03 -0.29972E-05 -0.13844E-01  0.79737E-03
 0.11255E+03  0.97388E-02  0.57526E-02  0.12665E-04 -0.53775E-03 -0.56504E-05 -0.51986E-05  0.23179E-03 -0.29986E-05 -0.14394E-01  0.79060E-03
 0.10985E+03  0.10414E-01  0.56522E-02  0.13012E-04 -0.52028E-03 -0.60792E-05 -0.29153E-05  0.20571E-03 -0.30017E-05 -0.14970E-01  0.78243E-03
 0.10718E+03  0.11048E-01  0.56021E-02  0.13341E-04 -0.50534E-03 -0.65457E-05 -0.67639E-06  0.19805E-03 -0.29981E-05 -0.15572E-01  0.77306E-03
 0.10452E+03  0.11652E-01  0.55939E-02  0.13461E-04 -0.50318E-03 -0.70474E-05  0.94583E-06  0.22185E-03 -0.29950E-05 -0.16204E-01  0.76483E-03
 0.10188E+03  0.12257E-01  0.56210E-02  0.13516E-04 -0.52127E-03 -0.75944E-05  0.11611E-05  0.27088E-03 -0.30040E-05 -0.16870E-01  0.76203E-03
 0.99266E+02  0.12896E-01  0.56760E-02  0.13669E-04 -0.56179E-03 -0.81828E-05  0.30139E-06  0.33367E-03 -0.30280E-05 -0.17579E-01  0.76783E-03
 0.96672E+02  0.13581E-01  0.57704E-02  0.13941E-04 -0.62224E-03 -0.87956E-05 -0.16347E-05  0.38551E-03 -0.30646E-05 -0.18333E-01  0.78239E-03
 0.94100E+02  0.14319E-01  0.59150E-02  0.14265E-04 -0.69540E-03 -0.94210E-05 -0.55208E-05  0.39906E-03 -0.31142E-05 -0.19134E-01  0.79989E-03
 0.91550E+02  0.15122E-01  0.60683E-02  0.14768E-04 -0.76830E-03 -0.10059E-04 -0.10214E-04  0.39685E-03 -0.31774E-05 -0.19994E-01  0.81630E-03
 0.89025E+02  0.16006E-01  0.61737E-02  0.15535E-04 -0.82529E-03 -0.10706E-04 -0.13729E-04  0.41694E-03 -0.32507E-05 -0.20930E-01  0.82974E-03
 0.86523E+02  0.16972E-01  0.62203E-02  0.16475E-04 -0.85569E-03 -0.11328E-04 -0.16332E-04  0.45963E-03 -0.33307E-05 -0.21944E-01  0.83769E-03
 0.84047E+02  0.17999E-01  0.62424E-02  0.17442E-04 -0.85694E-03 -0.11918E-04 -0.18506E-04  0.49829E-03 -0.34179E-05 -0.23024E-01  0.84208E-03
 0.81597E+02  0.19056E-01  0.62914E-02  0.18409E-04 -0.82949E-03 -0.12528E-04 -0.19394E-04  0.50320E-03 -0.35127E-05 -0.24159E-01  0.84483E-03
 0.79173E+02  0.20109E-01  0.63989E-02  0.19233E-04 -0.77514E-03 -0.13184E-04 -0.19208E-04  0.48003E-03 -0.36114E-05 -0.25349E-01  0.84682E-03
 0.76776E+02  0.21140E-01  0.65785E-02  0.19777E-04 -0.70167E-03 -0.13852E-04 -0.18994E-04  0.44899E-03 -0.37129E-05 -0.26600E-01  0.84920E-03
 0.74408E+02  0.22160E-01  0.68281E-02  0.20251E-04 -0.62450E-03 -0.14477E-04 -0.19699E-04  0.41097E-03 -0.38153E-05 -0.27906E-01  0.85123E-03
 0.72069E+02  0.23206E-01  0.71147E-02  0.20827E-04 -0.56178E-03 -0.15033E-04 -0.21990E-04  0.37243E-03 -0.39152E-05 -0.29260E-01  0.85067E-03
 0.69759E+02  0.24317E-01  0.73822E-02  0.21558E-04 -0.52363E-03 -0.15541E-04 -0.26785E-04  0.36262E-03 -0.40096E-05 -0.30668E-01  0.84548E-03
 0.67480E+02  0.25528E-01  0.75847E-02  0.22299E-04 -0.50403E-03 -0.16022E-04 -0.33686E-04  0.40712E-03 -0.40997E-05 -0.32149E-01  0.83482E-03
 0.65232E+02  0.26853E-01  0.77138E-02  0.23009E-04 -0.48756E-03 -0.16468E-04 -0.40192E-04  0.50061E-03 -0.41917E-05 -0.33720E-01  0.82170E-03
 0.63016E+02  0.28289E-01  0.78111E-02  0.23772E-04 -0.46192E-03 -0.16857E-04 -0.44929E-04  0.59221E-03 -0.42878E-05 -0.35382E-01  0.80648E-03
 0.60833E+02  0.29827E-01  0.79263E-02  0.24509E-04 -0.42347E-03 -0.17156E-04 -0.48133E-04  0.62547E-03 -0.43858E-05 -0.37123E-01  0.78685E-03
 0.58684E+02  0.31465E-01  0.80448E-02  0.25132E-04 -0.37620E-03 -0.17325E-04 -0.52978E-04  0.61739E-03 -0.44825E-05 -0.38942E-01  0.75905E-03
 0.56569E+02  0.33224E-01  0.80809E-02  0.25591E-04 -0.32583E-03 -0.17345E-04 -0.59525E-04  0.66141E-03 -0.45745E-05 -0.40861E-01  0.72318E-03
 0.54489E+02  0.35132E-01  0.79854E-02  0.25806E-04 -0.27537E-03 -0.17213E-04 -0.66943E-04  0.80272E-03 -0.46593E-05 -0.42900E-01  0.68229E-03
 0.52446E+02  0.37202E-01  0.78000E-02  0.25801E-04 -0.22492E-03 -0.16944E-04 -0.74856E-04  0.98340E-03 -0.47357E-05 -0.45054E-01  0.63593E-03
 0.50438E+02  0.39426E-01  0.75859E-02  0.25558E-04 -0.17518E-03 -0.16544E-04 -0.82168E-04  0.11381E-02 -0.48037E-05 -0.47311E-01  0.58548E-03
 0.48469E+02  0.41800E-01  0.73564E-02  0.25146E-04 -0.13244E-03 -0.16017E-04 -0.89610E-04  0.12624E-02 -0.48642E-05 -0.49668E-01  0.53317E-03
 0.46537E+02  0.44344E-01  0.70711E-02  0.24588E-04 -0.10549E-03 -0.15363E-04 -0.98368E-04  0.13965E-02 -0.49163E-05 -0.52131E-01  0.48050E-03
 0.44644E+02  0.47107E-01  0.66653E-02  0.23903E-04 -0.10019E-03 -0.14573E-04 -0.10642E-03  0.15823E-02 -0.49590E-05 -0.54722E-01  0.42959E-03
 0.42790E+02  0.50151E-01  0.60861E-02  0.23083E-04 -0.12063E-03 -0.13634E-04 -0.11403E-03  0.18403E-02 -0.49900E-05 -0.57461E-01  0.38533E-03
 0.40977E+02  0.53528E-01  0.53340E-02  0.22068E-04 -0.17105E-03 -0.12512E-04 -0.12194E-03  0.21236E-02 -0.50089E-05 -0.60348E-01  0.34976E-03
 0.39204E+02  0.57280E-01  0.44338E-02  0.20963E-04 -0.25980E-03 -0.11142E-04 -0.12995E-03  0.23506E-02 -0.50163E-05 -0.63356E-01  0.32321E-03
 0.37472E+02  0.61444E-01  0.33866E-02  0.19845E-04 -0.39720E-03 -0.94675E-05 -0.13904E-03  0.24618E-02 -0.50115E-05 -0.66458E-01  0.30351E-03
 0.35781E+02  0.66066E-01  0.21279E-02  0.18627E-04 -0.58460E-03 -0.74545E-05 -0.14917E-03  0.24650E-02 -0.49933E-05 -0.69640E-01  0.29109E-03
 0.34133E+02  0.71201E-01  0.54698E-03  0.17308E-04 -0.81328E-03 -0.50826E-05 -0.15960E-03  0.24105E-02 -0.49614E-05 -0.72906E-01  0.28724E-03
 0.32527E+02  0.76919E-01 -0.14546E-02  0.16024E-04 -0.10704E-02 -0.23522E-05 -0.16989E-03  0.23217E-02 -0.49148E-05 -0.76263E-01  0.29151E-03
 0.30964E+02  0.83293E-01 -0.39432E-02  0.14793E-04 -0.13412E-02  0.71881E-06 -0.17850E-03  0.21779E-02 -0.48527E-05 -0.79713E-01  0.30608E-03
 0.29444E+02  0.90385E-01 -0.69505E-02  0.13459E-04 -0.16082E-02  0.40970E-05 -0.18531E-03  0.19151E-02 -0.47759E-05 -0.83240E-01  0.32883E-03
 0.27968E+02  0.98231E-01 -0.10499E-01  0.11973E-04 -0.18505E-02  0.77367E-05 -0.19029E-03  0.14851E-02 -0.46858E-05 -0.86832E-01  0.35979E-03
 0.26535E+02  0.10684E+00 -0.14632E-01  0.10390E-04 -0.20443E-02  0.11578E-04 -0.19316E-03  0.90938E-03 -0.45830E-05 -0.90487E-01  0.40543E-03
 0.25146E+02  0.11616E+00 -0.19328E-01  0.87149E-05 -0.21680E-02  0.15557E-04 -0.19226E-03  0.16356E-03 -0.44676E-05 -0.94193E-01  0.46692E-03
 0.23800E+02  0.12615E+00 -0.24476E-01  0.69936E-05 -0.22083E-02  0.19614E-04 -0.18678E-03 -0.85353E-03 -0.43403E-05 -0.97908E-01  0.54469E-03
 0.22498E+02  0.13671E+00 -0.29926E-01  0.53022E-05 -0.21624E-02  0.23691E-04 -0.17758E-03 -0.22451E-02 -0.42019E-05 -0.10158E+00  0.63880E-03
 0.21239E+02  0.14768E+00 -0.35519E-01  0.36624E-05 -0.20357E-02  0.27723E-04 -0.16586E-03 -0.40742E-02 -0.40532E-05 -0.10516E+00  0.75052E-03
 0.20024E+02  0.15888E+00 -0.41033E-01  0.20836E-05 -0.18361E-02  0.31628E-04 -0.15247E-03 -0.64211E-02 -0.38955E-05 -0.10859E+00  0.87715E-03
 0.18851E+02  0.17006E+00 -0.46187E-01  0.57411E-06 -0.15718E-02  0.35313E-04 -0.13767E-03 -0.93650E-02 -0.37300E-05 -0.11181E+00  0.10184E-02
 0.17722E+02  0.18090E+00 -0.50655E-01 -0.87625E-06 -0.12505E-02  0.38688E-04 -0.12132E-03 -0.12975E-01 -0.35577E-05 -0.11476E+00  0.11730E-02
 0.16634E+02  0.19101E+00 -0.54044E-01 -0.22829E-05 -0.88211E-03  0.41666E-04 -0.10381E-03 -0.17325E-01 -0.33796E-05 -0.11735E+00  0.13409E-02
 0.15588E+02  0.19997E+00 -0.55936E-01 -0.36429E-05 -0.47821E-03  0.44178E-04 -0.85863E-04 -0.22462E-01 -0.31972E-05 -0.11952E+00  0.15210E-02
 0.14582E+02  0.20728E+00 -0.55919E-01 -0.49380E-05 -0.50112E-04  0.46169E-04 -0.68173E-04 -0.28382E-01 -0.30121E-05 -0.12119E+00  0.17065E-02
 0.13617E+02  0.21244E+00 -0.53623E-01 -0.61372E-05  0.39298E-03  0.47604E-04 -0.51171E-04 -0.34998E-01 -0.28259E-05 -0.12231E+00  0.18919E-02
 0.12691E+02  0.21497E+00 -0.48776E-01 -0.72045E-05  0.84435E-03  0.48464E-04 -0.35156E-04 -0.42117E-01 -0.26405E-05 -0.12285E+00  0.20700E-02
 0.11804E+02  0.21443E+00 -0.41271E-01 -0.81232E-05  0.12999E-02  0.48749E-04 -0.20312E-04 -0.49406E-01 -0.24572E-05 -0.12285E+00  0.22255E-02
 0.10953E+02  0.21052E+00 -0.31216E-01 -0.88990E-05  0.17583E-02  0.48475E-04 -0.64901E-05 -0.56368E-01 -0.22776E-05 -0.12238E+00  0.23460E-02
 0.10139E+02  0.20306E+00 -0.18975E-01 -0.95376E-05  0.22207E-02  0.47669E-04  0.65672E-05 -0.62347E-01 -0.21030E-05 -0.12158E+00  0.24230E-02
 0.93591E+01  0.19212E+00 -0.51985E-02 -0.10032E-04  0.26897E-02  0.46372E-04  0.19128E-04 -0.66549E-01 -0.19346E-05 -0.12067E+00  0.24471E-02
 0.86128E+01  0.17795E+00  0.92096E-02 -0.10369E-04  0.31690E-02  0.44628E-04  0.31475E-04 -0.68103E-01 -0.17732E-05 -0.11988E+00  0.24125E-02
 0.78985E+01  0.16104E+00  0.23169E-01 -0.10536E-04  0.36625E-02  0.42484E-04  0.43860E-04 -0.66168E-01 -0.16191E-05 -0.11946E+00  0.23183E-02
 0.72145E+01  0.14209E+00  0.35536E-01 -0.10517E-04  0.41732E-02  0.39990E-04  0.56460E-04 -0.60054E-01 -0.14724E-05 -0.11966E+00  0.21683E-02
 0.65593E+01  0.12193E+00  0.45250E-01 -0.10290E-04  0.47021E-02  0.37192E-04  0.69381E-04 -0.49341E-01 -0.13327E-05 -0.12066E+00  0.19756E-02
 0.59312E+01  0.10147E+00  0.51476E-01 -0.98300E-05  0.52468E-02  0.34136E-04  0.82664E-04 -0.33994E-01 -0.11991E-05 -0.12255E+00  0.17577E-02
 0.53281E+01  0.81614E-01  0.53737E-01 -0.91134E-05  0.57996E-02  0.30870E-04  0.96225E-04 -0.14433E-01 -0.10703E-05 -0.12530E+00  0.15312E-02
 0.47484E+01  0.63159E-01  0.52008E-01 -0.81316E-05  0.63462E-02  0.27440E-04  0.10983E-03  0.84431E-02 -0.94508E-06 -0.12877E+00  0.13107E-02
 0.41900E+01  0.46759E-01  0.46752E-01 -0.69082E-05  0.68632E-02  0.23895E-04  0.12323E-03  0.33311E-01 -0.82181E-06 -0.13272E+00  0.11069E-02
 0.36508E+01  0.32858E-01  0.38879E-01 -0.55125E-05  0.73171E-02  0.20289E-04  0.13634E-03  0.58547E-01 -0.69929E-06 -0.13682E+00  0.92964E-03
 0.31288E+01  0.21671E-01  0.29622E-01 -0.40593E-05  0.76610E-02  0.16680E-04  0.14933E-03  0.82433E-01 -0.57692E-06 -0.14077E+00  0.78325E-03
 0.26218E+01  0.13191E-01  0.20335E-01 -0.26925E-05  0.78304E-02  0.13134E-04  0.16284E-03  0.10343E+00 -0.45500E-06 -0.14430E+00  0.66280E-03
 0.21275E+01  0.72121E-02  0.12239E-01 -0.15532E-05  0.77376E-02  0.97310E-05  0.17840E-03  0.12049E+00 -0.33518E-06 -0.14731E+00  0.56112E-03
 0.16438E+01  0.33777E-02  0.61627E-02 -0.73622E-06  0.72644E-02  0.65774E-05  0.19874E-03  0.13335E+00 -0.22068E-06 -0.14989E+00  0.47015E-03
 0.11683E+01  0.12326E-02  0.23677E-02 -0.25849E-06  0.62514E-02  0.38164E-05  0.22815E-03  0.14272E+00 -0.11660E-06 -0.15242E+00  0.38336E-03
 0.69860E+00  0.27852E-03  0.55508E-03 -0.53817E-07  0.44855E-02  0.16511E-05  0.27293E-03  0.15024E+00 -0.30276E-07 -0.15552E+00  0.31852E-03
 0.23247E+00  0.17980E-04  0.37421E-04 -0.35749E-08  0.27077E-02  0.37298E-06 -0.67911E-03  0.15834E+00  0.27966E-07 -0.16019E+00  0.23564E-03
