# <u_t u_t> budget
#
# y+          P+(NC)       TD+          TCR+         PD+(NC)      PCR+         PS+          VD+         VCR+         D+            balance
 0.17850E+03  0.00000E+00  0.13360E-02  0.14830E-02  0.00000E+00  0.17023E-03  0.26739E-02  0.10231E-02 -0.15012E-02 -0.41010E-02  0.10840E-02
 0.17552E+03  0.00000E+00  0.13259E-02  0.12869E-02  0.00000E+00 -0.83779E-03  0.26007E-02  0.15615E-03 -0.28407E-03 -0.40446E-02  0.20319E-03
 0.17254E+03  0.00000E+00  0.13749E-02  0.13441E-02  0.00000E+00 -0.11795E-02  0.26294E-02  0.16513E-03 -0.11675E-03 -0.41365E-02  0.80748E-04
 0.16957E+03  0.00000E+00  0.13862E-02  0.13693E-02  0.00000E+00 -0.12976E-02  0.26934E-02  0.17250E-03 -0.75048E-04 -0.41955E-02  0.53221E-04
 0.16661E+03  0.00000E+00  0.13688E-02  0.13803E-02  0.00000E+00 -0.13310E-02  0.27772E-02  0.17226E-03 -0.60584E-04 -0.42603E-02  0.46602E-04
 0.16365E+03  0.00000E+00  0.13352E-02  0.13755E-02  0.00000E+00 -0.13209E-02  0.28750E-02  0.17798E-03 -0.54429E-04 -0.43440E-02  0.44246E-04
 0.16071E+03  0.00000E+00  0.13052E-02  0.13639E-02  0.00000E+00 -0.12841E-02  0.29850E-02  0.16627E-03 -0.51617E-04 -0.44445E-02  0.40080E-04
 0.15778E+03  0.00000E+00  0.12717E-02  0.13496E-02  0.00000E+00 -0.12293E-02  0.31067E-02  0.14367E-03 -0.49734E-04 -0.45587E-02  0.33957E-04
 0.15485E+03  0.00000E+00  0.12196E-02  0.13312E-02  0.00000E+00 -0.11627E-02  0.32407E-02  0.13366E-03 -0.47706E-04 -0.46874E-02  0.27261E-04
 0.15194E+03  0.00000E+00  0.11456E-02  0.13056E-02  0.00000E+00 -0.10895E-02  0.33898E-02  0.14694E-03 -0.45492E-04 -0.48315E-02  0.21470E-04
 0.14904E+03  0.00000E+00  0.10576E-02  0.12724E-02  0.00000E+00 -0.10139E-02  0.35583E-02  0.17860E-03 -0.43498E-04 -0.49913E-02  0.18126E-04
 0.14615E+03  0.00000E+00  0.96328E-03  0.12324E-02  0.00000E+00 -0.93903E-03  0.37501E-02  0.22026E-03 -0.42123E-04 -0.51667E-02  0.18142E-04
 0.14327E+03  0.00000E+00  0.87216E-03  0.11874E-02  0.00000E+00 -0.86755E-03  0.39676E-02  0.26017E-03 -0.41611E-04 -0.53572E-02  0.20980E-04
 0.14041E+03  0.00000E+00  0.79181E-03  0.11398E-02  0.00000E+00 -0.80227E-03  0.42093E-02  0.29241E-03 -0.42006E-04 -0.55621E-02  0.26922E-04
 0.13756E+03  0.00000E+00  0.73248E-03  0.10922E-02  0.00000E+00 -0.74604E-03  0.44737E-02  0.30203E-03 -0.43222E-04 -0.57761E-02  0.35032E-04
 0.13472E+03  0.00000E+00  0.69706E-03  0.10477E-02  0.00000E+00 -0.70073E-03  0.47625E-02  0.27387E-03 -0.44997E-04 -0.59930E-02  0.42386E-04
 0.13189E+03  0.00000E+00  0.65864E-03  0.10074E-02  0.00000E+00 -0.66644E-03  0.50780E-02  0.23830E-03 -0.46907E-04 -0.62209E-02  0.48107E-04
 0.12908E+03  0.00000E+00  0.59433E-03  0.96832E-03  0.00000E+00 -0.64178E-03  0.54218E-02  0.22903E-03 -0.48664E-04 -0.64701E-02  0.52903E-04
 0.12629E+03  0.00000E+00  0.51772E-03  0.92770E-03  0.00000E+00 -0.62480E-03  0.57933E-02  0.22993E-03 -0.50243E-04 -0.67362E-02  0.57338E-04
 0.12351E+03  0.00000E+00  0.44868E-03  0.88601E-03  0.00000E+00 -0.61366E-03  0.61859E-02  0.21648E-03 -0.51683E-04 -0.70094E-02  0.62350E-04
 0.12074E+03  0.00000E+00  0.38959E-03  0.84453E-03  0.00000E+00 -0.60678E-03  0.65911E-02  0.18923E-03 -0.52954E-04 -0.72872E-02  0.67501E-04
 0.11799E+03  0.00000E+00  0.33748E-03  0.80383E-03  0.00000E+00 -0.60267E-03  0.70055E-02  0.15616E-03 -0.53999E-04 -0.75743E-02  0.71996E-04
 0.11526E+03  0.00000E+00  0.29760E-03  0.76437E-03  0.00000E+00 -0.59984E-03  0.74304E-02  0.11210E-03 -0.54767E-04 -0.78742E-02  0.75643E-04
 0.11255E+03  0.00000E+00  0.27113E-03  0.72719E-03  0.00000E+00 -0.59704E-03  0.78650E-02  0.53221E-04 -0.55198E-04 -0.81868E-02  0.77485E-04
 0.10985E+03  0.00000E+00  0.23665E-03  0.69236E-03  0.00000E+00 -0.59352E-03  0.83043E-02  0.99733E-05 -0.55219E-04 -0.85167E-02  0.77797E-04
 0.10718E+03  0.00000E+00  0.17333E-03  0.65791E-03  0.00000E+00 -0.58922E-03  0.87426E-02  0.18949E-04 -0.54831E-04 -0.88714E-02  0.77375E-04
 0.10452E+03  0.00000E+00  0.97333E-04  0.62198E-03  0.00000E+00 -0.58479E-03  0.91747E-02  0.70462E-04 -0.54177E-04 -0.92490E-02  0.76533E-04
 0.10188E+03  0.00000E+00  0.44924E-04  0.58537E-03  0.00000E+00 -0.58145E-03  0.95950E-02  0.12650E-03 -0.53459E-04 -0.96416E-02  0.75215E-04
 0.99266E+02  0.00000E+00  0.34751E-04  0.55059E-03  0.00000E+00 -0.58048E-03  0.10001E-01  0.16867E-03 -0.52830E-04 -0.10047E-01  0.74640E-04
 0.96672E+02  0.00000E+00  0.66286E-04  0.52003E-03  0.00000E+00 -0.58289E-03  0.10396E-01  0.20067E-03 -0.52367E-04 -0.10470E-01  0.77468E-04
 0.94100E+02  0.00000E+00  0.13791E-03  0.49545E-03  0.00000E+00 -0.58924E-03  0.10793E-01  0.21770E-03 -0.52098E-04 -0.10918E-01  0.84963E-04
 0.91550E+02  0.00000E+00  0.23796E-03  0.47828E-03  0.00000E+00 -0.59948E-03  0.11214E-01  0.21048E-03 -0.52014E-04 -0.11393E-01  0.95650E-04
 0.89025E+02  0.00000E+00  0.33355E-03  0.46848E-03  0.00000E+00 -0.61263E-03  0.11679E-01  0.18772E-03 -0.52069E-04 -0.11897E-01  0.10649E-03
 0.86523E+02  0.00000E+00  0.39149E-03  0.46397E-03  0.00000E+00 -0.62709E-03  0.12206E-01  0.16219E-03 -0.52214E-04 -0.12429E-01  0.11544E-03
 0.84047E+02  0.00000E+00  0.40144E-03  0.46165E-03  0.00000E+00 -0.64122E-03  0.12811E-01  0.12592E-03 -0.52414E-04 -0.12983E-01  0.12345E-03
 0.81597E+02  0.00000E+00  0.36936E-03  0.45901E-03  0.00000E+00 -0.65366E-03  0.13495E-01  0.66936E-04 -0.52631E-04 -0.13552E-01  0.13116E-03
 0.79173E+02  0.00000E+00  0.30047E-03  0.45394E-03  0.00000E+00 -0.66327E-03  0.14238E-01  0.78823E-06 -0.52812E-04 -0.14138E-01  0.13912E-03
 0.76776E+02  0.00000E+00  0.22618E-03  0.44540E-03  0.00000E+00 -0.66922E-03  0.15001E-01 -0.72529E-04 -0.52910E-04 -0.14733E-01  0.14498E-03
 0.74408E+02  0.00000E+00  0.17805E-03  0.43456E-03  0.00000E+00 -0.67130E-03  0.15742E-01 -0.15011E-03 -0.52881E-04 -0.15332E-01  0.14876E-03
 0.72069E+02  0.00000E+00  0.15703E-03  0.42309E-03  0.00000E+00 -0.67012E-03  0.16433E-01 -0.20671E-03 -0.52694E-04 -0.15933E-01  0.15077E-03
 0.69759E+02  0.00000E+00  0.13896E-03  0.41185E-03  0.00000E+00 -0.66695E-03  0.17069E-01 -0.21101E-03 -0.52350E-04 -0.16538E-01  0.15130E-03
 0.67480E+02  0.00000E+00  0.10774E-03  0.40042E-03  0.00000E+00 -0.66296E-03  0.17675E-01 -0.16135E-03 -0.51900E-04 -0.17153E-01  0.15348E-03
 0.65232E+02  0.00000E+00  0.84242E-04  0.38866E-03  0.00000E+00 -0.65868E-03  0.18282E-01 -0.11577E-03 -0.51430E-04 -0.17772E-01  0.15725E-03
 0.63016E+02  0.00000E+00  0.79173E-04  0.37730E-03  0.00000E+00 -0.65393E-03  0.18916E-01 -0.11341E-03 -0.51011E-04 -0.18392E-01  0.16227E-03
 0.60833E+02  0.00000E+00  0.77477E-04  0.36667E-03  0.00000E+00 -0.64821E-03  0.19589E-01 -0.14559E-03 -0.50668E-04 -0.19019E-01  0.17001E-03
 0.58684E+02  0.00000E+00  0.62052E-04  0.35647E-03  0.00000E+00 -0.64114E-03  0.20306E-01 -0.19822E-03 -0.50400E-04 -0.19655E-01  0.17998E-03
 0.56569E+02  0.00000E+00  0.14712E-04  0.34588E-03  0.00000E+00 -0.63262E-03  0.21064E-01 -0.25320E-03 -0.50189E-04 -0.20297E-01  0.19161E-03
 0.54489E+02  0.00000E+00 -0.74075E-04  0.33358E-03  0.00000E+00 -0.62276E-03  0.21852E-01 -0.29403E-03 -0.50019E-04 -0.20942E-01  0.20268E-03
 0.52446E+02  0.00000E+00 -0.20181E-03  0.31846E-03  0.00000E+00 -0.61169E-03  0.22656E-01 -0.30956E-03 -0.49886E-04 -0.21590E-01  0.21120E-03
 0.50438E+02  0.00000E+00 -0.34937E-03  0.29986E-03  0.00000E+00 -0.59953E-03  0.23469E-01 -0.30355E-03 -0.49803E-04 -0.22248E-01  0.21916E-03
 0.48469E+02  0.00000E+00 -0.48782E-03  0.27806E-03  0.00000E+00 -0.58648E-03  0.24286E-01 -0.29668E-03 -0.49786E-04 -0.22915E-01  0.22779E-03
 0.46537E+02  0.00000E+00 -0.60684E-03  0.25383E-03  0.00000E+00 -0.57295E-03  0.25098E-01 -0.29694E-03 -0.49848E-04 -0.23588E-01  0.23721E-03
 0.44644E+02  0.00000E+00 -0.70162E-03  0.22806E-03  0.00000E+00 -0.55947E-03  0.25901E-01 -0.30888E-03 -0.49990E-04 -0.24262E-01  0.24656E-03
 0.42790E+02  0.00000E+00 -0.78303E-03  0.20145E-03  0.00000E+00 -0.54663E-03  0.26687E-01 -0.30511E-03 -0.50209E-04 -0.24948E-01  0.25601E-03
 0.40977E+02  0.00000E+00 -0.83546E-03  0.17448E-03  0.00000E+00 -0.53500E-03  0.27447E-01 -0.28605E-03 -0.50506E-04 -0.25648E-01  0.26649E-03
 0.39204E+02  0.00000E+00 -0.82206E-03  0.14848E-03  0.00000E+00 -0.52517E-03  0.28167E-01 -0.29251E-03 -0.50883E-04 -0.26348E-01  0.27667E-03
 0.37472E+02  0.00000E+00 -0.73806E-03  0.12521E-03  0.00000E+00 -0.51788E-03  0.28838E-01 -0.33388E-03 -0.51330E-04 -0.27035E-01  0.28757E-03
 0.35781E+02  0.00000E+00 -0.59673E-03  0.10594E-03  0.00000E+00 -0.51395E-03  0.29463E-01 -0.40576E-03 -0.51827E-04 -0.27701E-01  0.29965E-03
 0.34133E+02  0.00000E+00 -0.40293E-03  0.91536E-04  0.00000E+00 -0.51402E-03  0.30051E-01 -0.51535E-03 -0.52346E-04 -0.28347E-01  0.31086E-03
 0.32527E+02  0.00000E+00 -0.17940E-03  0.82588E-04  0.00000E+00 -0.51839E-03  0.30619E-01 -0.64029E-03 -0.52851E-04 -0.28992E-01  0.31934E-03
 0.30964E+02  0.00000E+00  0.35294E-04  0.78849E-04  0.00000E+00 -0.52707E-03  0.31185E-01 -0.74004E-03 -0.53309E-04 -0.29653E-01  0.32591E-03
 0.29444E+02  0.00000E+00  0.23449E-03  0.79463E-04  0.00000E+00 -0.53970E-03  0.31764E-01 -0.82603E-03 -0.53698E-04 -0.30328E-01  0.33090E-03
 0.27968E+02  0.00000E+00  0.43045E-03  0.83867E-04  0.00000E+00 -0.55563E-03  0.32370E-01 -0.94283E-03 -0.54002E-04 -0.30998E-01  0.33420E-03
 0.26535E+02  0.00000E+00  0.60633E-03  0.91581E-04  0.00000E+00 -0.57390E-03  0.33015E-01 -0.10940E-02 -0.54200E-04 -0.31653E-01  0.33793E-03
 0.25146E+02  0.00000E+00  0.73890E-03  0.10165E-03  0.00000E+00 -0.59324E-03  0.33704E-01 -0.12633E-02 -0.54272E-04 -0.32289E-01  0.34518E-03
 0.23800E+02  0.00000E+00  0.82349E-03  0.11300E-03  0.00000E+00 -0.61223E-03  0.34437E-01 -0.14489E-02 -0.54198E-04 -0.32902E-01  0.35591E-03
 0.22498E+02  0.00000E+00  0.85749E-03  0.12471E-03  0.00000E+00 -0.62953E-03  0.35206E-01 -0.16478E-02 -0.53960E-04 -0.33488E-01  0.36875E-03
 0.21239E+02  0.00000E+00  0.84113E-03  0.13590E-03  0.00000E+00 -0.64403E-03  0.35998E-01 -0.18581E-02 -0.53547E-04 -0.34036E-01  0.38361E-03
 0.20024E+02  0.00000E+00  0.78396E-03  0.14591E-03  0.00000E+00 -0.65496E-03  0.36795E-01 -0.20917E-02 -0.52949E-04 -0.34527E-01  0.39893E-03
 0.18851E+02  0.00000E+00  0.69139E-03  0.15431E-03  0.00000E+00 -0.66183E-03  0.37570E-01 -0.23531E-02 -0.52159E-04 -0.34936E-01  0.41256E-03
 0.17722E+02  0.00000E+00  0.55979E-03  0.16073E-03  0.00000E+00 -0.66439E-03  0.38288E-01 -0.26250E-02 -0.51171E-04 -0.35242E-01  0.42524E-03
 0.16634E+02  0.00000E+00  0.38508E-03  0.16480E-03  0.00000E+00 -0.66258E-03  0.38912E-01 -0.28848E-02 -0.49983E-04 -0.35428E-01  0.43681E-03
 0.15588E+02  0.00000E+00  0.17046E-03  0.16621E-03  0.00000E+00 -0.65653E-03  0.39407E-01 -0.31178E-02 -0.48599E-04 -0.35474E-01  0.44718E-03
 0.14582E+02  0.00000E+00 -0.74883E-04  0.16480E-03  0.00000E+00 -0.64650E-03  0.39737E-01 -0.33182E-02 -0.47029E-04 -0.35357E-01  0.45770E-03
 0.13617E+02  0.00000E+00 -0.33811E-03  0.16058E-03  0.00000E+00 -0.63287E-03  0.39870E-01 -0.34880E-02 -0.45286E-04 -0.35057E-01  0.46861E-03
 0.12691E+02  0.00000E+00 -0.60705E-03  0.15372E-03  0.00000E+00 -0.61606E-03  0.39778E-01 -0.36309E-02 -0.43387E-04 -0.34556E-01  0.47883E-03
 0.11804E+02  0.00000E+00 -0.87194E-03  0.14449E-03  0.00000E+00 -0.59650E-03  0.39444E-01 -0.37491E-02 -0.41352E-04 -0.33842E-01  0.48788E-03
 0.10953E+02  0.00000E+00 -0.11217E-02  0.13324E-03  0.00000E+00 -0.57457E-03  0.38859E-01 -0.38494E-02 -0.39200E-04 -0.32912E-01  0.49541E-03
 0.10139E+02  0.00000E+00 -0.13431E-02  0.12040E-03  0.00000E+00 -0.55059E-03  0.38025E-01 -0.39460E-02 -0.36949E-04 -0.31768E-01  0.50026E-03
 0.93591E+01  0.00000E+00 -0.15244E-02  0.10648E-03  0.00000E+00 -0.52481E-03  0.36958E-01 -0.40520E-02 -0.34618E-04 -0.30427E-01  0.50156E-03
 0.86128E+01  0.00000E+00 -0.16581E-02  0.91972E-04  0.00000E+00 -0.49741E-03  0.35687E-01 -0.41719E-02 -0.32223E-04 -0.28921E-01  0.49852E-03
 0.78985E+01  0.00000E+00 -0.17389E-02  0.77383E-04  0.00000E+00 -0.46850E-03  0.34247E-01 -0.42999E-02 -0.29779E-04 -0.27297E-01  0.49055E-03
 0.72145E+01  0.00000E+00 -0.17619E-02  0.63168E-04  0.00000E+00 -0.43814E-03  0.32680E-01 -0.44176E-02 -0.27297E-04 -0.25620E-01  0.47776E-03
 0.65593E+01  0.00000E+00 -0.17223E-02  0.49756E-04  0.00000E+00 -0.40635E-03  0.31027E-01 -0.44897E-02 -0.24788E-04 -0.23974E-01  0.46013E-03
 0.59312E+01  0.00000E+00 -0.16167E-02  0.37542E-04  0.00000E+00 -0.37315E-03  0.29328E-01 -0.44569E-02 -0.22262E-04 -0.22459E-01  0.43750E-03
 0.53281E+01  0.00000E+00 -0.14463E-02  0.26873E-04  0.00000E+00 -0.33855E-03  0.27613E-01 -0.42278E-02 -0.19731E-04 -0.21197E-01  0.41031E-03
 0.47484E+01  0.00000E+00 -0.12198E-02  0.18017E-04  0.00000E+00 -0.30261E-03  0.25902E-01 -0.36735E-02 -0.17208E-04 -0.20328E-01  0.37896E-03
 0.41900E+01  0.00000E+00 -0.95697E-03  0.11118E-04  0.00000E+00 -0.26546E-03  0.24198E-01 -0.26259E-02 -0.14708E-04 -0.20002E-01  0.34396E-03
 0.36508E+01  0.00000E+00 -0.68600E-03  0.61503E-05  0.00000E+00 -0.22734E-03  0.22487E-01 -0.88512E-03 -0.12253E-04 -0.20376E-01  0.30679E-03
 0.31288E+01  0.00000E+00 -0.43768E-03  0.29175E-05  0.00000E+00 -0.18862E-03  0.20734E-01  0.17661E-02 -0.98710E-05 -0.21597E-01  0.26924E-03
 0.26218E+01  0.00000E+00 -0.23820E-03  0.10812E-05  0.00000E+00 -0.14992E-03  0.18876E-01  0.55472E-02 -0.75994E-05 -0.23796E-01  0.23256E-03
 0.21275E+01  0.00000E+00 -0.10152E-03  0.22838E-06  0.00000E+00 -0.11210E-03  0.16818E-01  0.10674E-01 -0.54860E-05 -0.27076E-01  0.19785E-03
 0.16438E+01  0.00000E+00 -0.26216E-04 -0.44175E-07  0.00000E+00 -0.76436E-04  0.14428E-01  0.17376E-01 -0.35916E-05 -0.31532E-01  0.16562E-03
 0.11683E+01  0.00000E+00  0.18939E-05 -0.58598E-07  0.00000E+00 -0.44741E-04  0.11521E-01  0.25949E-01 -0.19927E-05 -0.37289E-01  0.13584E-03
 0.69860E+00  0.00000E+00  0.39182E-05 -0.17773E-07  0.00000E+00 -0.19564E-04  0.78538E-02  0.36870E-01 -0.78657E-06 -0.44580E-01  0.12738E-03
 0.23247E+00  0.00000E+00  0.44571E-06 -0.89284E-09  0.00000E+00 -0.44908E-05  0.31058E-02  0.50928E-01 -0.99090E-07 -0.53945E-01  0.84232E-04
