# <u_z u_z> budget
#
# y+          P+           TD+          TCR+(NC)     PD+(NC)      PCR+(NC)     PS+          VD+          VCR+(NC)     D+           balance
 0.17850E+03  0.83136E-05  0.12391E-01  0.00000E+00  0.00000E+00  0.00000E+00 -0.51325E-02  0.14568E-02  0.00000E+00 -0.70034E-02  0.17205E-02
 0.17552E+03  0.78628E-04  0.13179E-01  0.00000E+00  0.00000E+00  0.00000E+00 -0.52202E-02  0.75208E-03  0.00000E+00 -0.70624E-02  0.17275E-02
 0.17254E+03  0.23167E-03  0.13210E-01  0.00000E+00  0.00000E+00  0.00000E+00 -0.52901E-02  0.74041E-03  0.00000E+00 -0.72035E-02  0.16885E-02
 0.16957E+03  0.46772E-03  0.13179E-01  0.00000E+00  0.00000E+00  0.00000E+00 -0.53641E-02  0.71859E-03  0.00000E+00 -0.73564E-02  0.16451E-02
 0.16661E+03  0.78363E-03  0.13079E-01  0.00000E+00  0.00000E+00  0.00000E+00 -0.54425E-02  0.69144E-03  0.00000E+00 -0.75148E-02  0.15965E-02
 0.16365E+03  0.11752E-02  0.12914E-01  0.00000E+00  0.00000E+00  0.00000E+00 -0.55261E-02  0.66988E-03  0.00000E+00 -0.76815E-02  0.15510E-02
 0.16071E+03  0.16357E-02  0.12697E-01  0.00000E+00  0.00000E+00  0.00000E+00 -0.56183E-02  0.65264E-03  0.00000E+00 -0.78549E-02  0.15126E-02
 0.15778E+03  0.21596E-02  0.12450E-01  0.00000E+00  0.00000E+00  0.00000E+00 -0.57297E-02  0.63368E-03  0.00000E+00 -0.80290E-02  0.14842E-02
 0.15485E+03  0.27475E-02  0.12186E-01  0.00000E+00  0.00000E+00  0.00000E+00 -0.58731E-02  0.60497E-03  0.00000E+00 -0.82029E-02  0.14627E-02
 0.15194E+03  0.34061E-02  0.11918E-01  0.00000E+00  0.00000E+00  0.00000E+00 -0.60570E-02  0.56203E-03  0.00000E+00 -0.83872E-02  0.14416E-02
 0.14904E+03  0.41393E-02  0.11646E-01  0.00000E+00  0.00000E+00  0.00000E+00 -0.62892E-02  0.51982E-03  0.00000E+00 -0.85973E-02  0.14185E-02
 0.14615E+03  0.49412E-02  0.11382E-01  0.00000E+00  0.00000E+00  0.00000E+00 -0.65811E-02  0.49647E-03  0.00000E+00 -0.88416E-02  0.13972E-02
 0.14327E+03  0.58028E-02  0.11154E-01  0.00000E+00  0.00000E+00  0.00000E+00 -0.69438E-02  0.49142E-03  0.00000E+00 -0.91184E-02  0.13858E-02
 0.14041E+03  0.67224E-02  0.10980E-01  0.00000E+00  0.00000E+00  0.00000E+00 -0.73815E-02  0.48681E-03  0.00000E+00 -0.94199E-02  0.13877E-02
 0.13756E+03  0.77086E-02  0.10847E-01  0.00000E+00  0.00000E+00  0.00000E+00 -0.78894E-02  0.47241E-03  0.00000E+00 -0.97385E-02  0.14003E-02
 0.13472E+03  0.87729E-02  0.10722E-01  0.00000E+00  0.00000E+00  0.00000E+00 -0.84563E-02  0.45745E-03  0.00000E+00 -0.10077E-01  0.14196E-02
 0.13189E+03  0.99214E-02  0.10588E-01  0.00000E+00  0.00000E+00  0.00000E+00 -0.90704E-02  0.44718E-03  0.00000E+00 -0.10443E-01  0.14432E-02
 0.12908E+03  0.11152E-01  0.10451E-01  0.00000E+00  0.00000E+00  0.00000E+00 -0.97240E-02  0.42510E-03  0.00000E+00 -0.10836E-01  0.14669E-02
 0.12629E+03  0.12453E-01  0.10310E-01  0.00000E+00  0.00000E+00  0.00000E+00 -0.10408E-01  0.37693E-03  0.00000E+00 -0.11248E-01  0.14830E-02
 0.12351E+03  0.13809E-01  0.10139E-01  0.00000E+00  0.00000E+00  0.00000E+00 -0.11104E-01  0.31789E-03  0.00000E+00 -0.11675E-01  0.14865E-02
 0.12074E+03  0.15207E-01  0.99091E-02  0.00000E+00  0.00000E+00  0.00000E+00 -0.11794E-01  0.28048E-03  0.00000E+00 -0.12125E-01  0.14778E-02
 0.11799E+03  0.16632E-01  0.96188E-02  0.00000E+00  0.00000E+00  0.00000E+00 -0.12464E-01  0.28681E-03  0.00000E+00 -0.12612E-01  0.14625E-02
 0.11526E+03  0.18067E-01  0.93131E-02  0.00000E+00  0.00000E+00  0.00000E+00 -0.13116E-01  0.31948E-03  0.00000E+00 -0.13139E-01  0.14443E-02
 0.11255E+03  0.19478E-01  0.90665E-02  0.00000E+00  0.00000E+00  0.00000E+00 -0.13759E-01  0.34343E-03  0.00000E+00 -0.13703E-01  0.14253E-02
 0.10985E+03  0.20827E-01  0.89404E-02  0.00000E+00  0.00000E+00  0.00000E+00 -0.14406E-01  0.33870E-03  0.00000E+00 -0.14295E-01  0.14054E-02
 0.10718E+03  0.22095E-01  0.89482E-02  0.00000E+00  0.00000E+00  0.00000E+00 -0.15073E-01  0.31920E-03  0.00000E+00 -0.14906E-01  0.13842E-02
 0.10452E+03  0.23304E-01  0.90568E-02  0.00000E+00  0.00000E+00  0.00000E+00 -0.15774E-01  0.32094E-03  0.00000E+00 -0.15542E-01  0.13658E-02
 0.10188E+03  0.24515E-01  0.92161E-02  0.00000E+00  0.00000E+00  0.00000E+00 -0.16522E-01  0.36833E-03  0.00000E+00 -0.16219E-01  0.13582E-02
 0.99266E+02  0.25792E-01  0.93953E-02  0.00000E+00  0.00000E+00  0.00000E+00 -0.17320E-01  0.45522E-03  0.00000E+00 -0.16956E-01  0.13662E-02
 0.96672E+02  0.27163E-01  0.96212E-02  0.00000E+00  0.00000E+00  0.00000E+00 -0.18172E-01  0.52757E-03  0.00000E+00 -0.17751E-01  0.13883E-02
 0.94100E+02  0.28638E-01  0.99216E-02  0.00000E+00  0.00000E+00  0.00000E+00 -0.19084E-01  0.53653E-03  0.00000E+00 -0.18599E-01  0.14129E-02
 0.91550E+02  0.30244E-01  0.10229E-01  0.00000E+00  0.00000E+00  0.00000E+00 -0.20056E-01  0.54036E-03  0.00000E+00 -0.19523E-01  0.14345E-02
 0.89025E+02  0.32013E-01  0.10469E-01  0.00000E+00  0.00000E+00  0.00000E+00 -0.21082E-01  0.60978E-03  0.00000E+00 -0.20557E-01  0.14529E-02
 0.86523E+02  0.33943E-01  0.10660E-01  0.00000E+00  0.00000E+00  0.00000E+00 -0.22166E-01  0.73209E-03  0.00000E+00 -0.21706E-01  0.14641E-02
 0.84047E+02  0.35997E-01  0.10881E-01  0.00000E+00  0.00000E+00  0.00000E+00 -0.23315E-01  0.86012E-03  0.00000E+00 -0.22954E-01  0.14698E-02
 0.81597E+02  0.38111E-01  0.11231E-01  0.00000E+00  0.00000E+00  0.00000E+00 -0.24529E-01  0.94464E-03  0.00000E+00 -0.24285E-01  0.14723E-02
 0.79173E+02  0.40218E-01  0.11774E-01  0.00000E+00  0.00000E+00  0.00000E+00 -0.25797E-01  0.97973E-03  0.00000E+00 -0.25702E-01  0.14723E-02
 0.76776E+02  0.42280E-01  0.12508E-01  0.00000E+00  0.00000E+00  0.00000E+00 -0.27098E-01  0.10065E-02  0.00000E+00 -0.27222E-01  0.14748E-02
 0.74408E+02  0.44320E-01  0.13385E-01  0.00000E+00  0.00000E+00  0.00000E+00 -0.28410E-01  0.10269E-02  0.00000E+00 -0.28844E-01  0.14789E-02
 0.72069E+02  0.46412E-01  0.14313E-01  0.00000E+00  0.00000E+00  0.00000E+00 -0.29716E-01  0.10314E-02  0.00000E+00 -0.30559E-01  0.14809E-02
 0.69759E+02  0.48635E-01  0.15191E-01  0.00000E+00  0.00000E+00  0.00000E+00 -0.31019E-01  0.10476E-02  0.00000E+00 -0.32377E-01  0.14774E-02
 0.67480E+02  0.51056E-01  0.15947E-01  0.00000E+00  0.00000E+00  0.00000E+00 -0.32329E-01  0.11246E-02  0.00000E+00 -0.34335E-01  0.14633E-02
 0.65232E+02  0.53705E-01  0.16555E-01  0.00000E+00  0.00000E+00  0.00000E+00 -0.33653E-01  0.13096E-02  0.00000E+00 -0.36473E-01  0.14440E-02
 0.63016E+02  0.56579E-01  0.17098E-01  0.00000E+00  0.00000E+00  0.00000E+00 -0.34995E-01  0.15385E-02  0.00000E+00 -0.38799E-01  0.14208E-02
 0.60833E+02  0.59654E-01  0.17700E-01  0.00000E+00  0.00000E+00  0.00000E+00 -0.36365E-01  0.16850E-02  0.00000E+00 -0.41287E-01  0.13880E-02
 0.58684E+02  0.62930E-01  0.18355E-01  0.00000E+00  0.00000E+00  0.00000E+00 -0.37777E-01  0.17657E-02  0.00000E+00 -0.43934E-01  0.13392E-02
 0.56569E+02  0.66447E-01  0.18901E-01  0.00000E+00  0.00000E+00  0.00000E+00 -0.39233E-01  0.19524E-02  0.00000E+00 -0.46792E-01  0.12751E-02
 0.54489E+02  0.70265E-01  0.19236E-01  0.00000E+00  0.00000E+00  0.00000E+00 -0.40711E-01  0.23250E-02  0.00000E+00 -0.49911E-01  0.12035E-02
 0.52446E+02  0.74404E-01  0.19431E-01  0.00000E+00  0.00000E+00  0.00000E+00 -0.42186E-01  0.27569E-02  0.00000E+00 -0.53282E-01  0.11241E-02
 0.50438E+02  0.78851E-01  0.19583E-01  0.00000E+00  0.00000E+00  0.00000E+00 -0.43636E-01  0.31158E-02  0.00000E+00 -0.56878E-01  0.10365E-02
 0.48469E+02  0.83600E-01  0.19678E-01  0.00000E+00  0.00000E+00  0.00000E+00 -0.45051E-01  0.34089E-02  0.00000E+00 -0.60692E-01  0.94344E-03
 0.46537E+02  0.88688E-01  0.19600E-01  0.00000E+00  0.00000E+00  0.00000E+00 -0.46415E-01  0.37252E-02  0.00000E+00 -0.64749E-01  0.84826E-03
 0.44644E+02  0.94213E-01  0.19195E-01  0.00000E+00  0.00000E+00  0.00000E+00 -0.47712E-01  0.41562E-02  0.00000E+00 -0.69096E-01  0.75642E-03
 0.42790E+02  0.10030E+00  0.18354E-01  0.00000E+00  0.00000E+00  0.00000E+00 -0.48925E-01  0.47146E-02  0.00000E+00 -0.73768E-01  0.67677E-03
 0.40977E+02  0.10706E+00  0.17055E-01  0.00000E+00  0.00000E+00  0.00000E+00 -0.50041E-01  0.53031E-02  0.00000E+00 -0.78762E-01  0.61142E-03
 0.39204E+02  0.11456E+00  0.15294E-01  0.00000E+00  0.00000E+00  0.00000E+00 -0.51043E-01  0.57965E-02  0.00000E+00 -0.84045E-01  0.56244E-03
 0.37472E+02  0.12289E+00  0.13042E-01  0.00000E+00  0.00000E+00  0.00000E+00 -0.51915E-01  0.60855E-02  0.00000E+00 -0.89576E-01  0.52506E-03
 0.35781E+02  0.13213E+00  0.10172E-01  0.00000E+00  0.00000E+00  0.00000E+00 -0.52648E-01  0.61799E-02  0.00000E+00 -0.95336E-01  0.49943E-03
 0.34133E+02  0.14240E+00  0.64652E-02  0.00000E+00  0.00000E+00  0.00000E+00 -0.53229E-01  0.61858E-02  0.00000E+00 -0.10133E+00  0.48995E-03
 0.32527E+02  0.15384E+00  0.17511E-02  0.00000E+00  0.00000E+00  0.00000E+00 -0.53648E-01  0.61283E-02  0.00000E+00 -0.10757E+00  0.49771E-03
 0.30964E+02  0.16659E+00 -0.40602E-02  0.00000E+00  0.00000E+00  0.00000E+00 -0.53896E-01  0.59261E-02  0.00000E+00 -0.11403E+00  0.52622E-03
 0.29444E+02  0.18077E+00 -0.11011E-01  0.00000E+00  0.00000E+00  0.00000E+00 -0.53966E-01  0.54603E-02  0.00000E+00 -0.12068E+00  0.57059E-03
 0.27968E+02  0.19646E+00 -0.19131E-01  0.00000E+00  0.00000E+00  0.00000E+00 -0.53858E-01  0.46765E-02  0.00000E+00 -0.12752E+00  0.63024E-03
 0.26535E+02  0.21367E+00 -0.28453E-01  0.00000E+00  0.00000E+00  0.00000E+00 -0.53572E-01  0.36199E-02  0.00000E+00 -0.13455E+00  0.71517E-03
 0.25146E+02  0.23233E+00 -0.38878E-01  0.00000E+00  0.00000E+00  0.00000E+00 -0.53107E-01  0.22264E-02  0.00000E+00 -0.14175E+00  0.82381E-03
 0.23800E+02  0.25231E+00 -0.50147E-01  0.00000E+00  0.00000E+00  0.00000E+00 -0.52467E-01  0.29386E-03  0.00000E+00 -0.14903E+00  0.95633E-03
 0.22498E+02  0.27341E+00 -0.61933E-01  0.00000E+00  0.00000E+00  0.00000E+00 -0.51674E-01 -0.23865E-02  0.00000E+00 -0.15630E+00  0.11143E-02
 0.21239E+02  0.29535E+00 -0.73892E-01  0.00000E+00  0.00000E+00  0.00000E+00 -0.50753E-01 -0.59437E-02  0.00000E+00 -0.16346E+00  0.13013E-02
 0.20024E+02  0.31776E+00 -0.85570E-01  0.00000E+00  0.00000E+00  0.00000E+00 -0.49728E-01 -0.10527E-01  0.00000E+00 -0.17042E+00  0.15140E-02
 0.18851E+02  0.34012E+00 -0.96394E-01  0.00000E+00  0.00000E+00  0.00000E+00 -0.48610E-01 -0.16291E-01  0.00000E+00 -0.17707E+00  0.17548E-02
 0.17722E+02  0.36180E+00 -0.10569E+00  0.00000E+00  0.00000E+00  0.00000E+00 -0.47403E-01 -0.23389E-01  0.00000E+00 -0.18330E+00  0.20209E-02
 0.16634E+02  0.38203E+00 -0.11266E+00  0.00000E+00  0.00000E+00  0.00000E+00 -0.46108E-01 -0.31988E-01  0.00000E+00 -0.18896E+00  0.23128E-02
 0.15588E+02  0.39994E+00 -0.11647E+00  0.00000E+00  0.00000E+00  0.00000E+00 -0.44722E-01 -0.42196E-01  0.00000E+00 -0.19392E+00  0.26292E-02
 0.14582E+02  0.41455E+00 -0.11631E+00  0.00000E+00  0.00000E+00  0.00000E+00 -0.43240E-01 -0.54004E-01  0.00000E+00 -0.19804E+00  0.29562E-02
 0.13617E+02  0.42488E+00 -0.11145E+00  0.00000E+00  0.00000E+00  0.00000E+00 -0.41653E-01 -0.67238E-01  0.00000E+00 -0.20125E+00  0.32832E-02
 0.12691E+02  0.42993E+00 -0.10138E+00  0.00000E+00  0.00000E+00  0.00000E+00 -0.39947E-01 -0.81505E-01  0.00000E+00 -0.20350E+00  0.35970E-02
 0.11804E+02  0.42886E+00 -0.85904E-01  0.00000E+00  0.00000E+00  0.00000E+00 -0.38106E-01 -0.96133E-01  0.00000E+00 -0.20485E+00  0.38687E-02
 0.10953E+02  0.42103E+00 -0.65259E-01  0.00000E+00  0.00000E+00  0.00000E+00 -0.36115E-01 -0.11012E+00  0.00000E+00 -0.20546E+00  0.40739E-02
 0.10139E+02  0.40613E+00 -0.40212E-01  0.00000E+00  0.00000E+00  0.00000E+00 -0.33966E-01 -0.12214E+00  0.00000E+00 -0.20561E+00  0.41971E-02
 0.93591E+01  0.38424E+00 -0.12095E-01  0.00000E+00  0.00000E+00  0.00000E+00 -0.31654E-01 -0.13059E+00  0.00000E+00 -0.20568E+00  0.42203E-02
 0.86128E+01  0.35590E+00  0.17260E-01  0.00000E+00  0.00000E+00  0.00000E+00 -0.29189E-01 -0.13371E+00  0.00000E+00 -0.20612E+00  0.41329E-02
 0.78985E+01  0.32209E+00  0.45668E-01  0.00000E+00  0.00000E+00  0.00000E+00 -0.26586E-01 -0.12984E+00  0.00000E+00 -0.20740E+00  0.39332E-02
 0.72145E+01  0.28419E+00  0.70825E-01  0.00000E+00  0.00000E+00  0.00000E+00 -0.23870E-01 -0.11759E+00  0.00000E+00 -0.20992E+00  0.36290E-02
 0.65593E+01  0.24387E+00  0.90592E-01  0.00000E+00  0.00000E+00  0.00000E+00 -0.21071E-01 -0.96176E-01  0.00000E+00 -0.21397E+00  0.32464E-02
 0.59312E+01  0.20295E+00  0.10329E+00  0.00000E+00  0.00000E+00  0.00000E+00 -0.18226E-01 -0.65566E-01  0.00000E+00 -0.21962E+00  0.28209E-02
 0.53281E+01  0.16323E+00  0.10795E+00  0.00000E+00  0.00000E+00  0.00000E+00 -0.15374E-01 -0.26693E-01  0.00000E+00 -0.22672E+00  0.23859E-02
 0.47484E+01  0.12632E+00  0.10453E+00  0.00000E+00  0.00000E+00  0.00000E+00 -0.12556E-01  0.18526E-01  0.00000E+00 -0.23485E+00  0.19708E-02
 0.41900E+01  0.93518E-01  0.93981E-01  0.00000E+00  0.00000E+00  0.00000E+00 -0.98183E-02  0.67280E-01  0.00000E+00 -0.24336E+00  0.15981E-02
 0.36508E+01  0.65715E-01  0.78137E-01  0.00000E+00  0.00000E+00  0.00000E+00 -0.72097E-02  0.11613E+00  0.00000E+00 -0.25149E+00  0.12868E-02
 0.31288E+01  0.43342E-01  0.59503E-01  0.00000E+00  0.00000E+00  0.00000E+00 -0.47855E-02  0.16143E+00  0.00000E+00 -0.25844E+00  0.10456E-02
 0.26218E+01  0.26382E-01  0.40816E-01  0.00000E+00  0.00000E+00  0.00000E+00 -0.26102E-02  0.19987E+00  0.00000E+00 -0.26359E+00  0.86478E-03
 0.21275E+01  0.14424E-01  0.24539E-01  0.00000E+00  0.00000E+00  0.00000E+00 -0.76194E-03  0.22914E+00  0.00000E+00 -0.26661E+00  0.72918E-03
 0.16438E+01  0.67553E-02  0.12337E-01  0.00000E+00  0.00000E+00  0.00000E+00  0.66194E-03  0.24848E+00  0.00000E+00 -0.26761E+00  0.62143E-03
 0.11683E+01  0.24653E-02  0.47295E-02  0.00000E+00  0.00000E+00  0.00000E+00  0.15373E-02  0.25895E+00  0.00000E+00 -0.26716E+00  0.52578E-03
 0.69860E+00  0.55704E-03  0.11056E-02  0.00000E+00  0.00000E+00  0.00000E+00  0.17041E-02  0.26336E+00  0.00000E+00 -0.26628E+00  0.45330E-03
 0.23247E+00  0.35959E-04  0.74354E-04  0.00000E+00  0.00000E+00  0.00000E+00  0.95624E-03  0.26567E+00  0.00000E+00 -0.26637E+00  0.36811E-03
