# <u_r u_r> budget
#
# y+          P+(NC)      TD+          TCR+         PD+          PCR+         PS+          VD+          VCR+         D+           balance
 0.17701E+03  0.00000E+00  0.44662E-02 -0.13309E-02 -0.19244E-02  0.54567E-03  0.25379E-02  0.35087E-03 -0.29107E-03 -0.41546E-02  0.19963E-03
 0.17403E+03  0.00000E+00  0.44679E-02 -0.13233E-02 -0.27424E-02  0.10457E-02  0.26375E-02  0.11069E-03 -0.37772E-04 -0.41179E-02  0.40511E-04
 0.17105E+03  0.00000E+00  0.43719E-02 -0.13490E-02 -0.28399E-02  0.12469E-02  0.26628E-02  0.85969E-04 -0.99538E-06 -0.41713E-02  0.64046E-05
 0.16808E+03  0.00000E+00  0.42752E-02 -0.13629E-02 -0.27624E-02  0.13160E-02  0.26650E-02  0.79779E-04  0.14202E-04 -0.42243E-02  0.61227E-06
 0.16513E+03  0.00000E+00  0.41580E-02 -0.13630E-02 -0.25974E-02  0.13253E-02  0.26552E-02  0.79323E-04  0.22662E-04 -0.42777E-02  0.23714E-05
 0.16218E+03  0.00000E+00  0.40218E-02 -0.13528E-02 -0.23769E-02  0.13007E-02  0.26391E-02  0.82205E-04  0.28047E-04 -0.43359E-02  0.62293E-05
 0.15924E+03  0.00000E+00  0.38708E-02 -0.13387E-02 -0.21190E-02  0.12539E-02  0.26251E-02  0.86884E-04  0.31503E-04 -0.44013E-02  0.91000E-05
 0.15631E+03  0.00000E+00  0.37094E-02 -0.13218E-02 -0.18447E-02  0.11922E-02  0.26248E-02  0.92460E-04  0.33234E-04 -0.44754E-02  0.10162E-04
 0.15340E+03  0.00000E+00  0.35437E-02 -0.12992E-02 -0.15751E-02  0.11214E-02  0.26469E-02  0.98151E-04  0.33607E-04 -0.45592E-02  0.10157E-04
 0.15049E+03  0.00000E+00  0.33790E-02 -0.12692E-02 -0.13250E-02  0.10462E-02  0.26961E-02  0.10330E-03  0.33278E-04 -0.46538E-02  0.98870E-05
 0.14759E+03  0.00000E+00  0.32155E-02 -0.12318E-02 -0.11029E-02  0.97022E-03  0.27779E-02  0.10724E-03  0.32899E-04 -0.47592E-02  0.97567E-05
 0.14471E+03  0.00000E+00  0.30533E-02 -0.11885E-02 -0.91818E-03  0.89618E-03  0.29004E-02  0.10899E-03  0.32939E-04 -0.48750E-02  0.10126E-04
 0.14184E+03  0.00000E+00  0.29015E-02 -0.11415E-02 -0.78686E-03  0.82692E-03  0.30708E-02  0.10751E-03  0.33631E-04 -0.50007E-02  0.11325E-04
 0.13898E+03  0.00000E+00  0.27738E-02 -0.10931E-02 -0.72451E-03  0.76542E-03  0.32902E-02  0.10385E-03  0.35015E-04 -0.51364E-02  0.14299E-04
 0.13613E+03  0.00000E+00  0.26772E-02 -0.10466E-02 -0.73004E-03  0.71417E-03  0.35506E-02  0.99749E-04  0.36968E-04 -0.52823E-02  0.19851E-04
 0.13330E+03  0.00000E+00  0.26047E-02 -0.10041E-02 -0.78224E-03  0.67410E-03  0.38384E-02  0.95483E-04  0.39166E-04 -0.54380E-02  0.27535E-04
 0.13048E+03  0.00000E+00  0.25386E-02 -0.96464E-03 -0.85405E-03  0.64443E-03  0.41419E-02  0.91940E-04  0.41263E-04 -0.56029E-02  0.36540E-04
 0.12768E+03  0.00000E+00  0.24665E-02 -0.92471E-03 -0.92714E-03  0.62345E-03  0.44523E-02  0.89784E-04  0.43128E-04 -0.57773E-02  0.46018E-04
 0.12489E+03  0.00000E+00  0.23916E-02 -0.88321E-03 -0.99366E-03  0.60928E-03  0.47596E-02  0.87399E-04  0.44788E-04 -0.59608E-02  0.54866E-04
 0.12212E+03  0.00000E+00  0.23240E-02 -0.84116E-03 -0.10496E-02  0.60019E-03  0.50527E-02  0.83280E-04  0.46259E-04 -0.61534E-02  0.62268E-04
 0.11936E+03  0.00000E+00  0.22693E-02 -0.79953E-03 -0.10889E-02  0.59460E-03  0.53220E-02  0.78074E-04  0.47499E-04 -0.63548E-02  0.68106E-04
 0.11662E+03  0.00000E+00  0.22252E-02 -0.75887E-03 -0.11038E-02  0.59092E-03  0.55627E-02  0.73168E-04  0.48459E-04 -0.65650E-02  0.72762E-04
 0.11390E+03  0.00000E+00  0.21866E-02 -0.72002E-03 -0.10916E-02  0.58767E-03  0.57799E-02  0.68974E-04  0.49086E-04 -0.67838E-02  0.76739E-04
 0.11120E+03  0.00000E+00  0.21485E-02 -0.68371E-03 -0.10594E-02  0.58381E-03  0.59874E-02  0.64909E-04  0.49316E-04 -0.70107E-02  0.80165E-04
 0.10851E+03  0.00000E+00  0.21062E-02 -0.64896E-03 -0.10218E-02  0.57892E-03  0.62047E-02  0.60600E-04  0.49114E-04 -0.72457E-02  0.83149E-04
 0.10584E+03  0.00000E+00  0.20590E-02 -0.61350E-03 -0.99962E-03  0.57333E-03  0.64525E-02  0.55306E-04  0.48556E-04 -0.74897E-02  0.85873E-04
 0.10320E+03  0.00000E+00  0.20084E-02 -0.57661E-03 -0.10131E-02  0.56806E-03  0.67499E-02  0.49292E-04  0.47819E-04 -0.77449E-02  0.88810E-04
 0.10057E+03  0.00000E+00  0.19533E-02 -0.54006E-03 -0.10720E-02  0.56447E-03  0.71085E-02  0.44557E-04  0.47084E-04 -0.80133E-02  0.92562E-04
 0.97964E+02  0.00000E+00  0.18907E-02 -0.50644E-03 -0.11752E-02  0.56377E-03  0.75315E-02  0.42352E-04  0.46465E-04 -0.82962E-02  0.96995E-04
 0.95380E+02  0.00000E+00  0.18158E-02 -0.47786E-03 -0.13138E-02  0.56682E-03  0.80151E-02  0.43200E-04  0.46011E-04 -0.85943E-02  0.10096E-03
 0.92819E+02  0.00000E+00  0.17251E-02 -0.45597E-03 -0.14678E-02  0.57398E-03  0.85450E-02  0.44590E-04  0.45729E-04 -0.89077E-02  0.10295E-03
 0.90282E+02  0.00000E+00  0.16147E-02 -0.44151E-03 -0.16054E-02  0.58474E-03  0.90979E-02  0.41146E-04  0.45589E-04 -0.92353E-02  0.10190E-03
 0.87768E+02  0.00000E+00  0.14752E-02 -0.43332E-03 -0.16958E-02  0.59770E-03  0.96533E-02  0.31604E-04  0.45546E-04 -0.95759E-02  0.98324E-04
 0.85279E+02  0.00000E+00  0.13028E-02 -0.42871E-03 -0.17270E-02  0.61117E-03  0.10200E-01  0.18342E-04  0.45560E-04 -0.99289E-02  0.93444E-04
 0.82815E+02  0.00000E+00  0.11012E-02 -0.42483E-03 -0.17007E-02  0.62359E-03  0.10734E-01  0.27425E-05  0.45597E-04 -0.10293E-01  0.88393E-04
 0.80378E+02  0.00000E+00  0.86453E-03 -0.41956E-03 -0.16172E-02  0.63361E-03  0.11258E-01 -0.13115E-04  0.45614E-04 -0.10668E-01  0.83991E-04
 0.77968E+02  0.00000E+00  0.58289E-03 -0.41138E-03 -0.14833E-02  0.64019E-03  0.11785E-01 -0.27792E-04  0.45564E-04 -0.11051E-01  0.80397E-04
 0.75585E+02  0.00000E+00  0.26244E-03 -0.40032E-03 -0.13233E-02  0.64284E-03  0.12334E-01 -0.44138E-04  0.45404E-04 -0.11440E-01  0.76932E-04
 0.73231E+02  0.00000E+00 -0.75082E-04 -0.38780E-03 -0.11747E-02  0.64185E-03  0.12921E-01 -0.65650E-04  0.45097E-04 -0.11832E-01  0.72735E-04
 0.70906E+02  0.00000E+00 -0.40578E-03 -0.37508E-03 -0.10724E-02  0.63827E-03  0.13557E-01 -0.94013E-04  0.44631E-04 -0.12226E-01  0.66534E-04
 0.68612E+02  0.00000E+00 -0.72466E-03 -0.36239E-03 -0.10221E-02  0.63346E-03  0.14235E-01 -0.12874E-03  0.44031E-04 -0.12617E-01  0.57917E-04
 0.66348E+02  0.00000E+00 -0.10453E-02 -0.34925E-03 -0.99402E-03  0.62838E-03  0.14938E-01 -0.16924E-03  0.43370E-04 -0.13004E-01  0.47882E-04
 0.64116E+02  0.00000E+00 -0.13776E-02 -0.33603E-03 -0.95622E-03  0.62312E-03  0.15642E-01 -0.21602E-03  0.42725E-04 -0.13386E-01  0.36436E-04
 0.61916E+02  0.00000E+00 -0.17320E-02 -0.32349E-03 -0.89147E-03  0.61732E-03  0.16336E-01 -0.26541E-03  0.42146E-04 -0.13759E-01  0.23384E-04
 0.59750E+02  0.00000E+00 -0.21186E-02 -0.31181E-03 -0.80240E-03  0.61049E-03  0.17022E-01 -0.31161E-03  0.41647E-04 -0.14122E-01  0.80479E-05
 0.57618E+02  0.00000E+00 -0.25364E-02 -0.30059E-03 -0.70242E-03  0.60249E-03  0.17708E-01 -0.35383E-03  0.41222E-04 -0.14469E-01 -0.10130E-04
 0.55520E+02  0.00000E+00 -0.29714E-02 -0.28880E-03 -0.60090E-03  0.59338E-03  0.18391E-01 -0.39897E-03  0.40857E-04 -0.14796E-01 -0.30620E-04
 0.53458E+02  0.00000E+00 -0.34100E-02 -0.27514E-03 -0.50060E-03  0.58329E-03  0.19059E-01 -0.45204E-03  0.40543E-04 -0.15098E-01 -0.52520E-04
 0.51433E+02  0.00000E+00 -0.38476E-02 -0.25858E-03 -0.39908E-03  0.57232E-03  0.19701E-01 -0.50901E-03  0.40287E-04 -0.15373E-01 -0.74326E-04
 0.49444E+02  0.00000E+00 -0.42770E-02 -0.23889E-03 -0.30164E-03  0.56057E-03  0.20305E-01 -0.56306E-03  0.40104E-04 -0.15620E-01 -0.95057E-04
 0.47493E+02  0.00000E+00 -0.46774E-02 -0.21664E-03 -0.22814E-03  0.54832E-03  0.20867E-01 -0.61200E-03  0.40012E-04 -0.15835E-01 -0.11475E-03
 0.45581E+02  0.00000E+00 -0.50250E-02 -0.19267E-03 -0.19380E-03  0.53612E-03  0.21376E-01 -0.65874E-03  0.40018E-04 -0.16016E-01 -0.13422E-03
 0.43707E+02  0.00000E+00 -0.53008E-02 -0.16784E-03 -0.20696E-03  0.52454E-03  0.21821E-01 -0.70649E-03  0.40125E-04 -0.16157E-01 -0.15337E-03
 0.41873E+02  0.00000E+00 -0.54970E-02 -0.14272E-03 -0.27555E-03  0.51419E-03  0.22198E-01 -0.75150E-03  0.40333E-04 -0.16257E-01 -0.17087E-03
 0.40080E+02  0.00000E+00 -0.56066E-02 -0.11798E-03 -0.40864E-03  0.50576E-03  0.22502E-01 -0.78830E-03  0.40644E-04 -0.16313E-01 -0.18592E-03
 0.38327E+02  0.00000E+00 -0.56023E-02 -0.95136E-04 -0.63057E-03  0.50001E-03  0.22729E-01 -0.81737E-03  0.41057E-04 -0.16324E-01 -0.19947E-03
 0.36616E+02  0.00000E+00 -0.54602E-02 -0.75911E-04 -0.95824E-03  0.49788E-03  0.22869E-01 -0.83868E-03  0.41558E-04 -0.16287E-01 -0.21174E-03
 0.34947E+02  0.00000E+00 -0.51781E-02 -0.61454E-04 -0.13801E-02  0.50021E-03  0.22904E-01 -0.84945E-03  0.42124E-04 -0.16200E-01 -0.22206E-03
 0.33319E+02  0.00000E+00 -0.47584E-02 -0.52384E-04 -0.18730E-02  0.50750E-03  0.22812E-01 -0.84942E-03  0.42722E-04 -0.16060E-01 -0.23060E-03
 0.31735E+02  0.00000E+00 -0.42032E-02 -0.48697E-04 -0.24086E-02  0.51988E-03  0.22566E-01 -0.83993E-03  0.43320E-04 -0.15866E-01 -0.23745E-03
 0.30193E+02  0.00000E+00 -0.35198E-02 -0.49831E-04 -0.29560E-02  0.53713E-03  0.22142E-01 -0.82035E-03  0.43887E-04 -0.15619E-01 -0.24250E-03
 0.28695E+02  0.00000E+00 -0.27296E-02 -0.55259E-04 -0.34768E-02  0.55866E-03  0.21522E-01 -0.78775E-03  0.44406E-04 -0.15320E-01 -0.24515E-03
 0.27240E+02  0.00000E+00 -0.18668E-02 -0.64581E-04 -0.39250E-02  0.58355E-03  0.20693E-01 -0.73931E-03  0.44855E-04 -0.14971E-01 -0.24456E-03
 0.25829E+02  0.00000E+00 -0.96821E-03 -0.77023E-04 -0.42522E-02  0.61055E-03  0.19649E-01 -0.67493E-03  0.45214E-04 -0.14572E-01 -0.23993E-03
 0.24462E+02  0.00000E+00 -0.66941E-04 -0.91419E-04 -0.44200E-02  0.63815E-03  0.18387E-01 -0.59697E-03  0.45460E-04 -0.14126E-01 -0.23035E-03
 0.23138E+02  0.00000E+00  0.80946E-03 -0.10662E-03 -0.44132E-02  0.66477E-03  0.16927E-01 -0.50703E-03  0.45574E-04 -0.13635E-01 -0.21537E-03
 0.21858E+02  0.00000E+00  0.16357E-02 -0.12160E-03 -0.42366E-02  0.68905E-03  0.15300E-01 -0.40460E-03  0.45539E-04 -0.13103E-01 -0.19561E-03
 0.20621E+02  0.00000E+00  0.23897E-02 -0.13555E-03 -0.39060E-02  0.70990E-03  0.13547E-01 -0.28867E-03  0.45343E-04 -0.12533E-01 -0.17208E-03
 0.19427E+02  0.00000E+00  0.30519E-02 -0.14793E-03 -0.34386E-02  0.72652E-03  0.11708E-01 -0.15833E-03  0.44974E-04 -0.11932E-01 -0.14530E-03
 0.18276E+02  0.00000E+00  0.36042E-02 -0.15839E-03 -0.28488E-02  0.73838E-03  0.98220E-02 -0.13995E-04  0.44424E-04 -0.11304E-01 -0.11586E-03
 0.17167E+02  0.00000E+00  0.40346E-02 -0.16658E-03 -0.21534E-02  0.74514E-03  0.79246E-02  0.14185E-03  0.43687E-04 -0.10654E-01 -0.84299E-04
 0.16101E+02  0.00000E+00  0.43391E-02 -0.17216E-03 -0.13750E-02  0.74668E-03  0.60514E-02  0.30551E-03  0.42760E-04 -0.99895E-02 -0.51245E-04
 0.15075E+02  0.00000E+00  0.45182E-02 -0.17484E-03 -0.53779E-03  0.74308E-03  0.42345E-02  0.47368E-03  0.41649E-04 -0.93161E-02 -0.17649E-04
 0.14090E+02  0.00000E+00  0.45756E-02 -0.17452E-03  0.33734E-03  0.73459E-03  0.24992E-02  0.64432E-03  0.40360E-04 -0.86412E-02  0.15719E-04
 0.13145E+02  0.00000E+00  0.45181E-02 -0.17119E-03  0.12346E-02  0.72156E-03  0.86286E-03  0.81592E-03  0.38908E-04 -0.79723E-02  0.48365E-04
 0.12238E+02  0.00000E+00  0.43572E-02 -0.16506E-03  0.21428E-02  0.70442E-03 -0.66686E-03  0.98664E-03  0.37305E-04 -0.73168E-02  0.79710E-04
 0.11369E+02  0.00000E+00  0.41085E-02 -0.15641E-03  0.30568E-02  0.68358E-03 -0.20915E-02  0.11543E-02  0.35570E-04 -0.66817E-02  0.10916E-03
 0.10537E+02  0.00000E+00  0.37901E-02 -0.14566E-03  0.39766E-02  0.65945E-03 -0.34209E-02  0.13165E-02  0.33719E-04 -0.60735E-02  0.13631E-03
 0.97404E+01  0.00000E+00  0.34216E-02 -0.13329E-03  0.49062E-02  0.63240E-03 -0.46709E-02  0.14710E-02  0.31767E-04 -0.54978E-02  0.16106E-03
 0.89778E+01  0.00000E+00  0.30228E-02 -0.11979E-03  0.58525E-02  0.60271E-03 -0.58605E-02  0.16150E-02  0.29731E-04 -0.49589E-02  0.18355E-03
 0.82478E+01  0.00000E+00  0.26119E-02 -0.10563E-03  0.68235E-02  0.57062E-03 -0.70099E-02  0.17452E-02  0.27623E-04 -0.44594E-02  0.20379E-03
 0.75491E+01  0.00000E+00  0.22044E-02 -0.91277E-04  0.78265E-02  0.53631E-03 -0.81375E-02  0.18582E-02  0.25458E-04 -0.40003E-02  0.22187E-03
 0.68800E+01  0.00000E+00  0.18133E-02 -0.77127E-04  0.88662E-02  0.49992E-03 -0.92574E-02  0.19503E-02  0.23246E-04 -0.35806E-02  0.23785E-03
 0.62387E+01  0.00000E+00  0.14483E-02 -0.63546E-04  0.99421E-02  0.46155E-03 -0.10378E-01  0.20173E-02  0.20999E-04 -0.31976E-02  0.25153E-03
 0.56236E+01  0.00000E+00  0.11168E-02 -0.50858E-04  0.11045E-01  0.42130E-03 -0.11496E-01  0.20542E-02  0.18730E-04 -0.28467E-02  0.26248E-03
 0.50327E+01  0.00000E+00  0.82535E-03 -0.39341E-04  0.12154E-01  0.37929E-03 -0.12598E-01  0.20549E-02  0.16452E-04 -0.25221E-02  0.27007E-03
 0.44641E+01  0.00000E+00  0.57903E-03 -0.29220E-04  0.13231E-01  0.33570E-03 -0.13654E-01  0.20128E-02  0.14184E-04 -0.22167E-02  0.27317E-03
 0.39159E+01  0.00000E+00  0.38091E-03 -0.20649E-04  0.14222E-01  0.29081E-03 -0.14612E-01  0.19215E-02  0.11945E-04 -0.19237E-02  0.27057E-03
 0.33858E+01  0.00000E+00  0.23090E-03 -0.13702E-04  0.15047E-01  0.24502E-03 -0.15397E-01  0.17760E-02  0.97635E-05 -0.16367E-02  0.26087E-03
 0.28719E+01  0.00000E+00  0.12585E-03 -0.83701E-05  0.15597E-01  0.19894E-03 -0.15902E-01  0.15744E-02  0.76709E-05 -0.13513E-02  0.24236E-03
 0.23718E+01  0.00000E+00  0.59612E-04 -0.45625E-05  0.15724E-01  0.15342E-03 -0.15978E-01  0.13193E-02  0.57079E-05 -0.10660E-02  0.21413E-03
 0.18833E+01  0.00000E+00  0.23241E-04 -0.21070E-05  0.15226E-01  0.10969E-03 -0.15422E-01  0.10204E-02  0.39234E-05 -0.78357E-03  0.17628E-03
 0.14043E+01  0.00000E+00  0.67665E-05 -0.74956E-06  0.13831E-01  0.69488E-04 -0.13963E-01  0.69708E-03  0.23771E-05 -0.51320E-03  0.13023E-03
 0.93224E+00  0.00000E+00  0.12115E-05 -0.16721E-06  0.11174E-01  0.35259E-04 -0.11241E-01  0.38240E-03  0.11420E-05 -0.27278E-03  0.79987E-04
 0.46494E+00  0.00000E+00  0.85221E-07 -0.12514E-07  0.67680E-02  0.10474E-04 -0.67829E-02  0.12950E-03  0.31005E-06 -0.92782E-04  0.32737E-04
 0.00000E+00  0.00000E+00  0.16552E-08  0.00000E+00  0.40628E-02  0.00000E+00 -0.40577E-02  0.22693E-04  0.68053E-40 -0.22693E-04  0.51539E-05
