# Flatness factors of vorticity
#
# Nomenclature
# 	y+	Distance from the wall in wall unit 
#	F(wr)	Flatness factor of radial vorticity
#	F(wt)	Flatness factor of azimuthal vorticity
#	F(wz)	Flatness factor of longitudinal vorticity
#
# y+           y+           F(wr)        F(wt)        F(wz)
# (for F(wr))
 0.17850E+03  0.17701E+03  0.45429E+01  0.45161E+01  0.53777E+01
 0.17552E+03  0.17403E+03  0.45365E+01  0.45835E+01  0.54396E+01
 0.17254E+03  0.17105E+03  0.45798E+01  0.46578E+01  0.54826E+01
 0.16957E+03  0.16808E+03  0.46358E+01  0.46861E+01  0.54405E+01
 0.16661E+03  0.16513E+03  0.46990E+01  0.47160E+01  0.54369E+01
 0.16365E+03  0.16218E+03  0.47608E+01  0.47573E+01  0.54216E+01
 0.16071E+03  0.15924E+03  0.48161E+01  0.48547E+01  0.54338E+01
 0.15778E+03  0.15631E+03  0.48629E+01  0.49714E+01  0.54845E+01
 0.15485E+03  0.15340E+03  0.49000E+01  0.50973E+01  0.55476E+01
 0.15194E+03  0.15049E+03  0.49262E+01  0.52341E+01  0.56201E+01
 0.14904E+03  0.14759E+03  0.49401E+01  0.53590E+01  0.56939E+01
 0.14615E+03  0.14471E+03  0.49415E+01  0.54045E+01  0.57208E+01
 0.14327E+03  0.14184E+03  0.49339E+01  0.54264E+01  0.57003E+01
 0.14041E+03  0.13898E+03  0.49221E+01  0.54581E+01  0.56753E+01
 0.13756E+03  0.13613E+03  0.49101E+01  0.54393E+01  0.56583E+01
 0.13472E+03  0.13330E+03  0.48977E+01  0.54109E+01  0.56371E+01
 0.13189E+03  0.13048E+03  0.48830E+01  0.54461E+01  0.56277E+01
 0.12908E+03  0.12768E+03  0.48671E+01  0.55313E+01  0.56381E+01
 0.12629E+03  0.12489E+03  0.48538E+01  0.56122E+01  0.56491E+01
 0.12351E+03  0.12212E+03  0.48451E+01  0.56709E+01  0.56248E+01
 0.12074E+03  0.11936E+03  0.48395E+01  0.57326E+01  0.55470E+01
 0.11799E+03  0.11662E+03  0.48357E+01  0.58182E+01  0.54590E+01
 0.11526E+03  0.11390E+03  0.48324E+01  0.59371E+01  0.53857E+01
 0.11255E+03  0.11120E+03  0.48298E+01  0.60441E+01  0.53312E+01
 0.10985E+03  0.10851E+03  0.48297E+01  0.60932E+01  0.53010E+01
 0.10718E+03  0.10584E+03  0.48318E+01  0.61349E+01  0.52845E+01
 0.10452E+03  0.10320E+03  0.48333E+01  0.61861E+01  0.52813E+01
 0.10188E+03  0.10057E+03  0.48326E+01  0.62554E+01  0.52797E+01
 0.99266E+02  0.97964E+02  0.48317E+01  0.63617E+01  0.52683E+01
 0.96672E+02  0.95380E+02  0.48326E+01  0.64359E+01  0.52343E+01
 0.94100E+02  0.92819E+02  0.48361E+01  0.63674E+01  0.52165E+01
 0.91550E+02  0.90282E+02  0.48437E+01  0.62967E+01  0.52440E+01
 0.89025E+02  0.87768E+02  0.48551E+01  0.64148E+01  0.52661E+01
 0.86523E+02  0.85279E+02  0.48752E+01  0.65857E+01  0.52686E+01
 0.84047E+02  0.82815E+02  0.49073E+01  0.66898E+01  0.52731E+01
 0.81597E+02  0.80378E+02  0.49539E+01  0.66686E+01  0.52795E+01
 0.79173E+02  0.77968E+02  0.50105E+01  0.67074E+01  0.52786E+01
 0.76776E+02  0.75585E+02  0.50680E+01  0.68212E+01  0.52937E+01
 0.74408E+02  0.73231E+02  0.51251E+01  0.68529E+01  0.53248E+01
 0.72069E+02  0.70906E+02  0.51799E+01  0.68621E+01  0.53472E+01
 0.69759E+02  0.68612E+02  0.52315E+01  0.68775E+01  0.53803E+01
 0.67480E+02  0.66348E+02  0.52834E+01  0.69060E+01  0.54185E+01
 0.65232E+02  0.64116E+02  0.53336E+01  0.69824E+01  0.54435E+01
 0.63016E+02  0.61916E+02  0.53785E+01  0.70462E+01  0.54602E+01
 0.60833E+02  0.59750E+02  0.54137E+01  0.70416E+01  0.54794E+01
 0.58684E+02  0.57618E+02  0.54432E+01  0.70260E+01  0.54857E+01
 0.56569E+02  0.55520E+02  0.54724E+01  0.70422E+01  0.55001E+01
 0.54489E+02  0.53458E+02  0.55010E+01  0.70521E+01  0.55324E+01
 0.52446E+02  0.51433E+02  0.55220E+01  0.70800E+01  0.55680E+01
 0.50438E+02  0.49444E+02  0.55337E+01  0.70660E+01  0.55958E+01
 0.48469E+02  0.47493E+02  0.55402E+01  0.70645E+01  0.56149E+01
 0.46537E+02  0.45581E+02  0.55385E+01  0.70439E+01  0.56500E+01
 0.44644E+02  0.43707E+02  0.55271E+01  0.70092E+01  0.56858E+01
 0.42790E+02  0.41873E+02  0.55051E+01  0.69643E+01  0.57383E+01
 0.40977E+02  0.40080E+02  0.54713E+01  0.69562E+01  0.57915E+01
 0.39204E+02  0.38327E+02  0.54277E+01  0.69775E+01  0.58448E+01
 0.37472E+02  0.36616E+02  0.53810E+01  0.69784E+01  0.59196E+01
 0.35781E+02  0.34947E+02  0.53305E+01  0.69604E+01  0.59949E+01
 0.34133E+02  0.33319E+02  0.52718E+01  0.69229E+01  0.60770E+01
 0.32527E+02  0.31735E+02  0.52031E+01  0.67923E+01  0.61776E+01
 0.30964E+02  0.30193E+02  0.51254E+01  0.66049E+01  0.62989E+01
 0.29444E+02  0.28695E+02  0.50411E+01  0.64230E+01  0.64437E+01
 0.27968E+02  0.27240E+02  0.49499E+01  0.62391E+01  0.65865E+01
 0.26535E+02  0.25829E+02  0.48507E+01  0.60528E+01  0.67463E+01
 0.25146E+02  0.24462E+02  0.47437E+01  0.58883E+01  0.69353E+01
 0.23800E+02  0.23138E+02  0.46335E+01  0.57209E+01  0.70974E+01
 0.22498E+02  0.21858E+02  0.45253E+01  0.55405E+01  0.72689E+01
 0.21239E+02  0.20621E+02  0.44207E+01  0.53606E+01  0.74948E+01
 0.20024E+02  0.19427E+02  0.43215E+01  0.51734E+01  0.77545E+01
 0.18851E+02  0.18276E+02  0.42286E+01  0.49973E+01  0.80416E+01
 0.17722E+02  0.17167E+02  0.41430E+01  0.48479E+01  0.83356E+01
 0.16634E+02  0.16101E+02  0.40672E+01  0.47295E+01  0.86332E+01
 0.15588E+02  0.15075E+02  0.40039E+01  0.46374E+01  0.89486E+01
 0.14582E+02  0.14090E+02  0.39554E+01  0.45670E+01  0.92838E+01
 0.13617E+02  0.13145E+02  0.39240E+01  0.45130E+01  0.96566E+01
 0.12691E+02  0.12238E+02  0.39126E+01  0.44710E+01  0.10090E+02
 0.11804E+02  0.11369E+02  0.39251E+01  0.44380E+01  0.10591E+02
 0.10953E+02  0.10537E+02  0.39664E+01  0.44061E+01  0.11174E+02
 0.10139E+02  0.97404E+01  0.40418E+01  0.43668E+01  0.11836E+02
 0.93591E+01  0.89778E+01  0.41569E+01  0.43158E+01  0.12555E+02
 0.86128E+01  0.82478E+01  0.43180E+01  0.42563E+01  0.13317E+02
 0.78985E+01  0.75491E+01  0.45327E+01  0.41960E+01  0.14087E+02
 0.72145E+01  0.68800E+01  0.48097E+01  0.41496E+01  0.14763E+02
 0.65593E+01  0.62387E+01  0.51593E+01  0.41284E+01  0.15166E+02
 0.59312E+01  0.56236E+01  0.55924E+01  0.41451E+01  0.15012E+02
 0.53281E+01  0.50327E+01  0.61198E+01  0.42126E+01  0.13989E+02
 0.47484E+01  0.44641E+01  0.67497E+01  0.43410E+01  0.12064E+02
 0.41900E+01  0.39159E+01  0.74849E+01  0.45407E+01  0.97105E+01
 0.36508E+01  0.33858E+01  0.83176E+01  0.48195E+01  0.77213E+01
 0.31288E+01  0.28719E+01  0.92205E+01  0.51853E+01  0.66500E+01
 0.26218E+01  0.23718E+01  0.10139E+02  0.56261E+01  0.64321E+01
 0.21275E+01  0.18833E+01  0.10991E+02  0.60978E+01  0.67848E+01
 0.16438E+01  0.14043E+01  0.11682E+02  0.65064E+01  0.75132E+01
 0.11683E+01  0.93224E+00  0.12142E+02  0.67436E+01  0.84708E+01
 0.69860E+00  0.46494E+00  0.12364E+02  0.67653E+01  0.95014E+01
 0.23247E+00  0.00000E+00  0.12420E+02  0.66406E+01  0.10490E+02
