# Mean vorticities
#
# Nomenclature
# 	y+	Distance from the wall in wall unit 
#	Wr+	Mean radial vorticity in wall unit 
#	Wt+	Mean azimuthal vorticity in wall unit 
#	Wz+	Mean longitudinal vorticity in wall unit 
#
# y+           y+           Wr+          Wt+          Wz+           
# (for Wr+)
 0.17850E+03  0.17701E+03  0.97231E-18  0.10456E-02 -0.19277E-02
 0.17552E+03  0.17403E+03 -0.40190E-18  0.22825E-02 -0.45177E-03
 0.17254E+03  0.17105E+03  0.39266E-18  0.35769E-02 -0.24299E-03
 0.16957E+03  0.16808E+03 -0.80917E-18  0.48811E-02 -0.12220E-03
 0.16661E+03  0.16513E+03 -0.39423E-18  0.61792E-02 -0.66168E-04
 0.16365E+03  0.16218E+03  0.92542E-18  0.74418E-02 -0.28648E-04
 0.16071E+03  0.15924E+03  0.16456E-19  0.86502E-02  0.98152E-05
 0.15778E+03  0.15631E+03 -0.23863E-18  0.98136E-02  0.50820E-04
 0.15485E+03  0.15340E+03 -0.10161E-17  0.10970E-01  0.67639E-04
 0.15194E+03  0.15049E+03 -0.93652E-18  0.12156E-01  0.29778E-04
 0.14904E+03  0.14759E+03 -0.81824E-18  0.13389E-01 -0.68023E-04
 0.14615E+03  0.14471E+03  0.88590E-20  0.14665E-01 -0.20577E-03
 0.14327E+03  0.14184E+03  0.74831E-18  0.15958E-01 -0.35770E-03
 0.14041E+03  0.13898E+03 -0.74683E-18  0.17239E-01 -0.50248E-03
 0.13756E+03  0.13613E+03 -0.43573E-18  0.18501E-01 -0.61805E-03
 0.13472E+03  0.13330E+03  0.95899E-19  0.19748E-01 -0.67663E-03
 0.13189E+03  0.13048E+03 -0.28155E-18  0.20961E-01 -0.66598E-03
 0.12908E+03  0.12768E+03 -0.36393E-18  0.22111E-01 -0.60953E-03
 0.12629E+03  0.12489E+03 -0.92664E-18  0.23185E-01 -0.54481E-03
 0.12351E+03  0.12212E+03 -0.36152E-18  0.24201E-01 -0.49226E-03
 0.12074E+03  0.11936E+03 -0.32855E-18  0.25183E-01 -0.45468E-03
 0.11799E+03  0.11662E+03  0.33042E-18  0.26141E-01 -0.42909E-03
 0.11526E+03  0.11390E+03 -0.55001E-18  0.27063E-01 -0.40710E-03
 0.11255E+03  0.11120E+03 -0.18340E-19  0.27922E-01 -0.37454E-03
 0.10985E+03  0.10851E+03  0.55649E-18  0.28693E-01 -0.32185E-03
 0.10718E+03  0.10584E+03 -0.31651E-18  0.29381E-01 -0.25612E-03
 0.10452E+03  0.10320E+03 -0.53136E-18  0.30032E-01 -0.19282E-03
 0.10188E+03  0.10057E+03 -0.26907E-19  0.30703E-01 -0.14132E-03
 0.99266E+02  0.97964E+02  0.32460E-18  0.31419E-01 -0.11141E-03
 0.96672E+02  0.95380E+02 -0.36975E-18  0.32169E-01 -0.11758E-03
 0.94100E+02  0.92819E+02  0.55318E-18  0.32957E-01 -0.16197E-03
 0.91550E+02  0.90282E+02  0.95186E-19  0.33817E-01 -0.22631E-03
 0.89025E+02  0.87768E+02 -0.44397E-18  0.34778E-01 -0.29266E-03
 0.86523E+02  0.85279E+02  0.12775E-19  0.35833E-01 -0.36348E-03
 0.84047E+02  0.82815E+02  0.92061E-18  0.36949E-01 -0.45340E-03
 0.81597E+02  0.80378E+02  0.55009E-19  0.38070E-01 -0.55904E-03
 0.79173E+02  0.77968E+02  0.66447E-18  0.39152E-01 -0.64985E-03
 0.76776E+02  0.75585E+02  0.12668E-18  0.40180E-01 -0.69520E-03
 0.74408E+02  0.73231E+02  0.23310E-18  0.41168E-01 -0.68743E-03
 0.72069E+02  0.70906E+02  0.86227E-18  0.42149E-01 -0.63460E-03
 0.69759E+02  0.68612E+02 -0.51391E-18  0.43175E-01 -0.55185E-03
 0.67480E+02  0.66348E+02  0.43419E-18  0.44295E-01 -0.46300E-03
 0.65232E+02  0.64116E+02  0.24871E-18  0.45539E-01 -0.38363E-03
 0.63016E+02  0.61916E+02  0.32861E-18  0.46901E-01 -0.30186E-03
 0.60833E+02  0.59750E+02 -0.12756E-18  0.48367E-01 -0.18922E-03
 0.58684E+02  0.57618E+02  0.31702E-18  0.49954E-01 -0.25563E-04
 0.56569E+02  0.55520E+02  0.24798E-18  0.51716E-01  0.19299E-03
 0.54489E+02  0.53458E+02  0.50093E-18  0.53701E-01  0.45466E-03
 0.52446E+02  0.51433E+02 -0.97677E-18  0.55919E-01  0.72939E-03
 0.50438E+02  0.49444E+02  0.16619E-18  0.58381E-01  0.97995E-03
 0.48469E+02  0.47493E+02 -0.53308E-18  0.61124E-01  0.11830E-02
 0.46537E+02  0.45581E+02 -0.75048E-18  0.64232E-01  0.13371E-02
 0.44644E+02  0.43707E+02 -0.86941E-19  0.67811E-01  0.14529E-02
 0.42790E+02  0.41873E+02  0.46633E-18  0.71938E-01  0.15443E-02
 0.40977E+02  0.40080E+02  0.16200E-18  0.76656E-01  0.16176E-02
 0.39204E+02  0.38327E+02  0.72283E-18  0.82003E-01  0.16625E-02
 0.37472E+02  0.36616E+02  0.10391E-17  0.88035E-01  0.16610E-02
 0.35781E+02  0.34947E+02 -0.13377E-18  0.94844E-01  0.16026E-02
 0.34133E+02  0.33319E+02 -0.26916E-18  0.10255E+00  0.14897E-02
 0.32527E+02  0.31735E+02 -0.46395E-18  0.11129E+00  0.13295E-02
 0.30964E+02  0.30193E+02 -0.86245E-20  0.12119E+00  0.11299E-02
 0.29444E+02  0.28695E+02 -0.49491E-18  0.13240E+00  0.90229E-03
 0.27968E+02  0.27240E+02 -0.61257E-18  0.14508E+00  0.66068E-03
 0.26535E+02  0.25829E+02 -0.56147E-18  0.15942E+00  0.41807E-03
 0.25146E+02  0.24462E+02 -0.47394E-18  0.17555E+00  0.18420E-03
 0.23800E+02  0.23138E+02  0.31993E-18  0.19363E+00 -0.34730E-04
 0.22498E+02  0.21858E+02 -0.14922E-18  0.21378E+00 -0.23556E-03
 0.21239E+02  0.20621E+02 -0.19223E-18  0.23613E+00 -0.41800E-03
 0.20024E+02  0.19427E+02  0.14573E-17  0.26080E+00 -0.58329E-03
 0.18851E+02  0.18276E+02  0.96619E-20  0.28787E+00 -0.73044E-03
 0.17722E+02  0.17167E+02  0.23387E-18  0.31741E+00 -0.85485E-03
 0.16634E+02  0.16101E+02 -0.25017E-19  0.34942E+00 -0.95116E-03
 0.15588E+02  0.15075E+02  0.13541E-18  0.38386E+00 -0.10159E-02
 0.14582E+02  0.14090E+02 -0.60730E-18  0.42062E+00 -0.10480E-02
 0.13617E+02  0.13145E+02  0.71974E-18  0.45950E+00 -0.10480E-02
 0.12691E+02  0.12238E+02 -0.28609E-18  0.50019E+00 -0.10173E-02
 0.11804E+02  0.11369E+02  0.29174E-18  0.54231E+00 -0.95827E-03
 0.10953E+02  0.10537E+02 -0.39109E-18  0.58535E+00 -0.87523E-03
 0.10139E+02  0.97404E+01 -0.23531E-19  0.62875E+00 -0.77465E-03
 0.93591E+01  0.89778E+01 -0.61507E-20  0.67185E+00 -0.66488E-03
 0.86128E+01  0.82478E+01 -0.16346E-18  0.71400E+00 -0.55477E-03
 0.78985E+01  0.75491E+01 -0.49029E-18  0.75450E+00 -0.45220E-03
 0.72145E+01  0.68800E+01  0.31280E-18  0.79271E+00 -0.36303E-03
 0.65593E+01  0.62387E+01  0.21219E-18  0.82808E+00 -0.29061E-03
 0.59312E+01  0.56236E+01  0.13121E-18  0.86012E+00 -0.23589E-03
 0.53281E+01  0.50327E+01 -0.20550E-18  0.88851E+00 -0.19774E-03
 0.47484E+01  0.44641E+01  0.23479E-18  0.91307E+00 -0.17366E-03
 0.41900E+01  0.39159E+01 -0.22216E-18  0.93376E+00 -0.16036E-03
 0.36508E+01  0.33858E+01  0.16562E-18  0.95070E+00 -0.15448E-03
 0.31288E+01  0.28719E+01  0.12722E-20  0.96416E+00 -0.15300E-03
 0.26218E+01  0.23718E+01 -0.10820E-19  0.97453E+00 -0.15355E-03
 0.21275E+01  0.18833E+01 -0.18439E-18  0.98227E+00 -0.15451E-03
 0.16438E+01  0.14043E+01 -0.21919E-18  0.98792E+00 -0.15500E-03
 0.11683E+01  0.93224E+00 -0.10640E-18  0.99205E+00 -0.15482E-03
 0.69860E+00  0.46494E+00 -0.27715E-19  0.99518E+00 -0.15424E-03
 0.23247E+00  0.00000E+00  0.24081E-19  0.99785E+00 -0.15388E-03
