# Mean velocities and pressure
#
# Nomenclature
# 	y+	Distance from the wall in wall unit 
#	Ur+	Mean radial velocity in wall unit 
#	Ut+	Mean azimuthal velocity in wall unit 
#	Uz+	Mean longitudinal velocity in wall unit 
#	P+	Mean pressure in wall unit 
#	dUz+/dr+	Mean shear stress in wall unit 
#
# y+           y+           Ur+          Ut+          Uz+          P+           dUz+/dr+
#            (for Ur+)
 0.17850E+03  0.17701E+03 -0.35597E-17 -0.54338E-02  0.19356E+02 -0.78403E+00 -0.52390E-03
 0.17552E+03  0.17403E+03 -0.17487E-17 -0.56552E-02  0.19353E+02 -0.78484E+00 -0.16652E-02
 0.17254E+03  0.17105E+03  0.84357E-17 -0.44753E-02  0.19347E+02 -0.78624E+00 -0.29289E-02
 0.16957E+03  0.16808E+03 -0.71191E-17 -0.38204E-02  0.19336E+02 -0.78768E+00 -0.42288E-02
 0.16661E+03  0.16513E+03  0.90228E-18 -0.32977E-02  0.19321E+02 -0.78912E+00 -0.55302E-02
 0.16365E+03  0.16218E+03 -0.46242E-17 -0.28798E-02  0.19303E+02 -0.79058E+00 -0.68097E-02
 0.16071E+03  0.15924E+03  0.10083E-16 -0.25184E-02  0.19281E+02 -0.79211E+00 -0.80457E-02
 0.15778E+03  0.15631E+03  0.36681E-18 -0.21592E-02  0.19256E+02 -0.79374E+00 -0.92313E-02
 0.15485E+03  0.15340E+03 -0.57555E-17 -0.17683E-02  0.19227E+02 -0.79555E+00 -0.10392E-01
 0.15194E+03  0.15049E+03  0.48529E-17 -0.13981E-02  0.19195E+02 -0.79762E+00 -0.11563E-01
 0.14904E+03  0.14759E+03 -0.90992E-17 -0.11847E-02  0.19160E+02 -0.80001E+00 -0.12772E-01
 0.14615E+03  0.14471E+03  0.12626E-16 -0.12718E-02  0.19121E+02 -0.80275E+00 -0.14028E-01
 0.14327E+03  0.14184E+03  0.10716E-16 -0.17410E-02  0.19079E+02 -0.80583E+00 -0.15311E-01
 0.14041E+03  0.13898E+03  0.30115E-17 -0.26028E-02  0.19033E+02 -0.80919E+00 -0.16598E-01
 0.13756E+03  0.13613E+03  0.21636E-17 -0.38130E-02  0.18984E+02 -0.81277E+00 -0.17871E-01
 0.13472E+03  0.13330E+03 -0.51382E-17 -0.52736E-02  0.18932E+02 -0.81647E+00 -0.19125E-01
 0.13189E+03  0.13048E+03  0.25810E-17 -0.68193E-02  0.18876E+02 -0.82024E+00 -0.20355E-01
 0.12908E+03  0.12768E+03 -0.89305E-17 -0.82632E-02  0.18817E+02 -0.82402E+00 -0.21536E-01
 0.12629E+03  0.12489E+03 -0.29145E-18 -0.94930E-02  0.18755E+02 -0.82780E+00 -0.22648E-01
 0.12351E+03  0.12212E+03  0.16337E-17 -0.10503E-01  0.18691E+02 -0.83157E+00 -0.23693E-01
 0.12074E+03  0.11936E+03 -0.69194E-17 -0.11343E-01  0.18624E+02 -0.83529E+00 -0.24692E-01
 0.11799E+03  0.11662E+03  0.12362E-17 -0.12062E-01  0.18555E+02 -0.83896E+00 -0.25661E-01
 0.11526E+03  0.11390E+03 -0.22405E-17 -0.12700E-01  0.18483E+02 -0.84255E+00 -0.26601E-01
 0.11255E+03  0.11120E+03 -0.33936E-17 -0.13272E-01  0.18410E+02 -0.84605E+00 -0.27493E-01
 0.10985E+03  0.10851E+03 -0.29068E-17 -0.13752E-01  0.18335E+02 -0.84948E+00 -0.28308E-01
 0.10718E+03  0.10584E+03 -0.84639E-17 -0.14092E-01  0.18258E+02 -0.85285E+00 -0.29037E-01
 0.10452E+03  0.10320E+03  0.17258E-17 -0.14265E-01  0.18180E+02 -0.85617E+00 -0.29706E-01
 0.10188E+03  0.10057E+03 -0.29088E-18 -0.14283E-01  0.18101E+02 -0.85943E+00 -0.30368E-01
 0.99266E+02  0.97964E+02  0.42156E-17 -0.14184E-01  0.18020E+02 -0.86260E+00 -0.31060E-01
 0.96672E+02  0.95380E+02 -0.20735E-17 -0.14027E-01  0.17939E+02 -0.86566E+00 -0.31794E-01
 0.94100E+02  0.92819E+02 -0.31419E-17 -0.13905E-01  0.17856E+02 -0.86860E+00 -0.32564E-01
 0.91550E+02  0.90282E+02  0.76425E-17 -0.13911E-01  0.17772E+02 -0.87142E+00 -0.33387E-01
 0.89025E+02  0.87768E+02 -0.24549E-17 -0.14089E-01  0.17686E+02 -0.87411E+00 -0.34296E-01
 0.86523E+02  0.85279E+02  0.99824E-18 -0.14434E-01  0.17600E+02 -0.87663E+00 -0.35305E-01
 0.84047E+02  0.82815E+02 -0.75232E-17 -0.14950E-01  0.17511E+02 -0.87891E+00 -0.36390E-01
 0.81597E+02  0.80378E+02  0.31320E-17 -0.15675E-01  0.17420E+02 -0.88088E+00 -0.37510E-01
 0.79173E+02  0.77968E+02 -0.75354E-18 -0.16637E-01  0.17328E+02 -0.88246E+00 -0.38611E-01
 0.76776E+02  0.75585E+02  0.18409E-17 -0.17790E-01  0.17234E+02 -0.88359E+00 -0.39665E-01
 0.74408E+02  0.73231E+02 -0.13220E-17 -0.19019E-01  0.17139E+02 -0.88424E+00 -0.40675E-01
 0.72069E+02  0.70906E+02  0.15050E-17 -0.20197E-01  0.17043E+02 -0.88434E+00 -0.41659E-01
 0.69759E+02  0.68612E+02  0.78642E-18 -0.21225E-01  0.16945E+02 -0.88381E+00 -0.42662E-01
 0.67480E+02  0.66348E+02 -0.40054E-17 -0.22040E-01  0.16847E+02 -0.88256E+00 -0.43735E-01
 0.65232E+02  0.64116E+02 -0.56373E-18 -0.22639E-01  0.16747E+02 -0.88045E+00 -0.44916E-01
 0.63016E+02  0.61916E+02 -0.26120E-18 -0.23052E-01  0.16646E+02 -0.87732E+00 -0.46221E-01
 0.60833E+02  0.59750E+02  0.26678E-18 -0.23283E-01  0.16544E+02 -0.87301E+00 -0.47635E-01
 0.58684E+02  0.57618E+02  0.16737E-19 -0.23273E-01  0.16440E+02 -0.86737E+00 -0.49160E-01
 0.56569E+02  0.55520E+02 -0.16421E-18 -0.22928E-01  0.16334E+02 -0.86029E+00 -0.50837E-01
 0.54489E+02  0.53458E+02  0.24398E-18 -0.22150E-01  0.16227E+02 -0.85168E+00 -0.52709E-01
 0.52446E+02  0.51433E+02  0.39240E-17 -0.20873E-01  0.16117E+02 -0.84144E+00 -0.54809E-01
 0.50438E+02  0.49444E+02 -0.30165E-17 -0.19097E-01  0.16005E+02 -0.82948E+00 -0.57151E-01
 0.48469E+02  0.47493E+02  0.28527E-17 -0.16896E-01  0.15890E+02 -0.81570E+00 -0.59752E-01
 0.46537E+02  0.45581E+02 -0.86910E-18 -0.14382E-01  0.15772E+02 -0.80004E+00 -0.62676E-01
 0.44644E+02  0.43707E+02 -0.24484E-17 -0.11668E-01  0.15650E+02 -0.78249E+00 -0.66022E-01
 0.42790E+02  0.41873E+02 -0.45120E-18 -0.88352E-02  0.15525E+02 -0.76304E+00 -0.69876E-01
 0.40977E+02  0.40080E+02  0.27391E-17 -0.59375E-02  0.15394E+02 -0.74169E+00 -0.74296E-01
 0.39204E+02  0.38327E+02  0.23253E-17 -0.30127E-02  0.15258E+02 -0.71849E+00 -0.79330E-01
 0.37472E+02  0.36616E+02  0.25620E-17 -0.11427E-03  0.15116E+02 -0.69351E+00 -0.85021E-01
 0.35781E+02  0.34947E+02 -0.38182E-18  0.26783E-02  0.14967E+02 -0.66687E+00 -0.91437E-01
 0.34133E+02  0.33319E+02  0.25404E-17  0.52747E-02  0.14811E+02 -0.63870E+00 -0.98696E-01
 0.32527E+02  0.31735E+02 -0.76960E-18  0.75964E-02  0.14646E+02 -0.60917E+00 -0.10692E+00
 0.30964E+02  0.30193E+02 -0.21185E-17  0.95838E-02  0.14472E+02 -0.57849E+00 -0.11624E+00
 0.29444E+02  0.28695E+02  0.23392E-17  0.11196E-01  0.14288E+02 -0.54686E+00 -0.12679E+00
 0.27968E+02  0.27240E+02 -0.24863E-17  0.12413E-01  0.14093E+02 -0.51451E+00 -0.13874E+00
 0.26535E+02  0.25829E+02 -0.18965E-17  0.13239E-01  0.13885E+02 -0.48168E+00 -0.15225E+00
 0.25146E+02  0.24462E+02  0.24086E-18  0.13699E-01  0.13663E+02 -0.44864E+00 -0.16749E+00
 0.23800E+02  0.23138E+02  0.25892E-17  0.13827E-01  0.13427E+02 -0.41564E+00 -0.18459E+00
 0.22498E+02  0.21858E+02  0.19137E-17  0.13668E-01  0.13175E+02 -0.38293E+00 -0.20370E+00
 0.21239E+02  0.20621E+02  0.66073E-18  0.13265E-01  0.12906E+02 -0.35078E+00 -0.22495E+00
 0.20024E+02  0.19427E+02  0.91141E-20  0.12658E-01  0.12619E+02 -0.31939E+00 -0.24846E+00
 0.18851E+02  0.18276E+02  0.84642E-18  0.11884E-01  0.12313E+02 -0.28900E+00 -0.27434E+00
 0.17722E+02  0.17167E+02  0.71294E-18  0.10979E-01  0.11988E+02 -0.25979E+00 -0.30264E+00
 0.16634E+02  0.16101E+02  0.29684E-18  0.99793E-02  0.11643E+02 -0.23195E+00 -0.33341E+00
 0.15588E+02  0.15075E+02  0.33816E-18  0.89239E-02  0.11277E+02 -0.20562E+00 -0.36665E+00
 0.14582E+02  0.14090E+02 -0.30870E-18  0.78515E-02  0.10891E+02 -0.18092E+00 -0.40225E+00
 0.13617E+02  0.13145E+02  0.17413E-18  0.67974E-02  0.10485E+02 -0.15793E+00 -0.44006E+00
 0.12691E+02  0.12238E+02  0.74017E-18  0.57921E-02  0.10060E+02 -0.13672E+00 -0.47984E+00
 0.11804E+02  0.11369E+02  0.15808E-18  0.48609E-02  0.96158E+01 -0.11730E+00 -0.52125E+00
 0.10953E+02  0.10537E+02  0.49914E-18  0.40235E-02  0.91546E+01 -0.99679E-01 -0.56383E+00
 0.10139E+02  0.97404E+01  0.59218E-18  0.32931E-02  0.86778E+01 -0.83823E-01 -0.60705E+00
 0.93591E+01  0.89778E+01  0.34150E-18  0.26755E-02  0.81876E+01 -0.69688E-01 -0.65029E+00
 0.86128E+01  0.82478E+01 -0.12854E-18  0.21687E-02  0.76862E+01 -0.57208E-01 -0.69292E+00
 0.78985E+01  0.75491E+01 -0.11408E-18  0.17643E-02  0.71762E+01 -0.46303E-01 -0.73425E+00
 0.72145E+01  0.68800E+01  0.34278E-18  0.14486E-02  0.66602E+01 -0.36881E-01 -0.77360E+00
 0.65593E+01  0.62387E+01 -0.88638E-19  0.12057E-02  0.61408E+01 -0.28842E-01 -0.81039E+00
 0.59312E+01  0.56236E+01  0.11861E-18  0.10192E-02  0.56206E+01 -0.22078E-01 -0.84409E+00
 0.53281E+01  0.50327E+01 -0.43442E-19  0.87364E-03  0.51020E+01 -0.16479E-01 -0.87431E+00
 0.47484E+01  0.44641E+01 -0.13398E-18  0.75630E-03  0.45869E+01 -0.11934E-01 -0.90079E+00
 0.41900E+01  0.39159E+01 -0.10671E-19  0.65708E-03  0.40770E+01 -0.83283E-02 -0.92342E+00
 0.36508E+01  0.33858E+01  0.48489E-20  0.56874E-03  0.35736E+01 -0.55492E-02 -0.94223E+00
 0.31288E+01  0.28719E+01  0.14930E-19  0.48655E-03  0.30773E+01 -0.34840E-02 -0.95742E+00
 0.26218E+01  0.23718E+01 -0.24078E-19  0.40769E-03  0.25884E+01 -0.20210E-02 -0.96934E+00
 0.21275E+01  0.18833E+01  0.58436E-20  0.33077E-03  0.21068E+01 -0.10501E-02 -0.97840E+00
 0.16438E+01  0.14043E+01  0.52818E-20  0.25524E-03  0.16316E+01 -0.46340E-03 -0.98510E+00
 0.11683E+01  0.93224E+00  0.91877E-20  0.18094E-03  0.11618E+01 -0.15640E-03 -0.99000E+00
 0.69860E+00  0.46494E+00 -0.20736E-20  0.10785E-03  0.69585E+00 -0.31100E-04 -0.99362E+00
 0.23247E+00  0.00000E+00  0.00000E+00  0.35773E-04  0.23197E+00  0.00000E+00 -0.99651E+00
