# RMS velocities and pressure
#
# Nomenclature
# 	y+	Distance from the wall in wall unit 
#	ur+,rms	RMS radial velocity in wall unit 
#	ut+,rms	RMS azimuthal velocity in wall unit 
#	uz+,rms	RMS longitudinal velocity in wall unit 
#	p+,rms	RMS pressure in wall unit 
#
# y+           y+           ur+,rms      ut+,rms      uz+,rms      p+,rms
#           (for ur+,rms)
 0.17850E+03  0.17701E+03  0.65496E+00  0.65384E+00  0.84947E+00  0.90586E+00
 0.17552E+03  0.17403E+03  0.65739E+00  0.65732E+00  0.85329E+00  0.90753E+00
 0.17254E+03  0.17105E+03  0.65944E+00  0.65985E+00  0.85812E+00  0.91187E+00
 0.16957E+03  0.16808E+03  0.66139E+00  0.66244E+00  0.86448E+00  0.91831E+00
 0.16661E+03  0.16513E+03  0.66337E+00  0.66537E+00  0.87239E+00  0.92647E+00
 0.16365E+03  0.16218E+03  0.66546E+00  0.66872E+00  0.88174E+00  0.93606E+00
 0.16071E+03  0.15924E+03  0.66770E+00  0.67255E+00  0.89243E+00  0.94685E+00
 0.15778E+03  0.15631E+03  0.67016E+00  0.67679E+00  0.90438E+00  0.95867E+00
 0.15485E+03  0.15340E+03  0.67287E+00  0.68131E+00  0.91746E+00  0.97144E+00
 0.15194E+03  0.15049E+03  0.67586E+00  0.68609E+00  0.93152E+00  0.98510E+00
 0.14904E+03  0.14759E+03  0.67916E+00  0.69120E+00  0.94635E+00  0.99957E+00
 0.14615E+03  0.14471E+03  0.68278E+00  0.69683E+00  0.96177E+00  0.10148E+01
 0.14327E+03  0.14184E+03  0.68672E+00  0.70319E+00  0.97768E+00  0.10306E+01
 0.14041E+03  0.13898E+03  0.69095E+00  0.71044E+00  0.99406E+00  0.10470E+01
 0.13756E+03  0.13613E+03  0.69543E+00  0.71870E+00  0.10109E+01  0.10638E+01
 0.13472E+03  0.13330E+03  0.70015E+00  0.72792E+00  0.10281E+01  0.10811E+01
 0.13189E+03  0.13048E+03  0.70506E+00  0.73788E+00  0.10456E+01  0.10988E+01
 0.12908E+03  0.12768E+03  0.71015E+00  0.74833E+00  0.10635E+01  0.11168E+01
 0.12629E+03  0.12489E+03  0.71538E+00  0.75918E+00  0.10814E+01  0.11352E+01
 0.12351E+03  0.12212E+03  0.72075E+00  0.77042E+00  0.10995E+01  0.11536E+01
 0.12074E+03  0.11936E+03  0.72623E+00  0.78195E+00  0.11173E+01  0.11721E+01
 0.11799E+03  0.11662E+03  0.73180E+00  0.79361E+00  0.11349E+01  0.11906E+01
 0.11526E+03  0.11390E+03  0.73741E+00  0.80526E+00  0.11523E+01  0.12091E+01
 0.11255E+03  0.11120E+03  0.74306E+00  0.81670E+00  0.11696E+01  0.12278E+01
 0.10985E+03  0.10851E+03  0.74872E+00  0.82769E+00  0.11870E+01  0.12468E+01
 0.10718E+03  0.10584E+03  0.75438E+00  0.83811E+00  0.12043E+01  0.12662E+01
 0.10452E+03  0.10320E+03  0.76001E+00  0.84803E+00  0.12215E+01  0.12859E+01
 0.10188E+03  0.10057E+03  0.76558E+00  0.85772E+00  0.12387E+01  0.13059E+01
 0.99266E+02  0.97964E+02  0.77109E+00  0.86740E+00  0.12560E+01  0.13262E+01
 0.96672E+02  0.95380E+02  0.77653E+00  0.87723E+00  0.12735E+01  0.13467E+01
 0.94100E+02  0.92819E+02  0.78190E+00  0.88732E+00  0.12915E+01  0.13674E+01
 0.91550E+02  0.90282E+02  0.78721E+00  0.89771E+00  0.13099E+01  0.13884E+01
 0.89025E+02  0.87768E+02  0.79246E+00  0.90832E+00  0.13286E+01  0.14097E+01
 0.86523E+02  0.85279E+02  0.79760E+00  0.91906E+00  0.13478E+01  0.14313E+01
 0.84047E+02  0.82815E+02  0.80260E+00  0.92983E+00  0.13677E+01  0.14532E+01
 0.81597E+02  0.80378E+02  0.80741E+00  0.94050E+00  0.13885E+01  0.14752E+01
 0.79173E+02  0.77968E+02  0.81197E+00  0.95089E+00  0.14102E+01  0.14973E+01
 0.76776E+02  0.75585E+02  0.81625E+00  0.96081E+00  0.14328E+01  0.15191E+01
 0.74408E+02  0.73231E+02  0.82022E+00  0.97009E+00  0.14562E+01  0.15408E+01
 0.72069E+02  0.70906E+02  0.82382E+00  0.97855E+00  0.14803E+01  0.15621E+01
 0.69759E+02  0.68612E+02  0.82699E+00  0.98610E+00  0.15051E+01  0.15832E+01
 0.67480E+02  0.66348E+02  0.82965E+00  0.99279E+00  0.15305E+01  0.16040E+01
 0.65232E+02  0.64116E+02  0.83170E+00  0.99881E+00  0.15564E+01  0.16244E+01
 0.63016E+02  0.61916E+02  0.83305E+00  0.10043E+01  0.15831E+01  0.16445E+01
 0.60833E+02  0.59750E+02  0.83361E+00  0.10093E+01  0.16107E+01  0.16640E+01
 0.58684E+02  0.57618E+02  0.83331E+00  0.10138E+01  0.16394E+01  0.16829E+01
 0.56569E+02  0.55520E+02  0.83207E+00  0.10177E+01  0.16690E+01  0.17012E+01
 0.54489E+02  0.53458E+02  0.82986E+00  0.10210E+01  0.16997E+01  0.17189E+01
 0.52446E+02  0.51433E+02  0.82659E+00  0.10235E+01  0.17316E+01  0.17359E+01
 0.50438E+02  0.49444E+02  0.82220E+00  0.10253E+01  0.17650E+01  0.17522E+01
 0.48469E+02  0.47493E+02  0.81661E+00  0.10264E+01  0.18001E+01  0.17676E+01
 0.46537E+02  0.45581E+02  0.80980E+00  0.10270E+01  0.18368E+01  0.17820E+01
 0.44644E+02  0.43707E+02  0.80171E+00  0.10271E+01  0.18752E+01  0.17954E+01
 0.42790E+02  0.41873E+02  0.79232E+00  0.10266E+01  0.19153E+01  0.18077E+01
 0.40977E+02  0.40080E+02  0.78160E+00  0.10256E+01  0.19572E+01  0.18187E+01
 0.39204E+02  0.38327E+02  0.76953E+00  0.10243E+01  0.20010E+01  0.18282E+01
 0.37472E+02  0.36616E+02  0.75612E+00  0.10225E+01  0.20466E+01  0.18363E+01
 0.35781E+02  0.34947E+02  0.74138E+00  0.10204E+01  0.20939E+01  0.18429E+01
 0.34133E+02  0.33319E+02  0.72533E+00  0.10178E+01  0.21424E+01  0.18479E+01
 0.32527E+02  0.31735E+02  0.70801E+00  0.10146E+01  0.21918E+01  0.18513E+01
 0.30964E+02  0.30193E+02  0.68947E+00  0.10107E+01  0.22417E+01  0.18532E+01
 0.29444E+02  0.28695E+02  0.66976E+00  0.10061E+01  0.22917E+01  0.18536E+01
 0.27968E+02  0.27240E+02  0.64895E+00  0.10008E+01  0.23413E+01  0.18525E+01
 0.26535E+02  0.25829E+02  0.62711E+00  0.99460E+00  0.23901E+01  0.18499E+01
 0.25146E+02  0.24462E+02  0.60435E+00  0.98758E+00  0.24375E+01  0.18459E+01
 0.23800E+02  0.23138E+02  0.58075E+00  0.97961E+00  0.24830E+01  0.18406E+01
 0.22498E+02  0.21858E+02  0.55643E+00  0.97062E+00  0.25260E+01  0.18339E+01
 0.21239E+02  0.20621E+02  0.53148E+00  0.96055E+00  0.25658E+01  0.18261E+01
 0.20024E+02  0.19427E+02  0.50602E+00  0.94933E+00  0.26016E+01  0.18172E+01
 0.18851E+02  0.18276E+02  0.48017E+00  0.93691E+00  0.26326E+01  0.18074E+01
 0.17722E+02  0.17167E+02  0.45405E+00  0.92322E+00  0.26581E+01  0.17968E+01
 0.16634E+02  0.16101E+02  0.42779E+00  0.90820E+00  0.26769E+01  0.17856E+01
 0.15588E+02  0.15075E+02  0.40151E+00  0.89182E+00  0.26882E+01  0.17739E+01
 0.14582E+02  0.14090E+02  0.37533E+00  0.87406E+00  0.26908E+01  0.17619E+01
 0.13617E+02  0.13145E+02  0.34936E+00  0.85493E+00  0.26838E+01  0.17497E+01
 0.12691E+02  0.12238E+02  0.32371E+00  0.83445E+00  0.26662E+01  0.17375E+01
 0.11804E+02  0.11369E+02  0.29847E+00  0.81265E+00  0.26368E+01  0.17254E+01
 0.10953E+02  0.10537E+02  0.27375E+00  0.78956E+00  0.25950E+01  0.17134E+01
 0.10139E+02  0.97404E+01  0.24962E+00  0.76522E+00  0.25398E+01  0.17018E+01
 0.93591E+01  0.89778E+01  0.22616E+00  0.73963E+00  0.24709E+01  0.16906E+01
 0.86128E+01  0.82478E+01  0.20345E+00  0.71278E+00  0.23878E+01  0.16798E+01
 0.78985E+01  0.75491E+01  0.18155E+00  0.68463E+00  0.22908E+01  0.16697E+01
 0.72145E+01  0.68800E+01  0.16052E+00  0.65510E+00  0.21801E+01  0.16602E+01
 0.65593E+01  0.62387E+01  0.14042E+00  0.62408E+00  0.20565E+01  0.16514E+01
 0.59312E+01  0.56236E+01  0.12130E+00  0.59140E+00  0.19209E+01  0.16434E+01
 0.53281E+01  0.50327E+01  0.10322E+00  0.55688E+00  0.17749E+01  0.16362E+01
 0.47484E+01  0.44641E+01  0.86232E-01  0.52028E+00  0.16198E+01  0.16299E+01
 0.41900E+01  0.39159E+01  0.70416E-01  0.48133E+00  0.14575E+01  0.16244E+01
 0.36508E+01  0.33858E+01  0.55846E-01  0.43971E+00  0.12897E+01  0.16198E+01
 0.31288E+01  0.28719E+01  0.42616E-01  0.39510E+00  0.11183E+01  0.16161E+01
 0.26218E+01  0.23718E+01  0.30837E-01  0.34712E+00  0.94489E+00  0.16132E+01
 0.21275E+01  0.18833E+01  0.20645E-01  0.29537E+00  0.77093E+00  0.16113E+01
 0.16438E+01  0.14043E+01  0.12213E-01  0.23940E+00  0.59755E+00  0.16102E+01
 0.11683E+01  0.93224E+00  0.57592E-02  0.17866E+00  0.42542E+00  0.16100E+01
 0.69860E+00  0.46494E+00  0.15661E-02  0.11249E+00  0.25469E+00  0.16107E+01
 0.23247E+00  0.00000E+00  0.00000E+00  0.40019E-01  0.84932E-01  0.16123E+01
