# Skewness factors of velocity and pressure
#
# Nomenclature
# 	y+	Distance from the wall in wall unit 
#	S(ur)	Skewness factor of radial velocity
#	S(ut)	Skewness factor of azimuthal velocity
#	S(uz)	Skewness factor of longitudinal velocity
#	S(p)	Skewness factor of pressure
#
# y+           y+           S(ur)        S(ut)        S(uz)        S(p)
#           (for S(ur))
 0.17850E+03  0.17701E+03 -0.23298E-01 -0.14734E-01 -0.55154E+00 -0.16136E+00
 0.17552E+03  0.17403E+03 -0.47178E-01 -0.10223E-01 -0.55805E+00 -0.16386E+00
 0.17254E+03  0.17105E+03 -0.69532E-01 -0.89216E-02 -0.56749E+00 -0.17208E+00
 0.16957E+03  0.16808E+03 -0.90757E-01 -0.10363E-01 -0.57874E+00 -0.18462E+00
 0.16661E+03  0.16513E+03 -0.11073E+00 -0.12720E-01 -0.59051E+00 -0.20030E+00
 0.16365E+03  0.16218E+03 -0.12927E+00 -0.14466E-01 -0.60286E+00 -0.21780E+00
 0.16071E+03  0.15924E+03 -0.14625E+00 -0.15395E-01 -0.61587E+00 -0.23614E+00
 0.15778E+03  0.15631E+03 -0.16154E+00 -0.16290E-01 -0.62893E+00 -0.25480E+00
 0.15485E+03  0.15340E+03 -0.17509E+00 -0.17697E-01 -0.64138E+00 -0.27351E+00
 0.15194E+03  0.15049E+03 -0.18691E+00 -0.19659E-01 -0.65283E+00 -0.29204E+00
 0.14904E+03  0.14759E+03 -0.19703E+00 -0.21518E-01 -0.66300E+00 -0.31008E+00
 0.14615E+03  0.14471E+03 -0.20548E+00 -0.22169E-01 -0.67180E+00 -0.32740E+00
 0.14327E+03  0.14184E+03 -0.21231E+00 -0.21171E-01 -0.67979E+00 -0.34396E+00
 0.14041E+03  0.13898E+03 -0.21776E+00 -0.18619E-01 -0.68749E+00 -0.35979E+00
 0.13756E+03  0.13613E+03 -0.22213E+00 -0.15311E-01 -0.69443E+00 -0.37473E+00
 0.13472E+03  0.13330E+03 -0.22572E+00 -0.12855E-01 -0.69953E+00 -0.38833E+00
 0.13189E+03  0.13048E+03 -0.22868E+00 -0.12157E-01 -0.70184E+00 -0.39999E+00
 0.12908E+03  0.12768E+03 -0.23102E+00 -0.12810E-01 -0.70095E+00 -0.40929E+00
 0.12629E+03  0.12489E+03 -0.23271E+00 -0.13597E-01 -0.69725E+00 -0.41597E+00
 0.12351E+03  0.12212E+03 -0.23379E+00 -0.13537E-01 -0.69170E+00 -0.41977E+00
 0.12074E+03  0.11936E+03 -0.23440E+00 -0.12750E-01 -0.68509E+00 -0.42062E+00
 0.11799E+03  0.11662E+03 -0.23466E+00 -0.12167E-01 -0.67757E+00 -0.41898E+00
 0.11526E+03  0.11390E+03 -0.23466E+00 -0.12522E-01 -0.66896E+00 -0.41587E+00
 0.11255E+03  0.11120E+03 -0.23444E+00 -0.13073E-01 -0.65943E+00 -0.41250E+00
 0.10985E+03  0.10851E+03 -0.23401E+00 -0.11964E-01 -0.64972E+00 -0.40976E+00
 0.10718E+03  0.10584E+03 -0.23335E+00 -0.78551E-02 -0.64034E+00 -0.40799E+00
 0.10452E+03  0.10320E+03 -0.23248E+00 -0.48928E-03 -0.63135E+00 -0.40697E+00
 0.10188E+03  0.10057E+03 -0.23140E+00  0.91951E-02 -0.62284E+00 -0.40624E+00
 0.99266E+02  0.97964E+02 -0.23012E+00  0.19850E-01 -0.61508E+00 -0.40527E+00
 0.96672E+02  0.95380E+02 -0.22861E+00  0.30190E-01 -0.60825E+00 -0.40375E+00
 0.94100E+02  0.92819E+02 -0.22679E+00  0.39044E-01 -0.60245E+00 -0.40192E+00
 0.91550E+02  0.90282E+02 -0.22460E+00  0.45667E-01 -0.59754E+00 -0.40042E+00
 0.89025E+02  0.87768E+02 -0.22196E+00  0.49432E-01 -0.59321E+00 -0.39980E+00
 0.86523E+02  0.85279E+02 -0.21877E+00  0.50120E-01 -0.58919E+00 -0.40031E+00
 0.84047E+02  0.82815E+02 -0.21499E+00  0.48422E-01 -0.58539E+00 -0.40201E+00
 0.81597E+02  0.80378E+02 -0.21057E+00  0.45298E-01 -0.58199E+00 -0.40475E+00
 0.79173E+02  0.77968E+02 -0.20544E+00  0.41689E-01 -0.57919E+00 -0.40825E+00
 0.76776E+02  0.75585E+02 -0.19949E+00  0.38555E-01 -0.57700E+00 -0.41226E+00
 0.74408E+02  0.73231E+02 -0.19269E+00  0.36504E-01 -0.57553E+00 -0.41648E+00
 0.72069E+02  0.70906E+02 -0.18513E+00  0.35767E-01 -0.57485E+00 -0.42051E+00
 0.69759E+02  0.68612E+02 -0.17697E+00  0.36097E-01 -0.57461E+00 -0.42391E+00
 0.67480E+02  0.66348E+02 -0.16831E+00  0.36797E-01 -0.57444E+00 -0.42631E+00
 0.65232E+02  0.64116E+02 -0.15920E+00  0.37227E-01 -0.57417E+00 -0.42750E+00
 0.63016E+02  0.61916E+02 -0.14961E+00  0.37409E-01 -0.57375E+00 -0.42744E+00
 0.60833E+02  0.59750E+02 -0.13947E+00  0.38029E-01 -0.57311E+00 -0.42629E+00
 0.58684E+02  0.57618E+02 -0.12866E+00  0.39717E-01 -0.57189E+00 -0.42439E+00
 0.56569E+02  0.55520E+02 -0.11706E+00  0.42405E-01 -0.56939E+00 -0.42217E+00
 0.54489E+02  0.53458E+02 -0.10460E+00  0.45243E-01 -0.56524E+00 -0.42008E+00
 0.52446E+02  0.51433E+02 -0.91184E-01  0.47243E-01 -0.55961E+00 -0.41841E+00
 0.50438E+02  0.49444E+02 -0.76722E-01  0.48047E-01 -0.55296E+00 -0.41732E+00
 0.48469E+02  0.47493E+02 -0.61110E-01  0.48061E-01 -0.54568E+00 -0.41685E+00
 0.46537E+02  0.45581E+02 -0.44287E-01  0.47564E-01 -0.53792E+00 -0.41695E+00
 0.44644E+02  0.43707E+02 -0.26212E-01  0.46323E-01 -0.52963E+00 -0.41728E+00
 0.42790E+02  0.41873E+02 -0.68518E-02  0.43973E-01 -0.52067E+00 -0.41718E+00
 0.40977E+02  0.40080E+02  0.13866E-01  0.40549E-01 -0.51088E+00 -0.41597E+00
 0.39204E+02  0.38327E+02  0.35994E-01  0.36523E-01 -0.50020E+00 -0.41330E+00
 0.37472E+02  0.36616E+02  0.59494E-01  0.32418E-01 -0.48868E+00 -0.40934E+00
 0.35781E+02  0.34947E+02  0.84293E-01  0.28494E-01 -0.47634E+00 -0.40450E+00
 0.34133E+02  0.33319E+02  0.11032E+00  0.24870E-01 -0.46301E+00 -0.39910E+00
 0.32527E+02  0.31735E+02  0.13749E+00  0.21597E-01 -0.44843E+00 -0.39329E+00
 0.30964E+02  0.30193E+02  0.16565E+00  0.18731E-01 -0.43233E+00 -0.38712E+00
 0.29444E+02  0.28695E+02  0.19462E+00  0.16230E-01 -0.41445E+00 -0.38052E+00
 0.27968E+02  0.27240E+02  0.22425E+00  0.13910E-01 -0.39447E+00 -0.37317E+00
 0.26535E+02  0.25829E+02  0.25440E+00  0.11579E-01 -0.37210E+00 -0.36453E+00
 0.25146E+02  0.24462E+02  0.28500E+00  0.92203E-02 -0.34705E+00 -0.35406E+00
 0.23800E+02  0.23138E+02  0.31595E+00  0.70348E-02 -0.31916E+00 -0.34134E+00
 0.22498E+02  0.21858E+02  0.34719E+00  0.51673E-02 -0.28840E+00 -0.32610E+00
 0.21239E+02  0.20621E+02  0.37865E+00  0.36184E-02 -0.25468E+00 -0.30835E+00
 0.20024E+02  0.19427E+02  0.41022E+00  0.24044E-02 -0.21786E+00 -0.28810E+00
 0.18851E+02  0.18276E+02  0.44184E+00  0.15473E-02 -0.17777E+00 -0.26543E+00
 0.17722E+02  0.17167E+02  0.47343E+00  0.92096E-03 -0.13415E+00 -0.24053E+00
 0.16634E+02  0.16101E+02  0.50492E+00  0.25945E-03 -0.86800E-01 -0.21370E+00
 0.15588E+02  0.15075E+02  0.53621E+00 -0.63996E-03 -0.35510E-01 -0.18532E+00
 0.14582E+02  0.14090E+02  0.56717E+00 -0.18077E-02  0.19862E-01 -0.15578E+00
 0.13617E+02  0.13145E+02  0.59771E+00 -0.31559E-02  0.79422E-01 -0.12557E+00
 0.12691E+02  0.12238E+02  0.62778E+00 -0.45653E-02  0.14322E+00 -0.95178E-01
 0.11804E+02  0.11369E+02  0.65737E+00 -0.59647E-02  0.21124E+00 -0.65111E-01
 0.10953E+02  0.10537E+02  0.68652E+00 -0.73739E-02  0.28338E+00 -0.35836E-01
 0.10139E+02  0.97404E+01  0.71530E+00 -0.88675E-02  0.35943E+00 -0.77620E-02
 0.93591E+01  0.89778E+01  0.74375E+00 -0.10490E-01  0.43913E+00  0.18748E-01
 0.86128E+01  0.82478E+01  0.77187E+00 -0.12211E-01  0.52212E+00  0.43384E-01
 0.78985E+01  0.75491E+01  0.79950E+00 -0.13942E-01  0.60794E+00  0.65909E-01
 0.72145E+01  0.68800E+01  0.82624E+00 -0.15598E-01  0.69598E+00  0.86162E-01
 0.65593E+01  0.62387E+01  0.85141E+00 -0.17126E-01  0.78546E+00  0.10406E+00
 0.59312E+01  0.56236E+01  0.87406E+00 -0.18526E-01  0.87537E+00  0.11961E+00
 0.53281E+01  0.50327E+01  0.89313E+00 -0.19836E-01  0.96438E+00  0.13285E+00
 0.47484E+01  0.44641E+01  0.90749E+00 -0.21101E-01  0.10508E+01  0.14391E+00
 0.41900E+01  0.39159E+01  0.91582E+00 -0.22336E-01  0.11326E+01  0.15295E+00
 0.36508E+01  0.33858E+01  0.91675E+00 -0.23523E-01  0.12072E+01  0.16015E+00
 0.31288E+01  0.28719E+01  0.90979E+00 -0.24630E-01  0.12719E+01  0.16570E+00
 0.26218E+01  0.23718E+01  0.89572E+00 -0.25629E-01  0.13237E+01  0.16981E+00
 0.21275E+01  0.18833E+01  0.87557E+00 -0.26509E-01  0.13604E+01  0.17271E+00
 0.16438E+01  0.14043E+01  0.85094E+00 -0.27274E-01  0.13808E+01  0.17466E+00
 0.11683E+01  0.93224E+00  0.82483E+00 -0.27926E-01  0.13855E+01  0.17590E+00
 0.69860E+00  0.46494E+00  0.80135E+00 -0.28428E-01  0.13762E+01  0.17673E+00
 0.23247E+00  0.00000E+00          NaN -0.28648E-01  0.13511E+01  0.17741E+00
