# longitudinal spacing
#   dz+         R_rr         R_tt         R_zz         R_pp
 0.00000E+00  0.10000E+01  0.10000E+01  0.10000E+01  0.10000E+01
 0.70312E+01  0.96478E+00  0.98385E+00  0.99558E+00  0.96904E+00
 0.14062E+02  0.87513E+00  0.93928E+00  0.98315E+00  0.88420E+00
 0.21094E+02  0.76135E+00  0.87505E+00  0.96439E+00  0.76460E+00
 0.28125E+02  0.64555E+00  0.79992E+00  0.94091E+00  0.63115E+00
 0.35156E+02  0.53957E+00  0.72070E+00  0.91402E+00  0.50032E+00
 0.42188E+02  0.44878E+00  0.64235E+00  0.88488E+00  0.38241E+00
 0.49219E+02  0.37381E+00  0.56825E+00  0.85442E+00  0.28241E+00
 0.56250E+02  0.31284E+00  0.50034E+00  0.82335E+00  0.20148E+00
 0.63281E+02  0.26360E+00  0.43946E+00  0.79220E+00  0.13839E+00
 0.70312E+02  0.22394E+00  0.38573E+00  0.76139E+00  0.90720E-01
 0.77344E+02  0.19192E+00  0.33882E+00  0.73121E+00  0.55669E-01
 0.84375E+02  0.16589E+00  0.29816E+00  0.70187E+00  0.30562E-01
 0.91406E+02  0.14456E+00  0.26307E+00  0.67350E+00  0.13055E-01
 0.98438E+02  0.12696E+00  0.23282E+00  0.64620E+00  0.12190E-02
 0.10547E+03  0.11235E+00  0.20678E+00  0.62003E+00 -0.64768E-02
 0.11250E+03  0.10013E+00  0.18434E+00  0.59501E+00 -0.11214E-01
 0.11953E+03  0.89812E-01  0.16500E+00  0.57113E+00 -0.13893E-01
 0.12656E+03  0.80975E-01  0.14826E+00  0.54838E+00 -0.15180E-01
 0.13359E+03  0.73315E-01  0.13373E+00  0.52671E+00 -0.15554E-01
 0.14062E+03  0.66597E-01  0.12104E+00  0.50610E+00 -0.15339E-01
 0.14766E+03  0.60632E-01  0.10989E+00  0.48650E+00 -0.14754E-01
 0.15469E+03  0.55284E-01  0.10007E+00  0.46787E+00 -0.13943E-01
 0.16172E+03  0.50472E-01  0.91381E-01  0.45016E+00 -0.12995E-01
 0.16875E+03  0.46134E-01  0.83693E-01  0.43333E+00 -0.11973E-01
 0.17578E+03  0.42226E-01  0.76886E-01  0.41735E+00 -0.10923E-01
 0.18281E+03  0.38733E-01  0.70850E-01  0.40218E+00 -0.98839E-02
 0.18984E+03  0.35652E-01  0.65478E-01  0.38776E+00 -0.88856E-02
 0.19688E+03  0.32953E-01  0.60669E-01  0.37406E+00 -0.79544E-02
 0.20391E+03  0.30573E-01  0.56334E-01  0.36103E+00 -0.71141E-02
 0.21094E+03  0.28436E-01  0.52392E-01  0.34863E+00 -0.63791E-02
 0.21797E+03  0.26480E-01  0.48773E-01  0.33681E+00 -0.57438E-02
 0.22500E+03  0.24648E-01  0.45421E-01  0.32555E+00 -0.51817E-02
 0.23203E+03  0.22913E-01  0.42296E-01  0.31480E+00 -0.46606E-02
 0.23906E+03  0.21291E-01  0.39374E-01  0.30454E+00 -0.41594E-02
 0.24609E+03  0.19823E-01  0.36635E-01  0.29473E+00 -0.36756E-02
 0.25312E+03  0.18537E-01  0.34071E-01  0.28536E+00 -0.32216E-02
 0.26016E+03  0.17447E-01  0.31681E-01  0.27641E+00 -0.28181E-02
 0.26719E+03  0.16550E-01  0.29468E-01  0.26784E+00 -0.24899E-02
 0.27422E+03  0.15829E-01  0.27433E-01  0.25966E+00 -0.22582E-02
 0.28125E+03  0.15269E-01  0.25577E-01  0.25183E+00 -0.21316E-02
 0.28828E+03  0.14858E-01  0.23895E-01  0.24434E+00 -0.20967E-02
 0.29531E+03  0.14578E-01  0.22378E-01  0.23718E+00 -0.21128E-02
 0.30234E+03  0.14397E-01  0.21009E-01  0.23035E+00 -0.21192E-02
 0.30938E+03  0.14272E-01  0.19772E-01  0.22381E+00 -0.20534E-02
 0.31641E+03  0.14148E-01  0.18649E-01  0.21757E+00 -0.18756E-02
 0.32344E+03  0.13979E-01  0.17630E-01  0.21161E+00 -0.15852E-02
 0.33047E+03  0.13727E-01  0.16704E-01  0.20593E+00 -0.12200E-02
 0.33750E+03  0.13374E-01  0.15860E-01  0.20050E+00 -0.84270E-03
 0.34453E+03  0.12915E-01  0.15092E-01  0.19532E+00 -0.52177E-03
 0.35156E+03  0.12368E-01  0.14393E-01  0.19038E+00 -0.32009E-03
 0.35859E+03  0.11765E-01  0.13754E-01  0.18566E+00 -0.28855E-03
 0.36562E+03  0.11142E-01  0.13167E-01  0.18115E+00 -0.45905E-03
 0.37266E+03  0.10523E-01  0.12621E-01  0.17683E+00 -0.83651E-03
 0.37969E+03  0.99227E-02  0.12104E-01  0.17269E+00 -0.13973E-02
 0.38672E+03  0.93585E-02  0.11604E-01  0.16871E+00 -0.21003E-02
 0.39375E+03  0.88433E-02  0.11111E-01  0.16488E+00 -0.29072E-02
 0.40078E+03  0.83795E-02  0.10621E-01  0.16118E+00 -0.38003E-02
 0.40781E+03  0.79555E-02  0.10131E-01  0.15762E+00 -0.47849E-02
 0.41484E+03  0.75518E-02  0.96453E-02  0.15418E+00 -0.58782E-02
 0.42188E+03  0.71505E-02  0.91603E-02  0.15084E+00 -0.70916E-02
 0.42891E+03  0.67377E-02  0.86698E-02  0.14761E+00 -0.84194E-02
 0.43594E+03  0.63054E-02  0.81612E-02  0.14447E+00 -0.98339E-02
 0.44297E+03  0.58591E-02  0.76186E-02  0.14141E+00 -0.11288E-01
 0.45000E+03  0.54220E-02  0.70285E-02  0.13843E+00 -0.12719E-01
 0.45703E+03  0.50251E-02  0.63832E-02  0.13552E+00 -0.14066E-01
 0.46406E+03  0.46904E-02  0.56828E-02  0.13268E+00 -0.15282E-01
 0.47109E+03  0.44231E-02  0.49350E-02  0.12991E+00 -0.16346E-01
 0.47812E+03  0.42132E-02  0.41537E-02  0.12720E+00 -0.17270E-01
 0.48516E+03  0.40428E-02  0.33562E-02  0.12455E+00 -0.18096E-01
 0.49219E+03  0.38931E-02  0.25607E-02  0.12196E+00 -0.18886E-01
 0.49922E+03  0.37506E-02  0.17853E-02  0.11943E+00 -0.19709E-01
 0.50625E+03  0.36100E-02  0.10460E-02  0.11695E+00 -0.20630E-01
 0.51328E+03  0.34727E-02  0.35575E-03  0.11453E+00 -0.21701E-01
 0.52031E+03  0.33380E-02 -0.27556E-03  0.11216E+00 -0.22955E-01
 0.52734E+03  0.32035E-02 -0.83906E-03  0.10985E+00 -0.24400E-01
 0.53438E+03  0.30742E-02 -0.13266E-02  0.10759E+00 -0.26018E-01
 0.54141E+03  0.29604E-02 -0.17309E-02  0.10538E+00 -0.27768E-01
 0.54844E+03  0.28656E-02 -0.20458E-02  0.10322E+00 -0.29588E-01
 0.55547E+03  0.27937E-02 -0.22669E-02  0.10111E+00 -0.31412E-01
 0.56250E+03  0.27579E-02 -0.23938E-02  0.99055E-01 -0.33191E-01
 0.56953E+03  0.27683E-02 -0.24323E-02  0.97038E-01 -0.34909E-01
 0.57656E+03  0.28116E-02 -0.23950E-02  0.95058E-01 -0.36585E-01
 0.58359E+03  0.28510E-02 -0.22994E-02  0.93110E-01 -0.38267E-01
 0.59062E+03  0.28460E-02 -0.21662E-02  0.91189E-01 -0.40003E-01
 0.59766E+03  0.27757E-02 -0.20154E-02  0.89288E-01 -0.41820E-01
 0.60469E+03  0.26419E-02 -0.18661E-02  0.87402E-01 -0.43721E-01
 0.61172E+03  0.24495E-02 -0.17359E-02  0.85529E-01 -0.45690E-01
 0.61875E+03  0.21916E-02 -0.16413E-02  0.83666E-01 -0.47701E-01
 0.62578E+03  0.18590E-02 -0.15957E-02  0.81813E-01 -0.49728E-01
 0.63281E+03  0.14615E-02 -0.16063E-02  0.79969E-01 -0.51732E-01
 0.63984E+03  0.10402E-02 -0.16726E-02  0.78136E-01 -0.53666E-01
 0.64688E+03  0.65318E-03 -0.17889E-02  0.76316E-01 -0.55485E-01
 0.65391E+03  0.34901E-03 -0.19492E-02  0.74512E-01 -0.57159E-01
 0.66094E+03  0.16028E-03 -0.21503E-02  0.72727E-01 -0.58683E-01
 0.66797E+03  0.10408E-03 -0.23898E-02  0.70962E-01 -0.60074E-01
 0.67500E+03  0.17189E-03 -0.26645E-02  0.69220E-01 -0.61358E-01
 0.68203E+03  0.32556E-03 -0.29715E-02  0.67502E-01 -0.62558E-01
 0.68906E+03  0.50967E-03 -0.33081E-02  0.65808E-01 -0.63685E-01
 0.69609E+03  0.68172E-03 -0.36686E-02  0.64139E-01 -0.64737E-01
 0.70312E+03  0.83784E-03 -0.40461E-02  0.62492E-01 -0.65690E-01
 0.71016E+03  0.99776E-03 -0.44353E-02  0.60869E-01 -0.66518E-01
 0.71719E+03  0.11700E-02 -0.48352E-02  0.59268E-01 -0.67211E-01
 0.72422E+03  0.13404E-02 -0.52492E-02  0.57691E-01 -0.67786E-01
 0.73125E+03  0.14852E-02 -0.56832E-02  0.56141E-01 -0.68276E-01
 0.73828E+03  0.15949E-02 -0.61391E-02  0.54622E-01 -0.68718E-01
 0.74531E+03  0.16828E-02 -0.66079E-02  0.53141E-01 -0.69145E-01
 0.75234E+03  0.17715E-02 -0.70743E-02  0.51704E-01 -0.69586E-01
 0.75938E+03  0.18813E-02 -0.75262E-02  0.50318E-01 -0.70061E-01
 0.76641E+03  0.20241E-02 -0.79555E-02  0.48989E-01 -0.70574E-01
 0.77344E+03  0.22016E-02 -0.83567E-02  0.47720E-01 -0.71112E-01
 0.78047E+03  0.24056E-02 -0.87276E-02  0.46513E-01 -0.71649E-01
 0.78750E+03  0.26160E-02 -0.90717E-02  0.45368E-01 -0.72154E-01
 0.79453E+03  0.28095E-02 -0.93980E-02  0.44286E-01 -0.72604E-01
 0.80156E+03  0.29700E-02 -0.97183E-02  0.43267E-01 -0.72989E-01
 0.80859E+03  0.30887E-02 -0.10043E-01  0.42310E-01 -0.73308E-01
 0.81562E+03  0.31597E-02 -0.10375E-01  0.41418E-01 -0.73568E-01
 0.82266E+03  0.31800E-02 -0.10714E-01  0.40590E-01 -0.73776E-01
 0.82969E+03  0.31502E-02 -0.11050E-01  0.39828E-01 -0.73947E-01
 0.83672E+03  0.30717E-02 -0.11372E-01  0.39133E-01 -0.74096E-01
 0.84375E+03  0.29461E-02 -0.11667E-01  0.38506E-01 -0.74236E-01
 0.85078E+03  0.27811E-02 -0.11924E-01  0.37948E-01 -0.74372E-01
 0.85781E+03  0.25930E-02 -0.12136E-01  0.37460E-01 -0.74501E-01
 0.86484E+03  0.24002E-02 -0.12307E-01  0.37044E-01 -0.74619E-01
 0.87188E+03  0.22219E-02 -0.12440E-01  0.36701E-01 -0.74725E-01
 0.87891E+03  0.20797E-02 -0.12545E-01  0.36434E-01 -0.74818E-01
 0.88594E+03  0.19874E-02 -0.12623E-01  0.36243E-01 -0.74894E-01
 0.89297E+03  0.19410E-02 -0.12672E-01  0.36128E-01 -0.74944E-01
 0.90000E+03  0.19277E-02 -0.12689E-01  0.36090E-01 -0.74962E-01
 0.90703E+03  0.19410E-02 -0.12672E-01  0.36128E-01 -0.74944E-01
