# file eps.800
# dissipation 
# 
#    y         epsilon  
   -0.906023   -1.15710E-06
   -0.855636   -1.30836E-06
   -0.805250   -2.84004E-06
   -0.754863   -4.76234E-06
   -0.704476   -9.09114E-06
   -0.654090   -1.71570E-05
   -0.603703   -3.00937E-05
   -0.553316   -4.92607E-05
   -0.502929   -7.52163E-05
   -0.452543   -1.15295E-04
   -0.402156   -1.97925E-04
   -0.351769   -3.40638E-04
   -0.301383   -6.09397E-04
   -0.250996   -9.71570E-04
   -0.200609   -1.33116E-03
   -0.150223   -1.63128E-03
    -9.98360E-02   -2.03319E-03
    -4.94493E-02   -2.48774E-03
     9.37450E-04   -2.48122E-03
     5.13241E-02   -2.69906E-03
     1.01711E-01   -2.83573E-03
    0.152098   -2.86292E-03
    0.202484   -2.83973E-03
    0.252871   -2.37879E-03
    0.303258   -2.41659E-03
    0.353644   -1.97528E-03
    0.404031   -1.82574E-03
    0.454418   -1.36529E-03
    0.504804   -1.13734E-03
    0.555191   -7.69835E-04
    0.605578   -6.11880E-04
    0.655964   -3.91445E-04
    0.706351   -1.98119E-04
    0.756738   -1.25360E-04
    0.807124   -8.66619E-05
    0.857511   -6.61057E-05
    0.907898   -5.02124E-05
    0.958285   -4.14665E-05
     1.00867   -3.61846E-05
     1.05906   -2.80016E-05
     1.10944   -2.12726E-05
