# file eps.200
# dissipation 
# 
#    y         epsilon  
    -2.14670   -2.46608E-06
    -2.03232   -2.54085E-06
    -1.91794   -8.65036E-07
    -1.80356   -1.70733E-06
    -1.68918   -9.09667E-07
    -1.57480   -8.48833E-07
    -1.46042   -1.03258E-06
    -1.34604   -6.24341E-07
    -1.23166   -9.39197E-07
    -1.11728   -1.13089E-06
    -1.00290   -1.72572E-06
   -0.888526   -3.86321E-06
   -0.774147   -1.15950E-05
   -0.659768   -2.99253E-05
   -0.545389   -8.45698E-05
   -0.431009   -2.08394E-04
   -0.316630   -4.57168E-04
   -0.202251   -8.93363E-04
    -8.78722E-02   -1.28129E-03
     2.65070E-02   -1.52612E-03
    0.140886   -1.80895E-03
    0.255265   -1.79046E-03
    0.369644   -1.55506E-03
    0.484023   -1.51152E-03
    0.598402   -1.24183E-03
    0.712781   -8.38014E-04
    0.827161   -6.62002E-04
    0.941540   -4.12626E-04
     1.05592   -2.95184E-04
     1.17030   -1.97355E-04
     1.28468   -9.37267E-05
     1.39906   -6.34433E-05
     1.51344   -4.55399E-05
     1.62781   -2.87494E-05
     1.74219   -1.60317E-05
     1.85657   -1.23360E-05
     1.97095   -8.34991E-06
     2.08533   -7.43331E-06
     2.19971   -7.67569E-06
     2.31409   -5.81745E-06
     2.42847   -5.45493E-06
