# file kuv.200
# PLANE MIXING LAYER EVOLUTION OF k**2 and <uv> 
#   y/delta_om.   k**2/Del_u**2  <uv>/Del_u**2   y/delta_om.   k**2/Del_u**2  <uv>/Del_u**2   y/delta_om.   k**2/Del_u**2  <uv>/Del_u**2
#    x=150mm        x=150mm        x=150mm        x=200mm        x=200mm        x=200mm        x=250mm        x=250mm        x=250mm  
  -0.227091E+01   0.559489E-04  -0.668527E-05  -0.214670E+01   0.378278E-04  -0.552239E-05  -0.186166E+01   0.583259E-04  -0.578433E-05
  -0.215579E+01   0.389473E-04  -0.957270E-05  -0.203776E+01   0.442297E-04  -0.666941E-05  -0.176690E+01   0.679035E-04  -0.101737E-04
  -0.204068E+01   0.477692E-04  -0.114516E-04  -0.192883E+01   0.415863E-04  -0.811791E-05  -0.167214E+01   0.651197E-04  -0.106602E-04
  -0.192556E+01   0.562021E-04  -0.108390E-04  -0.181990E+01   0.397509E-04  -0.821587E-05  -0.157738E+01   0.717636E-04  -0.933323E-05
  -0.181044E+01   0.656033E-04  -0.147774E-04  -0.171097E+01   0.353912E-04  -0.678723E-05  -0.148263E+01   0.630888E-04  -0.762544E-05
  -0.169532E+01   0.653119E-04  -0.884161E-05  -0.160203E+01   0.576747E-04  -0.117692E-04  -0.138787E+01   0.640657E-04  -0.964570E-05
  -0.158020E+01   0.699989E-04  -0.163302E-04  -0.149310E+01   0.471686E-04  -0.937294E-05  -0.129311E+01   0.839765E-04  -0.738978E-05
  -0.146508E+01   0.748762E-04  -0.181740E-04  -0.138417E+01   0.464827E-04  -0.625458E-05  -0.119836E+01   0.885688E-04  -0.101947E-04
  -0.134996E+01   0.867679E-04  -0.140656E-04  -0.127524E+01   0.698160E-04  -0.649640E-05  -0.110360E+01   0.992636E-04  -0.997517E-05
  -0.123484E+01   0.552244E-04  -0.115537E-04  -0.116630E+01   0.833234E-04  -0.943264E-05  -0.100884E+01   0.173163E-03  -0.132106E-04
  -0.111972E+01   0.841666E-04  -0.130736E-04  -0.105737E+01   0.132203E-03  -0.145045E-04  -0.914087E+00   0.285845E-03  -0.187954E-04
  -0.100460E+01   0.845659E-04  -0.818159E-05  -0.948439E+00   0.296013E-03  -0.171615E-04  -0.819330E+00   0.567113E-03  -0.233995E-04
  -0.889486E+00   0.149748E-03  -0.534703E-05  -0.839506E+00   0.609525E-03  -0.163476E-04  -0.724574E+00   0.110834E-02  -0.708883E-04
  -0.774367E+00   0.338613E-03   0.175147E-04  -0.730574E+00   0.116884E-02  -0.626962E-05  -0.629817E+00   0.196247E-02  -0.212368E-03
  -0.659248E+00   0.674475E-03   0.711632E-04  -0.621641E+00   0.217501E-02  -0.148928E-03  -0.535060E+00   0.307662E-02  -0.669352E-03
  -0.544129E+00   0.149661E-02   0.713677E-04  -0.512709E+00   0.364442E-02  -0.668044E-03  -0.440303E+00   0.474695E-02  -0.151607E-02
  -0.429010E+00   0.343236E-02  -0.651699E-03  -0.403776E+00   0.532678E-02  -0.163361E-02  -0.345546E+00   0.797554E-02  -0.296823E-02
  -0.313891E+00   0.688898E-02  -0.243720E-02  -0.294844E+00   0.958424E-02  -0.348338E-02  -0.250790E+00   0.121118E-01  -0.465806E-02
  -0.198772E+00   0.117563E-01  -0.471628E-02  -0.185911E+00   0.146658E-01  -0.545993E-02  -0.156033E+00   0.160624E-01  -0.618421E-02
  -0.836531E-01   0.171590E-01  -0.679607E-02  -0.769789E-01   0.191924E-01  -0.713633E-02  -0.612761E-01   0.193535E-01  -0.736311E-02
   0.314658E-01   0.211070E-01  -0.813316E-02   0.319535E-01   0.225082E-01  -0.821484E-02   0.334807E-01   0.218428E-01  -0.787182E-02
   0.146585E+00   0.223342E-01  -0.814313E-02   0.140886E+00   0.236615E-01  -0.805515E-02   0.128238E+00   0.233796E-01  -0.821312E-02
   0.261704E+00   0.216144E-01  -0.750479E-02   0.249818E+00   0.232243E-01  -0.760925E-02   0.222994E+00   0.242279E-01  -0.818623E-02
   0.376823E+00   0.196555E-01  -0.639068E-02   0.358751E+00   0.224445E-01  -0.709356E-02   0.317751E+00   0.230038E-01  -0.755709E-02
   0.491942E+00   0.162452E-01  -0.479855E-02   0.467683E+00   0.189882E-01  -0.575766E-02   0.412508E+00   0.208037E-01  -0.650427E-02
   0.607061E+00   0.118436E-01  -0.321259E-02   0.576616E+00   0.156670E-01  -0.428630E-02   0.507265E+00   0.176389E-01  -0.529230E-02
   0.722180E+00   0.922266E-02  -0.234280E-02   0.685548E+00   0.116960E-01  -0.294858E-02   0.602021E+00   0.142377E-01  -0.401316E-02
   0.837299E+00   0.655502E-02  -0.143833E-02   0.794481E+00   0.911840E-02  -0.210831E-02   0.696778E+00   0.110980E-01  -0.289267E-02
   0.952417E+00   0.511917E-02  -0.104436E-02   0.903413E+00   0.664304E-02  -0.133281E-02   0.791535E+00   0.802245E-02  -0.188419E-02
   0.106754E+01   0.391263E-02  -0.759118E-03   0.101235E+01   0.493752E-02  -0.954704E-03   0.886292E+00   0.608762E-02  -0.133572E-02
   0.118266E+01   0.315930E-02  -0.568803E-03   0.112128E+01   0.386734E-02  -0.674145E-03   0.981049E+00   0.461648E-02  -0.883994E-03
   0.129777E+01   0.197579E-02  -0.313791E-03   0.123021E+01   0.303217E-02  -0.543015E-03   0.107581E+01   0.366889E-02  -0.676386E-03
   0.141289E+01   0.136256E-02  -0.234752E-03   0.133914E+01   0.187447E-02  -0.310040E-03   0.117056E+01   0.224016E-02  -0.381643E-03
   0.152801E+01   0.944636E-03  -0.132754E-03   0.144808E+01   0.132919E-02  -0.195806E-03   0.126532E+01   0.169533E-02  -0.260625E-03
   0.164313E+01   0.634788E-03  -0.927899E-04   0.155701E+01   0.987229E-03  -0.144064E-03   0.136008E+01   0.121669E-02  -0.193574E-03
   0.175825E+01   0.455439E-03  -0.677208E-04   0.166594E+01   0.677949E-03  -0.100541E-03   0.145483E+01   0.857352E-03  -0.144657E-03
   0.187337E+01   0.329126E-03  -0.448021E-04   0.177487E+01   0.476260E-03  -0.706042E-04   0.154959E+01   0.615937E-03  -0.996854E-04
   0.198849E+01   0.289089E-03  -0.438880E-04   0.188381E+01   0.356807E-03  -0.525510E-04   0.164435E+01   0.456777E-03  -0.631717E-04
   0.210361E+01   0.249214E-03  -0.382771E-04   0.199274E+01   0.287155E-03  -0.417664E-04   0.173910E+01   0.351531E-03  -0.541216E-04
   0.221873E+01   0.255553E-03  -0.360376E-04   0.210167E+01   0.247574E-03  -0.409276E-04   0.183386E+01   0.293471E-03  -0.559028E-04
   0.233384E+01   0.281801E-03  -0.366652E-04   0.221060E+01   0.228301E-03  -0.344080E-04   0.192862E+01   0.280124E-03  -0.491113E-04
