# file kuv.800
# PLANE MIXING LAYER EVOLUTION OF k**2 and <uv> 
#   y/delta_om.   k**2/Del_u**2  <uv>/Del_u**2   y/delta_om.   k**2/Del_u**2  <uv>/Del_u**2   y/delta_om.   k**2/Del_u**2  <uv>/Del_u**2
#    x=650mm        x=650mm        x=650mm        x=800mm        x=800mm        x=800mm        x=950mm        x=950mm        x=950mm  
  -0.152940E+01   0.113089E-03  -0.647552E-05  -0.128099E+01   0.908366E-04  -0.671983E-05  -0.107715E+01   0.126155E-03  -0.133302E-04
  -0.145138E+01   0.122765E-03  -0.990365E-05  -0.121537E+01   0.114715E-03  -0.795199E-05  -0.102176E+01   0.181362E-03  -0.150972E-04
  -0.137336E+01   0.122583E-03  -0.841457E-05  -0.114975E+01   0.129344E-03  -0.703301E-05  -0.966370E+00   0.257646E-03  -0.178383E-04
  -0.129535E+01   0.117823E-03  -0.570809E-05  -0.108413E+01   0.159898E-03  -0.924582E-05  -0.910979E+00   0.414566E-03  -0.347303E-04
  -0.121733E+01   0.131834E-03  -0.469881E-05  -0.101851E+01   0.231731E-03  -0.148790E-04  -0.855588E+00   0.628729E-03  -0.583696E-04
  -0.113931E+01   0.144895E-03  -0.717913E-05  -0.952894E+00   0.315663E-03  -0.283537E-04  -0.800198E+00   0.100493E-02  -0.122290E-03
  -0.106130E+01   0.185327E-03  -0.154357E-04  -0.887275E+00   0.516099E-03  -0.467200E-04  -0.744807E+00   0.154416E-02  -0.235321E-03
  -0.983282E+00   0.263939E-03  -0.163832E-04  -0.821655E+00   0.847755E-03  -0.773774E-04  -0.689416E+00   0.230258E-02  -0.426274E-03
  -0.905266E+00   0.434261E-03  -0.244680E-04  -0.756035E+00   0.134270E-02  -0.172012E-03  -0.634026E+00   0.306352E-02  -0.714042E-03
  -0.827250E+00   0.732148E-03  -0.476653E-04  -0.690415E+00   0.211892E-02  -0.318576E-03  -0.578635E+00   0.397159E-02  -0.115568E-02
  -0.749234E+00   0.124632E-02  -0.125565E-03  -0.624795E+00   0.298187E-02  -0.737308E-03  -0.523244E+00   0.534743E-02  -0.174725E-02
  -0.671218E+00   0.205912E-02  -0.338642E-03  -0.559175E+00   0.383383E-02  -0.115209E-02  -0.467854E+00   0.767752E-02  -0.252709E-02
  -0.593202E+00   0.321151E-02  -0.702930E-03  -0.493555E+00   0.598344E-02  -0.189797E-02  -0.412463E+00   0.107930E-01  -0.374243E-02
  -0.515185E+00   0.412929E-02  -0.123732E-02  -0.427935E+00   0.903036E-02  -0.318377E-02  -0.357072E+00   0.131660E-01  -0.444781E-02
  -0.437169E+00   0.671699E-02  -0.211361E-02  -0.362315E+00   0.125428E-01  -0.448294E-02  -0.301682E+00   0.174245E-01  -0.602228E-02
  -0.359153E+00   0.104754E-01  -0.366575E-02  -0.296696E+00   0.158669E-01  -0.553574E-02  -0.246291E+00   0.202825E-01  -0.718137E-02
  -0.281137E+00   0.150644E-01  -0.544975E-02  -0.231076E+00   0.201404E-01  -0.729662E-02  -0.190900E+00   0.236853E-01  -0.845685E-02
  -0.203121E+00   0.197486E-01  -0.713297E-02  -0.165456E+00   0.236980E-01  -0.862560E-02  -0.135509E+00   0.271551E-01  -0.923149E-02
  -0.125104E+00   0.235564E-01  -0.836863E-02  -0.998360E-01   0.272441E-01  -0.948169E-02  -0.801187E-01   0.293885E-01  -0.102886E-01
  -0.470883E-01   0.275336E-01  -0.986295E-02  -0.342161E-01   0.293580E-01  -0.102970E-01  -0.247280E-01   0.320233E-01  -0.111375E-01
   0.309278E-01   0.302305E-01  -0.103811E-01   0.314038E-01   0.320112E-01  -0.112739E-01   0.306627E-01   0.330116E-01  -0.117971E-01
   0.108944E+00   0.311717E-01  -0.107506E-01   0.970237E-01   0.334434E-01  -0.117464E-01   0.860534E-01   0.333299E-01  -0.115312E-01
   0.186960E+00   0.311687E-01  -0.105425E-01   0.162644E+00   0.327521E-01  -0.115974E-01   0.141444E+00   0.340412E-01  -0.115814E-01
   0.264976E+00   0.286471E-01  -0.937966E-02   0.228263E+00   0.315239E-01  -0.108891E-01   0.196835E+00   0.332356E-01  -0.115125E-01
   0.342992E+00   0.256806E-01  -0.831600E-02   0.293883E+00   0.292068E-01  -0.995885E-02   0.252226E+00   0.312536E-01  -0.105670E-01
   0.421009E+00   0.228457E-01  -0.767468E-02   0.359503E+00   0.261198E-01  -0.868096E-02   0.307616E+00   0.291383E-01  -0.985591E-02
   0.499025E+00   0.180156E-01  -0.567970E-02   0.425123E+00   0.229461E-01  -0.771713E-02   0.363007E+00   0.256220E-01  -0.814902E-02
   0.577041E+00   0.136638E-01  -0.412440E-02   0.490743E+00   0.192943E-01  -0.629195E-02   0.418398E+00   0.232535E-01  -0.767812E-02
   0.655057E+00   0.941727E-02  -0.256608E-02   0.556363E+00   0.151582E-01  -0.489704E-02   0.473788E+00   0.202270E-01  -0.696864E-02
   0.733073E+00   0.669124E-02  -0.179396E-02   0.621983E+00   0.113016E-01  -0.354876E-02   0.529179E+00   0.161424E-01  -0.503544E-02
   0.811090E+00   0.443404E-02  -0.976962E-03   0.687603E+00   0.865687E-02  -0.266453E-02   0.584570E+00   0.127111E-01  -0.368008E-02
   0.889106E+00   0.255760E-02  -0.518595E-03   0.753222E+00   0.609347E-02  -0.174716E-02   0.639960E+00   0.102746E-01  -0.335364E-02
   0.967122E+00   0.165878E-02  -0.304758E-03   0.818842E+00   0.429334E-02  -0.115652E-02   0.695351E+00   0.723565E-02  -0.209563E-02
   0.104514E+01   0.101747E-02  -0.194638E-03   0.884462E+00   0.254566E-02  -0.638719E-03   0.750742E+00   0.543355E-02  -0.154152E-02
   0.112315E+01   0.646561E-03  -0.128633E-03   0.950082E+00   0.173711E-02  -0.400563E-03   0.806133E+00   0.404082E-02  -0.109613E-02
   0.120117E+01   0.410764E-03  -0.963734E-04   0.101570E+01   0.115659E-02  -0.259894E-03   0.861523E+00   0.222616E-02  -0.552943E-03
   0.127919E+01   0.312871E-03  -0.738446E-04   0.108132E+01   0.790934E-03  -0.176432E-03   0.916914E+00   0.151225E-02  -0.395496E-03
   0.135720E+01   0.254438E-03  -0.646307E-04   0.114694E+01   0.531235E-03  -0.124356E-03   0.972305E+00   0.102785E-02  -0.246100E-03
   0.143522E+01   0.205986E-03  -0.674440E-04   0.121256E+01   0.394318E-03  -0.104278E-03   0.102770E+01   0.647023E-03  -0.158104E-03
   0.151323E+01   0.236075E-03  -0.512669E-04   0.127818E+01   0.313902E-03  -0.881100E-04   0.108309E+01   0.441274E-03  -0.108542E-03
   0.159125E+01   0.217728E-03  -0.635555E-04   0.134380E+01   0.264127E-03  -0.728466E-04   0.113848E+01   0.320701E-03  -0.894711E-04
