# The data in this file was extracted from a direct numerical
# simulation of fully developed plane turbulent channel
# flow. Particulars are listed below. Note that some of the statistical
# quantities provided in this data set should be zero due to
# (statistical) symmetries in the flow. These quantities are reported
# here none-the-less as an indicator of the quality of the statistics.
# more statistics from this data set are available at 
# http://www.tam.uiuc.edu/Faculty/Moser/channel 
#
# Authors: Moser, Kim & Mansour
# Reference: DNS of Turbulent Channel Flow up to Re_tau=590, 1999,
#            Physics of Fluids, vol 11, 943-945.
# Numerical Method: Kim, Moin & Moser, 1987, J. Fluid Mech. vol 177, 133-166 
# Re_tau = 587.19
# Normalization: U_tau, h 
# Description: Spanwise (z) Two-point cross correlations of velocity and pressure at indicated y-location 
# Filename: chan590/correlations/chan590.zccorr.198 
# Date File Created: Feb 29, 2000 
#
#---End of Header---
# 
# nz = 384,  Re = 587.19,  y = 0.33758,  y+ = 198.23
#      dz           dz+         R_uv         R_up         R_vp
#
   0.0000e+00   0.0000e+00  -6.3421e-01   4.0531e-01  -9.5916e-02
   8.1812e-03   4.8040e+00  -6.3075e-01   4.0361e-01  -9.5433e-02
   1.6362e-02   9.6079e+00  -6.2005e-01   4.0033e-01  -9.5207e-02
   2.4544e-02   1.4412e+01  -6.0281e-01   3.9564e-01  -9.4998e-02
   3.2725e-02   1.9216e+01  -5.8013e-01   3.8975e-01  -9.4543e-02
   4.0906e-02   2.4020e+01  -5.5326e-01   3.8283e-01  -9.3662e-02
   4.9087e-02   2.8824e+01  -5.2347e-01   3.7505e-01  -9.2278e-02
   5.7269e-02   3.3628e+01  -4.9185e-01   3.6655e-01  -9.0397e-02
   6.5450e-02   3.8432e+01  -4.5933e-01   3.5744e-01  -8.8078e-02
   7.3631e-02   4.3236e+01  -4.2664e-01   3.4784e-01  -8.5400e-02
   8.1812e-02   4.8040e+01  -3.9432e-01   3.3783e-01  -8.2450e-02
   8.9994e-02   5.2844e+01  -3.6277e-01   3.2751e-01  -7.9310e-02
   9.8175e-02   5.7648e+01  -3.3225e-01   3.1695e-01  -7.6052e-02
   1.0636e-01   6.2452e+01  -3.0294e-01   3.0621e-01  -7.2729e-02
   1.1454e-01   6.7256e+01  -2.7494e-01   2.9537e-01  -6.9377e-02
   1.2272e-01   7.2060e+01  -2.4831e-01   2.8449e-01  -6.6021e-02
   1.3090e-01   7.6864e+01  -2.2304e-01   2.7363e-01  -6.2682e-02
   1.3908e-01   8.1668e+01  -1.9912e-01   2.6286e-01  -5.9376e-02
   1.4726e-01   8.6472e+01  -1.7651e-01   2.5222e-01  -5.6118e-02
   1.5544e-01   9.1275e+01  -1.5515e-01   2.4174e-01  -5.2925e-02
   1.6362e-01   9.6079e+01  -1.3498e-01   2.3143e-01  -4.9809e-02
   1.7181e-01   1.0088e+02  -1.1596e-01   2.2129e-01  -4.6782e-02
   1.7999e-01   1.0569e+02  -9.8024e-02   2.1134e-01  -4.3857e-02
   1.8817e-01   1.1049e+02  -8.1121e-02   2.0156e-01  -4.1043e-02
   1.9635e-01   1.1530e+02  -6.5194e-02   1.9199e-01  -3.8350e-02
   2.0453e-01   1.2010e+02  -5.0186e-02   1.8262e-01  -3.5781e-02
   2.1271e-01   1.2490e+02  -3.6041e-02   1.7347e-01  -3.3333e-02
   2.2089e-01   1.2971e+02  -2.2709e-02   1.6454e-01  -3.1000e-02
   2.2907e-01   1.3451e+02  -1.0149e-02   1.5584e-01  -2.8768e-02
   2.3726e-01   1.3932e+02   1.6706e-03   1.4736e-01  -2.6623e-02
   2.4544e-01   1.4412e+02   1.2773e-02   1.3908e-01  -2.4550e-02
   2.5362e-01   1.4892e+02   2.3181e-02   1.3099e-01  -2.2535e-02
   2.6180e-01   1.5373e+02   3.2915e-02   1.2307e-01  -2.0564e-02
   2.6998e-01   1.5853e+02   4.1995e-02   1.1531e-01  -1.8628e-02
   2.7816e-01   1.6334e+02   5.0446e-02   1.0769e-01  -1.6724e-02
   2.8634e-01   1.6814e+02   5.8293e-02   1.0022e-01  -1.4852e-02
   2.9452e-01   1.7294e+02   6.5567e-02   9.2883e-02  -1.3018e-02
   3.0271e-01   1.7775e+02   7.2297e-02   8.5696e-02  -1.1231e-02
   3.1089e-01   1.8255e+02   7.8520e-02   7.8662e-02  -9.5006e-03
   3.1907e-01   1.8735e+02   8.4270e-02   7.1789e-02  -7.8333e-03
   3.2725e-01   1.9216e+02   8.9584e-02   6.5090e-02  -6.2365e-03
   3.3543e-01   1.9696e+02   9.4492e-02   5.8576e-02  -4.7163e-03
   3.4361e-01   2.0177e+02   9.9022e-02   5.2255e-02  -3.2778e-03
   3.5179e-01   2.0657e+02   1.0320e-01   4.6133e-02  -1.9253e-03
   3.5997e-01   2.1137e+02   1.0705e-01   4.0209e-02  -6.6140e-04
   3.6816e-01   2.1618e+02   1.1061e-01   3.4476e-02   5.1185e-04
   3.7634e-01   2.2098e+02   1.1388e-01   2.8924e-02   1.5929e-03
   3.8452e-01   2.2579e+02   1.1689e-01   2.3541e-02   2.5799e-03
   3.9270e-01   2.3059e+02   1.1966e-01   1.8316e-02   3.4706e-03
   4.0088e-01   2.3539e+02   1.2217e-01   1.3238e-02   4.2633e-03
   4.0906e-01   2.4020e+02   1.2445e-01   8.3010e-03   4.9587e-03
   4.1724e-01   2.4500e+02   1.2649e-01   3.5007e-03   5.5632e-03
   4.2542e-01   2.4981e+02   1.2830e-01  -1.1596e-03   6.0896e-03
   4.3361e-01   2.5461e+02   1.2989e-01  -5.6704e-03   6.5549e-03
   4.4179e-01   2.5941e+02   1.3124e-01  -1.0018e-02   6.9763e-03
   4.4997e-01   2.6422e+02   1.3238e-01  -1.4187e-02   7.3677e-03
   4.5815e-01   2.6902e+02   1.3332e-01  -1.8165e-02   7.7380e-03
   4.6633e-01   2.7383e+02   1.3408e-01  -2.1948e-02   8.0914e-03
   4.7451e-01   2.7863e+02   1.3468e-01  -2.5537e-02   8.4272e-03
   4.8269e-01   2.8343e+02   1.3515e-01  -2.8941e-02   8.7406e-03
   4.9087e-01   2.8824e+02   1.3552e-01  -3.2173e-02   9.0236e-03
   4.9906e-01   2.9304e+02   1.3581e-01  -3.5245e-02   9.2674e-03
   5.0724e-01   2.9785e+02   1.3603e-01  -3.8166e-02   9.4640e-03
   5.1542e-01   3.0265e+02   1.3618e-01  -4.0943e-02   9.6093e-03
   5.2360e-01   3.0745e+02   1.3625e-01  -4.3577e-02   9.7045e-03
   5.3178e-01   3.1226e+02   1.3623e-01  -4.6073e-02   9.7565e-03
   5.3996e-01   3.1706e+02   1.3610e-01  -4.8435e-02   9.7760e-03
   5.4814e-01   3.2187e+02   1.3585e-01  -5.0668e-02   9.7746e-03
   5.5632e-01   3.2667e+02   1.3548e-01  -5.2775e-02   9.7628e-03
   5.6450e-01   3.3147e+02   1.3499e-01  -5.4758e-02   9.7468e-03
   5.7269e-01   3.3628e+02   1.3439e-01  -5.6617e-02   9.7268e-03
   5.8087e-01   3.4108e+02   1.3369e-01  -5.8351e-02   9.6959e-03
   5.8905e-01   3.4589e+02   1.3290e-01  -5.9954e-02   9.6408e-03
   5.9723e-01   3.5069e+02   1.3203e-01  -6.1419e-02   9.5457e-03
   6.0541e-01   3.5549e+02   1.3110e-01  -6.2735e-02   9.3954e-03
   6.1359e-01   3.6030e+02   1.3011e-01  -6.3896e-02   9.1784e-03
   6.2177e-01   3.6510e+02   1.2907e-01  -6.4899e-02   8.8868e-03
   6.2995e-01   3.6991e+02   1.2799e-01  -6.5745e-02   8.5163e-03
   6.3814e-01   3.7471e+02   1.2687e-01  -6.6448e-02   8.0661e-03
   6.4632e-01   3.7951e+02   1.2572e-01  -6.7022e-02   7.5394e-03
   6.5450e-01   3.8432e+02   1.2454e-01  -6.7488e-02   6.9445e-03
   6.6268e-01   3.8912e+02   1.2334e-01  -6.7866e-02   6.2957e-03
   6.7086e-01   3.9393e+02   1.2211e-01  -6.8172e-02   5.6124e-03
   6.7904e-01   3.9873e+02   1.2086e-01  -6.8421e-02   4.9163e-03
   6.8722e-01   4.0353e+02   1.1957e-01  -6.8622e-02   4.2277e-03
   6.9540e-01   4.0834e+02   1.1824e-01  -6.8785e-02   3.5611e-03
   7.0359e-01   4.1314e+02   1.1687e-01  -6.8916e-02   2.9230e-03
   7.1177e-01   4.1795e+02   1.1544e-01  -6.9018e-02   2.3124e-03
   7.1995e-01   4.2275e+02   1.1395e-01  -6.9094e-02   1.7228e-03
   7.2813e-01   4.2755e+02   1.1240e-01  -6.9144e-02   1.1460e-03
   7.3631e-01   4.3236e+02   1.1081e-01  -6.9159e-02   5.7407e-04
   7.4449e-01   4.3716e+02   1.0918e-01  -6.9127e-02   6.2056e-07
   7.5267e-01   4.4197e+02   1.0752e-01  -6.9033e-02  -5.8146e-04
   7.6085e-01   4.4677e+02   1.0585e-01  -6.8865e-02  -1.1813e-03
   7.6904e-01   4.5157e+02   1.0418e-01  -6.8615e-02  -1.8086e-03
   7.7722e-01   4.5638e+02   1.0251e-01  -6.8278e-02  -2.4694e-03
   7.8540e-01   4.6118e+02   1.0086e-01  -6.7855e-02  -3.1613e-03
   7.9358e-01   4.6599e+02   9.9203e-02  -6.7346e-02  -3.8726e-03
   8.0176e-01   4.7079e+02   9.7541e-02  -6.6751e-02  -4.5860e-03
   8.0994e-01   4.7559e+02   9.5858e-02  -6.6072e-02  -5.2829e-03
   8.1812e-01   4.8040e+02   9.4139e-02  -6.5310e-02  -5.9453e-03
   8.2630e-01   4.8520e+02   9.2375e-02  -6.4464e-02  -6.5567e-03
   8.3449e-01   4.9001e+02   9.0557e-02  -6.3536e-02  -7.1035e-03
   8.4267e-01   4.9481e+02   8.8684e-02  -6.2526e-02  -7.5758e-03
   8.5085e-01   4.9961e+02   8.6755e-02  -6.1435e-02  -7.9686e-03
   8.5903e-01   5.0442e+02   8.4778e-02  -6.0264e-02  -8.2827e-03
   8.6721e-01   5.0922e+02   8.2758e-02  -5.9013e-02  -8.5252e-03
   8.7539e-01   5.1403e+02   8.0701e-02  -5.7684e-02  -8.7078e-03
   8.8357e-01   5.1883e+02   7.8610e-02  -5.6277e-02  -8.8446e-03
   8.9175e-01   5.2363e+02   7.6486e-02  -5.4793e-02  -8.9504e-03
   8.9994e-01   5.2844e+02   7.4330e-02  -5.3236e-02  -9.0394e-03
   9.0812e-01   5.3324e+02   7.2143e-02  -5.1608e-02  -9.1233e-03
   9.1630e-01   5.3805e+02   6.9927e-02  -4.9916e-02  -9.2095e-03
   9.2448e-01   5.4285e+02   6.7685e-02  -4.8167e-02  -9.3013e-03
   9.3266e-01   5.4765e+02   6.5421e-02  -4.6371e-02  -9.3974e-03
   9.4084e-01   5.5246e+02   6.3138e-02  -4.4539e-02  -9.4928e-03
   9.4902e-01   5.5726e+02   6.0840e-02  -4.2688e-02  -9.5788e-03
   9.5720e-01   5.6206e+02   5.8528e-02  -4.0833e-02  -9.6437e-03
   9.6539e-01   5.6687e+02   5.6201e-02  -3.8991e-02  -9.6745e-03
   9.7357e-01   5.7167e+02   5.3860e-02  -3.7172e-02  -9.6594e-03
   9.8175e-01   5.7648e+02   5.1513e-02  -3.5378e-02  -9.5901e-03
   9.8993e-01   5.8128e+02   4.9173e-02  -3.3598e-02  -9.4640e-03
   9.9811e-01   5.8608e+02   4.6854e-02  -3.1823e-02  -9.2863e-03
   1.0063e+00   5.9089e+02   4.4571e-02  -3.0038e-02  -9.0691e-03
   1.0145e+00   5.9569e+02   4.2334e-02  -2.8231e-02  -8.8285e-03
   1.0227e+00   6.0050e+02   4.0144e-02  -2.6394e-02  -8.5817e-03
   1.0308e+00   6.0530e+02   3.7997e-02  -2.4520e-02  -8.3463e-03
   1.0390e+00   6.1010e+02   3.5886e-02  -2.2605e-02  -8.1391e-03
   1.0472e+00   6.1491e+02   3.3806e-02  -2.0649e-02  -7.9762e-03
   1.0554e+00   6.1971e+02   3.1758e-02  -1.8651e-02  -7.8714e-03
   1.0636e+00   6.2452e+02   2.9746e-02  -1.6611e-02  -7.8351e-03
   1.0717e+00   6.2932e+02   2.7774e-02  -1.4531e-02  -7.8732e-03
   1.0799e+00   6.3412e+02   2.5844e-02  -1.2418e-02  -7.9869e-03
   1.0881e+00   6.3893e+02   2.3962e-02  -1.0282e-02  -8.1743e-03
   1.0963e+00   6.4373e+02   2.2129e-02  -8.1360e-03  -8.4310e-03
   1.1045e+00   6.4854e+02   2.0351e-02  -5.9955e-03  -8.7497e-03
   1.1126e+00   6.5334e+02   1.8629e-02  -3.8750e-03  -9.1200e-03
   1.1208e+00   6.5814e+02   1.6962e-02  -1.7871e-03  -9.5296e-03
   1.1290e+00   6.6295e+02   1.5351e-02   2.5679e-04  -9.9677e-03
   1.1372e+00   6.6775e+02   1.3793e-02   2.2454e-03  -1.0426e-02
   1.1454e+00   6.7256e+02   1.2287e-02   4.1674e-03  -1.0896e-02
   1.1536e+00   6.7736e+02   1.0828e-02   6.0119e-03  -1.1368e-02
   1.1617e+00   6.8216e+02   9.4140e-03   7.7691e-03  -1.1829e-02
   1.1699e+00   6.8697e+02   8.0418e-03   9.4308e-03  -1.2265e-02
   1.1781e+00   6.9177e+02   6.7102e-03   1.0991e-02  -1.2662e-02
   1.1863e+00   6.9658e+02   5.4178e-03   1.2446e-02  -1.3009e-02
   1.1945e+00   7.0138e+02   4.1619e-03   1.3798e-02  -1.3294e-02
   1.2026e+00   7.0618e+02   2.9382e-03   1.5055e-02  -1.3510e-02
   1.2108e+00   7.1099e+02   1.7403e-03   1.6230e-02  -1.3651e-02
   1.2190e+00   7.1579e+02   5.6131e-04   1.7341e-02  -1.3714e-02
   1.2272e+00   7.2060e+02  -6.0365e-04   1.8406e-02  -1.3697e-02
   1.2354e+00   7.2540e+02  -1.7566e-03   1.9442e-02  -1.3605e-02
   1.2435e+00   7.3020e+02  -2.8969e-03   2.0465e-02  -1.3446e-02
   1.2517e+00   7.3501e+02  -4.0242e-03   2.1484e-02  -1.3232e-02
   1.2599e+00   7.3981e+02  -5.1411e-03   2.2505e-02  -1.2982e-02
   1.2681e+00   7.4462e+02  -6.2560e-03   2.3524e-02  -1.2717e-02
   1.2763e+00   7.4942e+02  -7.3803e-03   2.4533e-02  -1.2452e-02
   1.2845e+00   7.5422e+02  -8.5250e-03   2.5522e-02  -1.2203e-02
   1.2926e+00   7.5903e+02  -9.6981e-03   2.6482e-02  -1.1979e-02
   1.3008e+00   7.6383e+02  -1.0905e-02   2.7406e-02  -1.1791e-02
   1.3090e+00   7.6864e+02  -1.2147e-02   2.8289e-02  -1.1650e-02
   1.3172e+00   7.7344e+02  -1.3422e-02   2.9129e-02  -1.1569e-02
   1.3254e+00   7.7824e+02  -1.4722e-02   2.9927e-02  -1.1559e-02
   1.3335e+00   7.8305e+02  -1.6037e-02   3.0688e-02  -1.1627e-02
   1.3417e+00   7.8785e+02  -1.7359e-02   3.1423e-02  -1.1773e-02
   1.3499e+00   7.9266e+02  -1.8681e-02   3.2146e-02  -1.1990e-02
   1.3581e+00   7.9746e+02  -1.9997e-02   3.2874e-02  -1.2268e-02
   1.3663e+00   8.0226e+02  -2.1304e-02   3.3627e-02  -1.2590e-02
   1.3744e+00   8.0707e+02  -2.2599e-02   3.4422e-02  -1.2941e-02
   1.3826e+00   8.1187e+02  -2.3877e-02   3.5274e-02  -1.3299e-02
   1.3908e+00   8.1668e+02  -2.5138e-02   3.6186e-02  -1.3647e-02
   1.3990e+00   8.2148e+02  -2.6382e-02   3.7155e-02  -1.3968e-02
   1.4072e+00   8.2628e+02  -2.7613e-02   3.8167e-02  -1.4253e-02
   1.4154e+00   8.3109e+02  -2.8836e-02   3.9204e-02  -1.4500e-02
   1.4235e+00   8.3589e+02  -3.0054e-02   4.0247e-02  -1.4714e-02
   1.4317e+00   8.4070e+02  -3.1266e-02   4.1284e-02  -1.4902e-02
   1.4399e+00   8.4550e+02  -3.2464e-02   4.2309e-02  -1.5080e-02
   1.4481e+00   8.5030e+02  -3.3636e-02   4.3327e-02  -1.5262e-02
   1.4563e+00   8.5511e+02  -3.4764e-02   4.4352e-02  -1.5465e-02
   1.4644e+00   8.5991e+02  -3.5828e-02   4.5404e-02  -1.5702e-02
   1.4726e+00   8.6472e+02  -3.6810e-02   4.6505e-02  -1.5984e-02
   1.4808e+00   8.6952e+02  -3.7698e-02   4.7670e-02  -1.6321e-02
   1.4890e+00   8.7432e+02  -3.8485e-02   4.8906e-02  -1.6720e-02
   1.4972e+00   8.7913e+02  -3.9168e-02   5.0205e-02  -1.7180e-02
   1.5053e+00   8.8393e+02  -3.9745e-02   5.1556e-02  -1.7697e-02
   1.5135e+00   8.8874e+02  -4.0217e-02   5.2942e-02  -1.8263e-02
   1.5217e+00   8.9354e+02  -4.0585e-02   5.4349e-02  -1.8866e-02
   1.5299e+00   8.9834e+02  -4.0852e-02   5.5763e-02  -1.9502e-02
   1.5381e+00   9.0315e+02  -4.1020e-02   5.7170e-02  -2.0165e-02
   1.5463e+00   9.0795e+02  -4.1090e-02   5.8561e-02  -2.0853e-02
   1.5544e+00   9.1276e+02  -4.1067e-02   5.9927e-02  -2.1557e-02
   1.5626e+00   9.1756e+02  -4.0960e-02   6.1258e-02  -2.2271e-02
   1.5708e+00   9.2236e+02  -4.0785e-02   6.2542e-02  -2.2984e-02
   1.5790e+00   9.2717e+02  -4.0555e-02   6.3773e-02  -2.3688e-02
   1.5872e+00   9.3197e+02  -4.0279e-02   6.4941e-02  -2.4378e-02
   1.5953e+00   9.3677e+02  -3.9958e-02   6.6036e-02  -2.5053e-02
   1.6035e+00   9.4158e+02  -3.9583e-02   6.7046e-02  -2.5711e-02
   1.6117e+00   9.4638e+02  -3.9144e-02   6.7962e-02  -2.6353e-02
   1.6199e+00   9.5119e+02  -3.8629e-02   6.8774e-02  -2.6976e-02
   1.6281e+00   9.5599e+02  -3.8032e-02   6.9480e-02  -2.7581e-02
   1.6362e+00   9.6079e+02  -3.7353e-02   7.0072e-02  -2.8163e-02
   1.6444e+00   9.6560e+02  -3.6599e-02   7.0544e-02  -2.8716e-02
   1.6526e+00   9.7040e+02  -3.5777e-02   7.0887e-02  -2.9232e-02
   1.6608e+00   9.7521e+02  -3.4898e-02   7.1089e-02  -2.9702e-02
   1.6690e+00   9.8001e+02  -3.3975e-02   7.1135e-02  -3.0117e-02
   1.6772e+00   9.8481e+02  -3.3021e-02   7.1014e-02  -3.0472e-02
   1.6853e+00   9.8962e+02  -3.2044e-02   7.0717e-02  -3.0761e-02
   1.6935e+00   9.9442e+02  -3.1050e-02   7.0240e-02  -3.0984e-02
   1.7017e+00   9.9923e+02  -3.0041e-02   6.9586e-02  -3.1141e-02
   1.7099e+00   1.0040e+03  -2.9015e-02   6.8769e-02  -3.1233e-02
   1.7181e+00   1.0088e+03  -2.7964e-02   6.7810e-02  -3.1260e-02
   1.7262e+00   1.0136e+03  -2.6882e-02   6.6737e-02  -3.1221e-02
   1.7344e+00   1.0184e+03  -2.5767e-02   6.5571e-02  -3.1116e-02
   1.7426e+00   1.0232e+03  -2.4624e-02   6.4333e-02  -3.0948e-02
   1.7508e+00   1.0281e+03  -2.3464e-02   6.3036e-02  -3.0724e-02
   1.7590e+00   1.0329e+03  -2.2300e-02   6.1689e-02  -3.0452e-02
   1.7671e+00   1.0377e+03  -2.1142e-02   6.0300e-02  -3.0146e-02
   1.7753e+00   1.0425e+03  -1.9996e-02   5.8871e-02  -2.9812e-02
   1.7835e+00   1.0473e+03  -1.8861e-02   5.7403e-02  -2.9454e-02
   1.7917e+00   1.0521e+03  -1.7735e-02   5.5895e-02  -2.9072e-02
   1.7999e+00   1.0569e+03  -1.6614e-02   5.4341e-02  -2.8664e-02
   1.8081e+00   1.0617e+03  -1.5497e-02   5.2731e-02  -2.8225e-02
   1.8162e+00   1.0665e+03  -1.4381e-02   5.1057e-02  -2.7749e-02
   1.8244e+00   1.0713e+03  -1.3264e-02   4.9309e-02  -2.7229e-02
   1.8326e+00   1.0761e+03  -1.2146e-02   4.7482e-02  -2.6655e-02
   1.8408e+00   1.0809e+03  -1.1025e-02   4.5573e-02  -2.6018e-02
   1.8490e+00   1.0857e+03  -9.9002e-03   4.3581e-02  -2.5313e-02
   1.8571e+00   1.0905e+03  -8.7720e-03   4.1504e-02  -2.4537e-02
   1.8653e+00   1.0953e+03  -7.6400e-03   3.9335e-02  -2.3697e-02
   1.8735e+00   1.1001e+03  -6.5035e-03   3.7066e-02  -2.2802e-02
   1.8817e+00   1.1049e+03  -5.3601e-03   3.4689e-02  -2.1862e-02
   1.8899e+00   1.1097e+03  -4.2054e-03   3.2198e-02  -2.0886e-02
   1.8980e+00   1.1145e+03  -3.0336e-03   2.9590e-02  -1.9881e-02
   1.9062e+00   1.1193e+03  -1.8401e-03   2.6865e-02  -1.8850e-02
   1.9144e+00   1.1241e+03  -6.2303e-04   2.4028e-02  -1.7793e-02
   1.9226e+00   1.1289e+03   6.1708e-04   2.1090e-02  -1.6713e-02
   1.9308e+00   1.1337e+03   1.8787e-03   1.8066e-02  -1.5610e-02
   1.9390e+00   1.1385e+03   3.1599e-03   1.4974e-02  -1.4482e-02
   1.9471e+00   1.1433e+03   4.4576e-03   1.1840e-02  -1.3327e-02
   1.9553e+00   1.1481e+03   5.7667e-03   8.6924e-03  -1.2139e-02
   1.9635e+00   1.1530e+03   7.0827e-03   5.5628e-03  -1.0914e-02
   1.9717e+00   1.1578e+03   8.4041e-03   2.4861e-03  -9.6499e-03
   1.9799e+00   1.1626e+03   9.7315e-03  -5.0553e-04  -8.3502e-03
   1.9880e+00   1.1674e+03   1.1066e-02  -3.3873e-03  -7.0264e-03
   1.9962e+00   1.1722e+03   1.2406e-02  -6.1463e-03  -5.6994e-03
   2.0044e+00   1.1770e+03   1.3754e-02  -8.7819e-03  -4.3958e-03
   2.0126e+00   1.1818e+03   1.5109e-02  -1.1303e-02  -3.1424e-03
   2.0208e+00   1.1866e+03   1.6473e-02  -1.3722e-02  -1.9607e-03
   2.0289e+00   1.1914e+03   1.7844e-02  -1.6054e-02  -8.6417e-04
   2.0371e+00   1.1962e+03   1.9221e-02  -1.8309e-02   1.4256e-04
   2.0453e+00   1.2010e+03   2.0601e-02  -2.0497e-02   1.0620e-03
   2.0535e+00   1.2058e+03   2.1978e-02  -2.2621e-02   1.9012e-03
   2.0617e+00   1.2106e+03   2.3351e-02  -2.4685e-02   2.6673e-03
   2.0699e+00   1.2154e+03   2.4720e-02  -2.6684e-02   3.3648e-03
   2.0780e+00   1.2202e+03   2.6090e-02  -2.8616e-02   3.9965e-03
   2.0862e+00   1.2250e+03   2.7463e-02  -3.0474e-02   4.5650e-03
   2.0944e+00   1.2298e+03   2.8840e-02  -3.2256e-02   5.0744e-03
   2.1026e+00   1.2346e+03   3.0220e-02  -3.3958e-02   5.5305e-03
   2.1108e+00   1.2394e+03   3.1602e-02  -3.5579e-02   5.9401e-03
   2.1189e+00   1.2442e+03   3.2987e-02  -3.7114e-02   6.3109e-03
   2.1271e+00   1.2490e+03   3.4376e-02  -3.8562e-02   6.6517e-03
   2.1353e+00   1.2538e+03   3.5767e-02  -3.9924e-02   6.9711e-03
   2.1435e+00   1.2586e+03   3.7154e-02  -4.1204e-02   7.2760e-03
   2.1517e+00   1.2634e+03   3.8531e-02  -4.2410e-02   7.5702e-03
   2.1598e+00   1.2682e+03   3.9890e-02  -4.3551e-02   7.8539e-03
   2.1680e+00   1.2731e+03   4.1226e-02  -4.4634e-02   8.1245e-03
   2.1762e+00   1.2779e+03   4.2532e-02  -4.5667e-02   8.3771e-03
   2.1844e+00   1.2827e+03   4.3809e-02  -4.6661e-02   8.6060e-03
   2.1926e+00   1.2875e+03   4.5059e-02  -4.7630e-02   8.8049e-03
   2.2008e+00   1.2923e+03   4.6290e-02  -4.8590e-02   8.9681e-03
   2.2089e+00   1.2971e+03   4.7516e-02  -4.9548e-02   9.0915e-03
   2.2171e+00   1.3019e+03   4.8752e-02  -5.0503e-02   9.1738e-03
   2.2253e+00   1.3067e+03   5.0015e-02  -5.1449e-02   9.2188e-03
   2.2335e+00   1.3115e+03   5.1322e-02  -5.2372e-02   9.2354e-03
   2.2417e+00   1.3163e+03   5.2683e-02  -5.3262e-02   9.2374e-03
   2.2498e+00   1.3211e+03   5.4101e-02  -5.4118e-02   9.2411e-03
   2.2580e+00   1.3259e+03   5.5573e-02  -5.4949e-02   9.2628e-03
   2.2662e+00   1.3307e+03   5.7094e-02  -5.5768e-02   9.3160e-03
   2.2744e+00   1.3355e+03   5.8658e-02  -5.6592e-02   9.4082e-03
   2.2826e+00   1.3403e+03   6.0260e-02  -5.7433e-02   9.5404e-03
   2.2907e+00   1.3451e+03   6.1898e-02  -5.8301e-02   9.7077e-03
   2.2989e+00   1.3499e+03   6.3569e-02  -5.9195e-02   9.9015e-03
   2.3071e+00   1.3547e+03   6.5272e-02  -6.0115e-02   1.0113e-02
   2.3153e+00   1.3595e+03   6.7004e-02  -6.1055e-02   1.0336e-02
   2.3235e+00   1.3643e+03   6.8761e-02  -6.2007e-02   1.0564e-02
   2.3317e+00   1.3691e+03   7.0542e-02  -6.2964e-02   1.0793e-02
   2.3398e+00   1.3739e+03   7.2348e-02  -6.3915e-02   1.1018e-02
   2.3480e+00   1.3787e+03   7.4182e-02  -6.4848e-02   1.1239e-02
   2.3562e+00   1.3835e+03   7.6045e-02  -6.5751e-02   1.1458e-02
   2.3644e+00   1.3883e+03   7.7940e-02  -6.6615e-02   1.1676e-02
   2.3726e+00   1.3932e+03   7.9872e-02  -6.7435e-02   1.1893e-02
   2.3807e+00   1.3980e+03   8.1846e-02  -6.8213e-02   1.2107e-02
   2.3889e+00   1.4028e+03   8.3867e-02  -6.8953e-02   1.2315e-02
   2.3971e+00   1.4076e+03   8.5939e-02  -6.9659e-02   1.2514e-02
   2.4053e+00   1.4124e+03   8.8061e-02  -7.0335e-02   1.2704e-02
   2.4135e+00   1.4172e+03   9.0231e-02  -7.0981e-02   1.2885e-02
   2.4216e+00   1.4220e+03   9.2448e-02  -7.1596e-02   1.3058e-02
   2.4298e+00   1.4268e+03   9.4707e-02  -7.2171e-02   1.3224e-02
   2.4380e+00   1.4316e+03   9.7002e-02  -7.2693e-02   1.3382e-02
   2.4462e+00   1.4364e+03   9.9317e-02  -7.3141e-02   1.3535e-02
   2.4544e+00   1.4412e+03   1.0163e-01  -7.3493e-02   1.3683e-02
   2.4626e+00   1.4460e+03   1.0394e-01  -7.3725e-02   1.3825e-02
   2.4707e+00   1.4508e+03   1.0621e-01  -7.3813e-02   1.3958e-02
   2.4789e+00   1.4556e+03   1.0844e-01  -7.3737e-02   1.4078e-02
   2.4871e+00   1.4604e+03   1.1063e-01  -7.3480e-02   1.4180e-02
   2.4953e+00   1.4652e+03   1.1277e-01  -7.3037e-02   1.4256e-02
   2.5035e+00   1.4700e+03   1.1487e-01  -7.2407e-02   1.4297e-02
   2.5116e+00   1.4748e+03   1.1693e-01  -7.1592e-02   1.4294e-02
   2.5198e+00   1.4796e+03   1.1893e-01  -7.0596e-02   1.4242e-02
   2.5280e+00   1.4844e+03   1.2089e-01  -6.9421e-02   1.4134e-02
   2.5362e+00   1.4892e+03   1.2278e-01  -6.8065e-02   1.3967e-02
   2.5444e+00   1.4940e+03   1.2462e-01  -6.6524e-02   1.3742e-02
   2.5525e+00   1.4988e+03   1.2638e-01  -6.4794e-02   1.3464e-02
   2.5607e+00   1.5036e+03   1.2807e-01  -6.2871e-02   1.3143e-02
   2.5689e+00   1.5084e+03   1.2968e-01  -6.0753e-02   1.2795e-02
   2.5771e+00   1.5133e+03   1.3120e-01  -5.8443e-02   1.2431e-02
   2.5853e+00   1.5181e+03   1.3264e-01  -5.5948e-02   1.2057e-02
   2.5935e+00   1.5229e+03   1.3397e-01  -5.3277e-02   1.1677e-02
   2.6016e+00   1.5277e+03   1.3520e-01  -5.0443e-02   1.1290e-02
   2.6098e+00   1.5325e+03   1.3632e-01  -4.7453e-02   1.0894e-02
   2.6180e+00   1.5373e+03   1.3734e-01  -4.4312e-02   1.0489e-02
   2.6262e+00   1.5421e+03   1.3823e-01  -4.1021e-02   1.0078e-02
   2.6344e+00   1.5469e+03   1.3898e-01  -3.7579e-02   9.6622e-03
   2.6425e+00   1.5517e+03   1.3960e-01  -3.3981e-02   9.2424e-03
   2.6507e+00   1.5565e+03   1.4005e-01  -3.0222e-02   8.8170e-03
   2.6589e+00   1.5613e+03   1.4032e-01  -2.6294e-02   8.3813e-03
   2.6671e+00   1.5661e+03   1.4041e-01  -2.2189e-02   7.9279e-03
   2.6753e+00   1.5709e+03   1.4031e-01  -1.7895e-02   7.4472e-03
   2.6834e+00   1.5757e+03   1.4000e-01  -1.3405e-02   6.9285e-03
   2.6916e+00   1.5805e+03   1.3950e-01  -8.7126e-03   6.3627e-03
   2.6998e+00   1.5853e+03   1.3879e-01  -3.8198e-03   5.7443e-03
   2.7080e+00   1.5901e+03   1.3786e-01   1.2646e-03   5.0735e-03
   2.7162e+00   1.5949e+03   1.3672e-01   6.5270e-03   4.3563e-03
   2.7243e+00   1.5997e+03   1.3535e-01   1.1952e-02   3.6017e-03
   2.7325e+00   1.6045e+03   1.3374e-01   1.7527e-02   2.8178e-03
   2.7407e+00   1.6093e+03   1.3186e-01   2.3239e-02   2.0080e-03
   2.7489e+00   1.6141e+03   1.2970e-01   2.9082e-02   1.1695e-03
   2.7571e+00   1.6189e+03   1.2725e-01   3.5050e-02   2.9440e-04
   2.7653e+00   1.6237e+03   1.2449e-01   4.1144e-02  -6.2559e-04
   2.7734e+00   1.6285e+03   1.2139e-01   4.7364e-02  -1.5959e-03
   2.7816e+00   1.6334e+03   1.1793e-01   5.3716e-02  -2.6173e-03
   2.7898e+00   1.6382e+03   1.1408e-01   6.0202e-02  -3.6868e-03
   2.7980e+00   1.6430e+03   1.0981e-01   6.6825e-02  -4.8010e-03
   2.8062e+00   1.6478e+03   1.0513e-01   7.3588e-02  -5.9597e-03
   2.8143e+00   1.6526e+03   1.0002e-01   8.0496e-02  -7.1684e-03
   2.8225e+00   1.6574e+03   9.4495e-02   8.7557e-02  -8.4375e-03
   2.8307e+00   1.6622e+03   8.8538e-02   9.4783e-02  -9.7812e-03
   2.8389e+00   1.6670e+03   8.2139e-02   1.0219e-01  -1.1214e-02
   2.8471e+00   1.6718e+03   7.5278e-02   1.0979e-01  -1.2751e-02
   2.8552e+00   1.6766e+03   6.7926e-02   1.1759e-01  -1.4399e-02
   2.8634e+00   1.6814e+03   6.0054e-02   1.2560e-01  -1.6162e-02
   2.8716e+00   1.6862e+03   5.1627e-02   1.3382e-01  -1.8040e-02
   2.8798e+00   1.6910e+03   4.2608e-02   1.4225e-01  -2.0026e-02
   2.8880e+00   1.6958e+03   3.2956e-02   1.5087e-01  -2.2114e-02
   2.8962e+00   1.7006e+03   2.2622e-02   1.5969e-01  -2.4301e-02
   2.9043e+00   1.7054e+03   1.1561e-02   1.6869e-01  -2.6588e-02
   2.9125e+00   1.7102e+03  -2.7604e-04   1.7786e-01  -2.8984e-02
   2.9207e+00   1.7150e+03  -1.2930e-02   1.8718e-01  -3.1504e-02
   2.9289e+00   1.7198e+03  -2.6441e-02   1.9663e-01  -3.4161e-02
   2.9371e+00   1.7246e+03  -4.0848e-02   2.0621e-01  -3.6965e-02
   2.9452e+00   1.7294e+03  -5.6193e-02   2.1589e-01  -3.9912e-02
   2.9534e+00   1.7342e+03  -7.2525e-02   2.2566e-01  -4.2986e-02
   2.9616e+00   1.7390e+03  -8.9896e-02   2.3550e-01  -4.6159e-02
   2.9698e+00   1.7438e+03  -1.0836e-01   2.4542e-01  -4.9401e-02
   2.9780e+00   1.7486e+03  -1.2798e-01   2.5540e-01  -5.2687e-02
   2.9861e+00   1.7535e+03  -1.4878e-01   2.6543e-01  -5.6003e-02
   2.9943e+00   1.7583e+03  -1.7079e-01   2.7551e-01  -5.9346e-02
   3.0025e+00   1.7631e+03  -1.9405e-01   2.8562e-01  -6.2724e-02
   3.0107e+00   1.7679e+03  -2.1858e-01   2.9573e-01  -6.6147e-02
   3.0189e+00   1.7727e+03  -2.4438e-01   3.0580e-01  -6.9624e-02
   3.0271e+00   1.7775e+03  -2.7147e-01   3.1578e-01  -7.3152e-02
   3.0352e+00   1.7823e+03  -2.9982e-01   3.2560e-01  -7.6713e-02
   3.0434e+00   1.7871e+03  -3.2940e-01   3.3522e-01  -8.0271e-02
   3.0516e+00   1.7919e+03  -3.6009e-01   3.4455e-01  -8.3770e-02
   3.0598e+00   1.7967e+03  -3.9175e-01   3.5355e-01  -8.7130e-02
   3.0680e+00   1.8015e+03  -4.2412e-01   3.6216e-01  -9.0257e-02
   3.0761e+00   1.8063e+03  -4.5684e-01   3.7031e-01  -9.3041e-02
   3.0843e+00   1.8111e+03  -4.8940e-01   3.7791e-01  -9.5365e-02
   3.0925e+00   1.8159e+03  -5.2110e-01   3.8489e-01  -9.7116e-02
   3.1007e+00   1.8207e+03  -5.5107e-01   3.9113e-01  -9.8207e-02
   3.1089e+00   1.8255e+03  -5.7821e-01   3.9648e-01  -9.8602e-02
   3.1170e+00   1.8303e+03  -6.0127e-01   4.0077e-01  -9.8354e-02
   3.1252e+00   1.8351e+03  -6.1898e-01   4.0380e-01  -9.7631e-02
   3.1334e+00   1.8399e+03  -6.3020e-01   4.0537e-01  -9.6712e-02
