# The data in this file was extracted from a direct numerical
# simulation of fully developed plane turbulent channel
# flow. Particulars are listed below. Note that some of the statistical
# quantities provided in this data set should be zero due to
# (statistical) symmetries in the flow. These quantities are reported
# here none-the-less as an indicator of the quality of the statistics.
# more statistics from this data set are available at 
# http://www.tam.uiuc.edu/Faculty/Moser/channel 
#
# Authors: Moser, Kim & Mansour
# Reference: DNS of Turbulent Channel Flow up to Re_tau=590, 1999,
#            Physics of Fluids, vol 11, 943-945.
# Numerical Method: Kim, Moin & Moser, 1987, J. Fluid Mech. vol 177, 133-166 
# Re_tau = 587.19
# Normalization: U_tau, h 
# Description: Spanwise (z) Two-point cross correlations of velocity and pressure at indicated y-location 
# Filename: chan590/correlations/chan590.zccorr.39 
# Date File Created: Feb 29, 2000 
#
#---End of Header---
# 
# nz = 384,  Re = 587.19,  y = 0.06701,  y+ =  39.35
#      dz           dz+         R_uv         R_up         R_vp
#
   0.0000e+00   0.0000e+00  -8.6280e-01   7.8254e-01  -1.3015e-01
   8.1812e-03   4.8040e+00  -8.3491e-01   7.8394e-01  -1.3174e-01
   1.6362e-02   9.6079e+00  -7.5044e-01   7.8294e-01  -1.3293e-01
   2.4544e-02   1.4412e+01  -6.2284e-01   7.7057e-01  -1.3070e-01
   3.2725e-02   1.9216e+01  -4.7487e-01   7.4183e-01  -1.2310e-01
   4.0906e-02   2.4020e+01  -3.2751e-01   6.9696e-01  -1.1015e-01
   4.9087e-02   2.8824e+01  -1.9454e-01   6.3949e-01  -9.3281e-02
   5.7269e-02   3.3628e+01  -8.2843e-02   5.7418e-01  -7.4497e-02
   6.5450e-02   3.8432e+01   5.7753e-03   5.0554e-01  -5.5653e-02
   7.3631e-02   4.3236e+01   7.2512e-02   4.3731e-01  -3.8107e-02
   8.1812e-02   4.8040e+01   1.2009e-01   3.7221e-01  -2.2674e-02
   8.9994e-02   5.2844e+01   1.5179e-01   3.1206e-01  -9.7381e-03
   9.8175e-02   5.7648e+01   1.7092e-01   2.5789e-01   6.1169e-04
   1.0636e-01   6.2452e+01   1.8057e-01   2.1016e-01   8.4912e-03
   1.1454e-01   6.7256e+01   1.8332e-01   1.6888e-01   1.4154e-02
   1.2272e-01   7.2060e+01   1.8122e-01   1.3379e-01   1.7899e-02
   1.3090e-01   7.6864e+01   1.7583e-01   1.0446e-01   2.0025e-02
   1.3908e-01   8.1668e+01   1.6832e-01   8.0447e-02   2.0853e-02
   1.4726e-01   8.6472e+01   1.5960e-01   6.1277e-02   2.0761e-02
   1.5544e-01   9.1275e+01   1.5032e-01   4.6432e-02   2.0121e-02
   1.6362e-01   9.6079e+01   1.4092e-01   3.5276e-02   1.9225e-02
   1.7181e-01   1.0088e+02   1.3175e-01   2.7100e-02   1.8257e-02
   1.7999e-01   1.0569e+02   1.2300e-01   2.1245e-02   1.7275e-02
   1.8817e-01   1.1049e+02   1.1480e-01   1.7190e-02   1.6225e-02
   1.9635e-01   1.1530e+02   1.0718e-01   1.4592e-02   1.5003e-02
   2.0453e-01   1.2010e+02   1.0010e-01   1.3210e-02   1.3550e-02
   2.1271e-01   1.2490e+02   9.3447e-02   1.2880e-02   1.1894e-02
   2.2089e-01   1.2971e+02   8.7181e-02   1.3520e-02   1.0125e-02
   2.2907e-01   1.3451e+02   8.1318e-02   1.5093e-02   8.3568e-03
   2.3726e-01   1.3932e+02   7.5898e-02   1.7463e-02   6.6706e-03
   2.4544e-01   1.4412e+02   7.0906e-02   2.0389e-02   5.0947e-03
   2.5362e-01   1.4892e+02   6.6312e-02   2.3592e-02   3.6398e-03
   2.6180e-01   1.5373e+02   6.2117e-02   2.6856e-02   2.3510e-03
   2.6998e-01   1.5853e+02   5.8386e-02   3.0003e-02   1.3014e-03
   2.7816e-01   1.6334e+02   5.5157e-02   3.2913e-02   5.3374e-04
   2.8634e-01   1.6814e+02   5.2401e-02   3.5590e-02   2.5990e-05
   2.9452e-01   1.7294e+02   5.0030e-02   3.8164e-02  -2.9744e-04
   3.0271e-01   1.7775e+02   4.7990e-02   4.0739e-02  -5.4056e-04
   3.1089e-01   1.8255e+02   4.6258e-02   4.3328e-02  -8.0547e-04
   3.1907e-01   1.8735e+02   4.4822e-02   4.5846e-02  -1.1685e-03
   3.2725e-01   1.9216e+02   4.3617e-02   4.8177e-02  -1.6500e-03
   3.3543e-01   1.9696e+02   4.2560e-02   5.0226e-02  -2.2201e-03
   3.4361e-01   2.0177e+02   4.1601e-02   5.1970e-02  -2.8107e-03
   3.5179e-01   2.0657e+02   4.0703e-02   5.3407e-02  -3.3713e-03
   3.5997e-01   2.1137e+02   3.9761e-02   5.4547e-02  -3.8794e-03
   3.6816e-01   2.1618e+02   3.8682e-02   5.5445e-02  -4.3398e-03
   3.7634e-01   2.2098e+02   3.7433e-02   5.6218e-02  -4.7625e-03
   3.8452e-01   2.2579e+02   3.6069e-02   5.6968e-02  -5.1579e-03
   3.9270e-01   2.3059e+02   3.4682e-02   5.7710e-02  -5.5320e-03
   4.0088e-01   2.3539e+02   3.3389e-02   5.8396e-02  -5.8807e-03
   4.0906e-01   2.4020e+02   3.2279e-02   5.8968e-02  -6.1869e-03
   4.1724e-01   2.4500e+02   3.1442e-02   5.9372e-02  -6.4103e-03
   4.2542e-01   2.4981e+02   3.0915e-02   5.9554e-02  -6.4835e-03
   4.3361e-01   2.5461e+02   3.0654e-02   5.9436e-02  -6.3537e-03
   4.4179e-01   2.5941e+02   3.0536e-02   5.8958e-02  -6.0135e-03
   4.4997e-01   2.6422e+02   3.0463e-02   5.8108e-02  -5.4909e-03
   4.5815e-01   2.6902e+02   3.0352e-02   5.6937e-02  -4.7950e-03
   4.6633e-01   2.7383e+02   3.0137e-02   5.5554e-02  -3.9107e-03
   4.7451e-01   2.7863e+02   2.9743e-02   5.4081e-02  -2.8634e-03
   4.8269e-01   2.8343e+02   2.9142e-02   5.2610e-02  -1.7772e-03
   4.9087e-01   2.8824e+02   2.8356e-02   5.1200e-02  -8.0669e-04
   4.9906e-01   2.9304e+02   2.7475e-02   4.9900e-02  -2.7007e-05
   5.0724e-01   2.9785e+02   2.6587e-02   4.8779e-02   6.0644e-04
   5.1542e-01   3.0265e+02   2.5736e-02   4.7889e-02   1.1943e-03
   5.2360e-01   3.0745e+02   2.4853e-02   4.7188e-02   1.7952e-03
   5.3178e-01   3.1226e+02   2.3857e-02   4.6517e-02   2.4063e-03
   5.3996e-01   3.1706e+02   2.2697e-02   4.5764e-02   2.9814e-03
   5.4814e-01   3.2187e+02   2.1408e-02   4.4966e-02   3.4513e-03
   5.5632e-01   3.2667e+02   2.0043e-02   4.4282e-02   3.7732e-03
   5.6450e-01   3.3147e+02   1.8674e-02   4.3874e-02   3.9576e-03
   5.7269e-01   3.3628e+02   1.7392e-02   4.3801e-02   4.0267e-03
   5.8087e-01   3.4108e+02   1.6341e-02   4.3976e-02   3.9670e-03
   5.8905e-01   3.4589e+02   1.5635e-02   4.4263e-02   3.7452e-03
   5.9723e-01   3.5069e+02   1.5305e-02   4.4616e-02   3.3551e-03
   6.0541e-01   3.5549e+02   1.5235e-02   4.5116e-02   2.8387e-03
   6.1359e-01   3.6030e+02   1.5244e-02   4.5837e-02   2.2742e-03
   6.2177e-01   3.6510e+02   1.5163e-02   4.6807e-02   1.7531e-03
   6.2995e-01   3.6991e+02   1.4939e-02   4.8030e-02   1.3517e-03
   6.3814e-01   3.7471e+02   1.4584e-02   4.9512e-02   1.0799e-03
   6.4632e-01   3.7951e+02   1.4096e-02   5.1231e-02   8.8010e-04
   6.5450e-01   3.8432e+02   1.3416e-02   5.3137e-02   6.5441e-04
   6.6268e-01   3.8912e+02   1.2495e-02   5.5140e-02   2.9699e-04
   6.7086e-01   3.9393e+02   1.1309e-02   5.7095e-02  -2.7316e-04
   6.7904e-01   3.9873e+02   9.9070e-03   5.8861e-02  -1.0607e-03
   6.8722e-01   4.0353e+02   8.4071e-03   6.0335e-02  -1.9889e-03
   6.9540e-01   4.0834e+02   6.9803e-03   6.1505e-02  -2.9519e-03
   7.0359e-01   4.1314e+02   5.7507e-03   6.2464e-02  -3.8754e-03
   7.1177e-01   4.1795e+02   4.7817e-03   6.3381e-02  -4.7130e-03
   7.1995e-01   4.2275e+02   4.0567e-03   6.4399e-02  -5.4027e-03
   7.2813e-01   4.2755e+02   3.5599e-03   6.5557e-02  -5.8583e-03
   7.3631e-01   4.3236e+02   3.2786e-03   6.6766e-02  -6.0080e-03
   7.4449e-01   4.3716e+02   3.1984e-03   6.7854e-02  -5.8316e-03
   7.5267e-01   4.4197e+02   3.2551e-03   6.8651e-02  -5.3928e-03
   7.6085e-01   4.4677e+02   3.3318e-03   6.9004e-02  -4.8368e-03
   7.6904e-01   4.5157e+02   3.2700e-03   6.8828e-02  -4.3172e-03
   7.7722e-01   4.5638e+02   2.9870e-03   6.8159e-02  -3.9153e-03
   7.8540e-01   4.6118e+02   2.4849e-03   6.7167e-02  -3.6009e-03
   7.9358e-01   4.6599e+02   1.8715e-03   6.5995e-02  -3.2900e-03
   8.0176e-01   4.7079e+02   1.2694e-03   6.4739e-02  -2.9199e-03
   8.0994e-01   4.7559e+02   7.0992e-04   6.3520e-02  -2.5129e-03
   8.1812e-01   4.8040e+02   9.3132e-05   6.2474e-02  -2.1572e-03
   8.2630e-01   4.8520e+02  -6.7909e-04   6.1726e-02  -1.9374e-03
   8.3449e-01   4.9001e+02  -1.6486e-03   6.1371e-02  -1.8930e-03
   8.4267e-01   4.9481e+02  -2.7461e-03   6.1431e-02  -2.0428e-03
   8.5085e-01   4.9961e+02  -3.8516e-03   6.1876e-02  -2.3867e-03
   8.5903e-01   5.0442e+02  -4.8645e-03   6.2658e-02  -2.8933e-03
   8.6721e-01   5.0922e+02  -5.7414e-03   6.3689e-02  -3.4954e-03
   8.7539e-01   5.1403e+02  -6.4336e-03   6.4837e-02  -4.1058e-03
   8.8357e-01   5.1883e+02  -6.8995e-03   6.5967e-02  -4.6494e-03
   8.9175e-01   5.2363e+02  -7.1302e-03   6.6983e-02  -5.0713e-03
   8.9994e-01   5.2844e+02  -7.1772e-03   6.7853e-02  -5.3535e-03
   9.0812e-01   5.3324e+02  -7.0931e-03   6.8559e-02  -5.5130e-03
   9.1630e-01   5.3805e+02  -6.9147e-03   6.9076e-02  -5.5955e-03
   9.2448e-01   5.4285e+02  -6.6354e-03   6.9325e-02  -5.6378e-03
   9.3266e-01   5.4765e+02  -6.2537e-03   6.9165e-02  -5.6499e-03
   9.4084e-01   5.5246e+02  -5.8011e-03   6.8460e-02  -5.6110e-03
   9.4902e-01   5.5726e+02  -5.3553e-03   6.7166e-02  -5.5149e-03
   9.5720e-01   5.6206e+02  -4.9475e-03   6.5408e-02  -5.3992e-03
   9.6539e-01   5.6687e+02  -4.5715e-03   6.3484e-02  -5.3006e-03
   9.7357e-01   5.7167e+02  -4.2049e-03   6.1742e-02  -5.2262e-03
   9.8175e-01   5.7648e+02  -3.8725e-03   6.0435e-02  -5.1772e-03
   9.8993e-01   5.8128e+02  -3.6252e-03   5.9610e-02  -5.1818e-03
   9.9811e-01   5.8608e+02  -3.4774e-03   5.9119e-02  -5.2889e-03
   1.0063e+00   5.9089e+02  -3.3315e-03   5.8690e-02  -5.5220e-03
   1.0145e+00   5.9569e+02  -3.0532e-03   5.8054e-02  -5.8464e-03
   1.0227e+00   6.0050e+02  -2.5554e-03   5.7078e-02  -6.1767e-03
   1.0308e+00   6.0530e+02  -1.8735e-03   5.5752e-02  -6.4213e-03
   1.0390e+00   6.1010e+02  -1.1170e-03   5.4125e-02  -6.5192e-03
   1.0472e+00   6.1491e+02  -4.4092e-04   5.2234e-02  -6.4647e-03
   1.0554e+00   6.1971e+02   4.9004e-05   5.0084e-02  -6.3130e-03
   1.0636e+00   6.2452e+02   3.2382e-04   4.7661e-02  -6.1164e-03
   1.0717e+00   6.2932e+02   4.2614e-04   4.5013e-02  -5.8363e-03
   1.0799e+00   6.3412e+02   3.6953e-04   4.2292e-02  -5.3516e-03
   1.0881e+00   6.3893e+02   1.9385e-04   3.9768e-02  -4.5709e-03
   1.0963e+00   6.4373e+02  -1.6836e-05   3.7752e-02  -3.5206e-03
   1.1045e+00   6.4854e+02  -1.9242e-04   3.6441e-02  -2.3448e-03
   1.1126e+00   6.5334e+02  -3.6100e-04   3.5819e-02  -1.2618e-03
   1.1208e+00   6.5814e+02  -5.8482e-04   3.5714e-02  -4.7504e-04
   1.1290e+00   6.6295e+02  -9.1525e-04   3.5975e-02  -1.0756e-04
   1.1372e+00   6.6775e+02  -1.3191e-03   3.6507e-02  -1.9951e-04
   1.1454e+00   6.7256e+02  -1.7175e-03   3.7223e-02  -7.2640e-04
   1.1536e+00   6.7736e+02  -2.0252e-03   3.8016e-02  -1.5748e-03
   1.1617e+00   6.8216e+02  -2.2185e-03   3.8781e-02  -2.5544e-03
   1.1699e+00   6.8697e+02  -2.2812e-03   3.9419e-02  -3.4501e-03
   1.1781e+00   6.9177e+02  -2.2282e-03   3.9830e-02  -4.0992e-03
   1.1863e+00   6.9658e+02  -2.1108e-03   3.9914e-02  -4.4564e-03
   1.1945e+00   7.0138e+02  -2.0162e-03   3.9629e-02  -4.5883e-03
   1.2026e+00   7.0618e+02  -1.9933e-03   3.9002e-02  -4.5821e-03
   1.2108e+00   7.1099e+02  -2.0386e-03   3.8099e-02  -4.5007e-03
   1.2190e+00   7.1579e+02  -2.0991e-03   3.7008e-02  -4.3583e-03
   1.2272e+00   7.2060e+02  -2.1327e-03   3.5833e-02  -4.1305e-03
   1.2354e+00   7.2540e+02  -2.0890e-03   3.4681e-02  -3.7876e-03
   1.2435e+00   7.3020e+02  -1.9387e-03   3.3661e-02  -3.3245e-03
   1.2517e+00   7.3501e+02  -1.6627e-03   3.2899e-02  -2.7740e-03
   1.2599e+00   7.3981e+02  -1.2959e-03   3.2489e-02  -2.2143e-03
   1.2681e+00   7.4462e+02  -9.2941e-04   3.2487e-02  -1.7372e-03
   1.2763e+00   7.4942e+02  -7.0344e-04   3.2904e-02  -1.4132e-03
   1.2845e+00   7.5422e+02  -6.8666e-04   3.3705e-02  -1.2489e-03
   1.2926e+00   7.5903e+02  -8.6365e-04   3.4726e-02  -1.2127e-03
   1.3008e+00   7.6383e+02  -1.1763e-03   3.5737e-02  -1.2494e-03
   1.3090e+00   7.6864e+02  -1.5740e-03   3.6604e-02  -1.2960e-03
   1.3172e+00   7.7344e+02  -1.9479e-03   3.7357e-02  -1.3120e-03
   1.3254e+00   7.7824e+02  -2.1899e-03   3.8127e-02  -1.3105e-03
   1.3335e+00   7.8305e+02  -2.2521e-03   3.9062e-02  -1.3391e-03
   1.3417e+00   7.8785e+02  -2.1487e-03   4.0204e-02  -1.4564e-03
   1.3499e+00   7.9266e+02  -1.8829e-03   4.1469e-02  -1.7198e-03
   1.3581e+00   7.9746e+02  -1.5030e-03   4.2767e-02  -2.1416e-03
   1.3663e+00   8.0226e+02  -1.1143e-03   4.4139e-02  -2.6639e-03
   1.3744e+00   8.0707e+02  -8.4460e-04   4.5683e-02  -3.2074e-03
   1.3826e+00   8.1187e+02  -7.5281e-04   4.7455e-02  -3.7365e-03
   1.3908e+00   8.1668e+02  -8.2916e-04   4.9415e-02  -4.2743e-03
   1.3990e+00   8.2148e+02  -9.8087e-04   5.1411e-02  -4.8560e-03
   1.4072e+00   8.2628e+02  -1.1347e-03   5.3204e-02  -5.4481e-03
   1.4154e+00   8.3109e+02  -1.2995e-03   5.4526e-02  -5.9524e-03
   1.4235e+00   8.3589e+02  -1.5397e-03   5.5199e-02  -6.2472e-03
   1.4317e+00   8.4070e+02  -1.8835e-03   5.5179e-02  -6.2323e-03
   1.4399e+00   8.4550e+02  -2.3562e-03   5.4573e-02  -5.8632e-03
   1.4481e+00   8.5030e+02  -2.9510e-03   5.3583e-02  -5.1704e-03
   1.4563e+00   8.5511e+02  -3.5901e-03   5.2418e-02  -4.2636e-03
   1.4644e+00   8.5991e+02  -4.1370e-03   5.1226e-02  -3.2871e-03
   1.4726e+00   8.6472e+02  -4.5134e-03   5.0091e-02  -2.3596e-03
   1.4808e+00   8.6952e+02  -4.6846e-03   4.9005e-02  -1.5603e-03
   1.4890e+00   8.7432e+02  -4.6410e-03   4.7866e-02  -9.4562e-04
   1.4972e+00   8.7913e+02  -4.3701e-03   4.6546e-02  -5.2999e-04
   1.5053e+00   8.8393e+02  -3.8640e-03   4.5016e-02  -2.5854e-04
   1.5135e+00   8.8874e+02  -3.0930e-03   4.3313e-02  -1.6993e-05
   1.5217e+00   8.9354e+02  -2.0635e-03   4.1481e-02   3.1031e-04
   1.5299e+00   8.9834e+02  -8.3444e-04   3.9607e-02   7.8308e-04
   1.5381e+00   9.0315e+02   4.7101e-04   3.7822e-02   1.3711e-03
   1.5463e+00   9.0795e+02   1.7297e-03   3.6275e-02   1.9748e-03
   1.5544e+00   9.1276e+02   2.8427e-03   3.5110e-02   2.4757e-03
   1.5626e+00   9.1756e+02   3.7713e-03   3.4419e-02   2.7859e-03
   1.5708e+00   9.2236e+02   4.4703e-03   3.4190e-02   2.8737e-03
   1.5790e+00   9.2717e+02   4.8734e-03   3.4295e-02   2.7676e-03
   1.5872e+00   9.3197e+02   4.8914e-03   3.4557e-02   2.5322e-03
   1.5953e+00   9.3677e+02   4.4963e-03   3.4825e-02   2.2489e-03
   1.6035e+00   9.4158e+02   3.7275e-03   3.5002e-02   1.9938e-03
   1.6117e+00   9.4638e+02   2.6641e-03   3.5059e-02   1.8333e-03
   1.6199e+00   9.5119e+02   1.3496e-03   3.5039e-02   1.8099e-03
   1.6281e+00   9.5599e+02  -1.6124e-04   3.5015e-02   1.9297e-03
   1.6362e+00   9.6079e+02  -1.7841e-03   3.5051e-02   2.1492e-03
   1.6444e+00   9.6560e+02  -3.4020e-03   3.5241e-02   2.3903e-03
   1.6526e+00   9.7040e+02  -4.9287e-03   3.5683e-02   2.5623e-03
   1.6608e+00   9.7521e+02  -6.2973e-03   3.6413e-02   2.6193e-03
   1.6690e+00   9.8001e+02  -7.4752e-03   3.7370e-02   2.5655e-03
   1.6772e+00   9.8481e+02  -8.4559e-03   3.8403e-02   2.4119e-03
   1.6853e+00   9.8962e+02  -9.2898e-03   3.9401e-02   2.1396e-03
   1.6935e+00   9.9442e+02  -1.0025e-02   4.0396e-02   1.7218e-03
   1.7017e+00   9.9923e+02  -1.0661e-02   4.1545e-02   1.1421e-03
   1.7099e+00   1.0040e+03  -1.1144e-02   4.2997e-02   3.9824e-04
   1.7181e+00   1.0088e+03  -1.1439e-02   4.4821e-02  -5.1948e-04
   1.7262e+00   1.0136e+03  -1.1525e-02   4.7047e-02  -1.5885e-03
   1.7344e+00   1.0184e+03  -1.1453e-02   4.9658e-02  -2.7472e-03
   1.7426e+00   1.0232e+03  -1.1323e-02   5.2542e-02  -3.8858e-03
   1.7508e+00   1.0281e+03  -1.1210e-02   5.5476e-02  -4.8681e-03
   1.7590e+00   1.0329e+03  -1.1106e-02   5.8191e-02  -5.5775e-03
   1.7671e+00   1.0377e+03  -1.1018e-02   6.0472e-02  -5.9702e-03
   1.7753e+00   1.0425e+03  -1.0964e-02   6.2255e-02  -6.0625e-03
   1.7835e+00   1.0473e+03  -1.0913e-02   6.3551e-02  -5.8987e-03
   1.7917e+00   1.0521e+03  -1.0725e-02   6.4359e-02  -5.5369e-03
   1.7999e+00   1.0569e+03  -1.0279e-02   6.4638e-02  -5.0286e-03
   1.8081e+00   1.0617e+03  -9.5659e-03   6.4399e-02  -4.3869e-03
   1.8162e+00   1.0665e+03  -8.6798e-03   6.3709e-02  -3.5924e-03
   1.8244e+00   1.0713e+03  -7.7226e-03   6.2710e-02  -2.6464e-03
   1.8326e+00   1.0761e+03  -6.7481e-03   6.1593e-02  -1.6067e-03
   1.8408e+00   1.0809e+03  -5.7615e-03   6.0543e-02  -5.7946e-04
   1.8490e+00   1.0857e+03  -4.8146e-03   5.9682e-02   3.1587e-04
   1.8571e+00   1.0905e+03  -3.9872e-03   5.9055e-02   9.9839e-04
   1.8653e+00   1.0953e+03  -3.3673e-03   5.8603e-02   1.4182e-03
   1.8735e+00   1.1001e+03  -2.9996e-03   5.8204e-02   1.5551e-03
   1.8817e+00   1.1049e+03  -2.8733e-03   5.7770e-02   1.4330e-03
   1.8899e+00   1.1097e+03  -2.8859e-03   5.7281e-02   1.1282e-03
   1.8980e+00   1.1145e+03  -2.9253e-03   5.6691e-02   7.3094e-04
   1.9062e+00   1.1193e+03  -2.9286e-03   5.5931e-02   3.0679e-04
   1.9144e+00   1.1241e+03  -2.9316e-03   5.5030e-02  -1.1399e-04
   1.9226e+00   1.1289e+03  -2.9794e-03   5.4150e-02  -5.5585e-04
   1.9308e+00   1.1337e+03  -3.0785e-03   5.3504e-02  -1.0918e-03
   1.9390e+00   1.1385e+03  -3.1775e-03   5.3230e-02  -1.7610e-03
   1.9471e+00   1.1433e+03  -3.2187e-03   5.3292e-02  -2.5052e-03
   1.9553e+00   1.1481e+03  -3.1548e-03   5.3561e-02  -3.1652e-03
   1.9635e+00   1.1530e+03  -2.9959e-03   5.3873e-02  -3.5960e-03
   1.9717e+00   1.1578e+03  -2.7486e-03   5.4125e-02  -3.7548e-03
   1.9799e+00   1.1626e+03  -2.4016e-03   5.4309e-02  -3.7092e-03
   1.9880e+00   1.1674e+03  -1.8999e-03   5.4496e-02  -3.5606e-03
   1.9962e+00   1.1722e+03  -1.2164e-03   5.4740e-02  -3.4052e-03
   2.0044e+00   1.1770e+03  -3.6884e-04   5.5075e-02  -3.3183e-03
   2.0126e+00   1.1818e+03   5.8800e-04   5.5566e-02  -3.3317e-03
   2.0208e+00   1.1866e+03   1.6167e-03   5.6286e-02  -3.4196e-03
   2.0289e+00   1.1914e+03   2.6370e-03   5.7171e-02  -3.5374e-03
   2.0371e+00   1.1962e+03   3.5455e-03   5.8023e-02  -3.6472e-03
   2.0453e+00   1.2010e+03   4.2547e-03   5.8569e-02  -3.7103e-03
   2.0535e+00   1.2058e+03   4.7905e-03   5.8617e-02  -3.6686e-03
   2.0617e+00   1.2106e+03   5.2469e-03   5.8187e-02  -3.4695e-03
   2.0699e+00   1.2154e+03   5.7149e-03   5.7472e-02  -3.1219e-03
   2.0780e+00   1.2202e+03   6.2250e-03   5.6734e-02  -2.7037e-03
   2.0862e+00   1.2250e+03   6.7728e-03   5.6189e-02  -2.2860e-03
   2.0944e+00   1.2298e+03   7.3108e-03   5.6022e-02  -1.8799e-03
   2.1026e+00   1.2346e+03   7.7953e-03   5.6311e-02  -1.4671e-03
   2.1108e+00   1.2394e+03   8.1947e-03   5.6956e-02  -1.0674e-03
   2.1189e+00   1.2442e+03   8.5162e-03   5.7727e-02  -7.6778e-04
   2.1271e+00   1.2490e+03   8.7624e-03   5.8441e-02  -6.7230e-04
   2.1353e+00   1.2538e+03   8.8998e-03   5.9030e-02  -8.1973e-04
   2.1435e+00   1.2586e+03   8.8449e-03   5.9508e-02  -1.1653e-03
   2.1517e+00   1.2634e+03   8.5671e-03   5.9931e-02  -1.6162e-03
   2.1598e+00   1.2682e+03   8.1127e-03   6.0368e-02  -2.0955e-03
   2.1680e+00   1.2731e+03   7.6374e-03   6.0906e-02  -2.5591e-03
   2.1762e+00   1.2779e+03   7.3183e-03   6.1600e-02  -3.0006e-03
   2.1844e+00   1.2827e+03   7.2644e-03   6.2517e-02  -3.4029e-03
   2.1926e+00   1.2875e+03   7.4651e-03   6.3715e-02  -3.7381e-03
   2.2008e+00   1.2923e+03   7.8781e-03   6.5235e-02  -3.9913e-03
   2.2089e+00   1.2971e+03   8.4064e-03   6.7053e-02  -4.1967e-03
   2.2171e+00   1.3019e+03   8.9198e-03   6.9112e-02  -4.3938e-03
   2.2253e+00   1.3067e+03   9.3216e-03   7.1348e-02  -4.5810e-03
   2.2335e+00   1.3115e+03   9.5931e-03   7.3685e-02  -4.7324e-03
   2.2417e+00   1.3163e+03   9.7066e-03   7.5998e-02  -4.8309e-03
   2.2498e+00   1.3211e+03   9.6323e-03   7.8102e-02  -4.8606e-03
   2.2580e+00   1.3259e+03   9.3707e-03   7.9811e-02  -4.7867e-03
   2.2662e+00   1.3307e+03   9.0027e-03   8.1023e-02  -4.5764e-03
   2.2744e+00   1.3355e+03   8.6142e-03   8.1767e-02  -4.2290e-03
   2.2826e+00   1.3403e+03   8.2760e-03   8.2188e-02  -3.7860e-03
   2.2907e+00   1.3451e+03   7.9782e-03   8.2485e-02  -3.2979e-03
   2.2989e+00   1.3499e+03   7.6318e-03   8.2790e-02  -2.7917e-03
   2.3071e+00   1.3547e+03   7.1041e-03   8.3116e-02  -2.2595e-03
   2.3153e+00   1.3595e+03   6.3491e-03   8.3394e-02  -1.7029e-03
   2.3235e+00   1.3643e+03   5.4244e-03   8.3569e-02  -1.1393e-03
   2.3317e+00   1.3691e+03   4.4628e-03   8.3696e-02  -6.0160e-04
   2.3398e+00   1.3739e+03   3.5692e-03   8.3897e-02  -1.4304e-04
   2.3480e+00   1.3787e+03   2.8336e-03   8.4272e-02   1.5912e-04
   2.3562e+00   1.3835e+03   2.2691e-03   8.4883e-02   2.3085e-04
   2.3644e+00   1.3883e+03   1.7750e-03   8.5771e-02   2.9878e-05
   2.3726e+00   1.3932e+03   1.1916e-03   8.6901e-02  -4.4106e-04
   2.3807e+00   1.3980e+03   4.7145e-04   8.8129e-02  -1.1535e-03
   2.3889e+00   1.4028e+03  -3.2603e-04   8.9294e-02  -2.0541e-03
   2.3971e+00   1.4076e+03  -1.0916e-03   9.0295e-02  -3.0882e-03
   2.4053e+00   1.4124e+03  -1.7325e-03   9.1067e-02  -4.1783e-03
   2.4135e+00   1.4172e+03  -2.1148e-03   9.1533e-02  -5.2034e-03
   2.4216e+00   1.4220e+03  -2.0926e-03   9.1653e-02  -6.0306e-03
   2.4298e+00   1.4268e+03  -1.5645e-03   9.1425e-02  -6.5858e-03
   2.4380e+00   1.4316e+03  -5.6680e-04   9.0886e-02  -6.8366e-03
   2.4462e+00   1.4364e+03   7.7362e-04   9.0112e-02  -6.7689e-03
   2.4544e+00   1.4412e+03   2.3158e-03   8.9232e-02  -6.4205e-03
   2.4626e+00   1.4460e+03   3.9540e-03   8.8399e-02  -5.9075e-03
   2.4707e+00   1.4508e+03   5.5680e-03   8.7747e-02  -5.3647e-03
   2.4789e+00   1.4556e+03   7.0569e-03   8.7326e-02  -4.8837e-03
   2.4871e+00   1.4604e+03   8.3319e-03   8.7100e-02  -4.5097e-03
   2.4953e+00   1.4652e+03   9.3414e-03   8.6966e-02  -4.2758e-03
   2.5035e+00   1.4700e+03   1.0076e-02   8.6864e-02  -4.1986e-03
   2.5116e+00   1.4748e+03   1.0606e-02   8.6781e-02  -4.2734e-03
   2.5198e+00   1.4796e+03   1.1029e-02   8.6720e-02  -4.4615e-03
   2.5280e+00   1.4844e+03   1.1442e-02   8.6663e-02  -4.6965e-03
   2.5362e+00   1.4892e+03   1.1884e-02   8.6593e-02  -4.9012e-03
   2.5444e+00   1.4940e+03   1.2397e-02   8.6508e-02  -5.0163e-03
   2.5525e+00   1.4988e+03   1.3011e-02   8.6440e-02  -5.0046e-03
   2.5607e+00   1.5036e+03   1.3767e-02   8.6388e-02  -4.8522e-03
   2.5689e+00   1.5084e+03   1.4692e-02   8.6294e-02  -4.5689e-03
   2.5771e+00   1.5133e+03   1.5795e-02   8.6103e-02  -4.1825e-03
   2.5853e+00   1.5181e+03   1.7032e-02   8.5793e-02  -3.7077e-03
   2.5935e+00   1.5229e+03   1.8380e-02   8.5328e-02  -3.1441e-03
   2.6016e+00   1.5277e+03   1.9819e-02   8.4613e-02  -2.5050e-03
   2.6098e+00   1.5325e+03   2.1289e-02   8.3598e-02  -1.8560e-03
   2.6180e+00   1.5373e+03   2.2641e-02   8.2354e-02  -1.3187e-03
   2.6262e+00   1.5421e+03   2.3725e-02   8.0985e-02  -1.0075e-03
   2.6344e+00   1.5469e+03   2.4434e-02   7.9533e-02  -9.6398e-04
   2.6425e+00   1.5517e+03   2.4763e-02   7.8027e-02  -1.1310e-03
   2.6507e+00   1.5565e+03   2.4760e-02   7.6562e-02  -1.4147e-03
   2.6589e+00   1.5613e+03   2.4537e-02   7.5262e-02  -1.7271e-03
   2.6671e+00   1.5661e+03   2.4222e-02   7.4168e-02  -1.9892e-03
   2.6753e+00   1.5709e+03   2.3950e-02   7.3204e-02  -2.1011e-03
   2.6834e+00   1.5757e+03   2.3825e-02   7.2226e-02  -1.9932e-03
   2.6916e+00   1.5805e+03   2.3930e-02   7.1143e-02  -1.6597e-03
   2.6998e+00   1.5853e+03   2.4308e-02   6.9966e-02  -1.1654e-03
   2.7080e+00   1.5901e+03   2.4989e-02   6.8774e-02  -6.2738e-04
   2.7162e+00   1.5949e+03   2.6042e-02   6.7687e-02  -1.8301e-04
   2.7243e+00   1.5997e+03   2.7618e-02   6.6829e-02   4.5375e-05
   2.7325e+00   1.6045e+03   2.9780e-02   6.6325e-02  -3.3748e-05
   2.7407e+00   1.6093e+03   3.2418e-02   6.6260e-02  -4.3530e-04
   2.7489e+00   1.6141e+03   3.5290e-02   6.6643e-02  -1.0768e-03
   2.7571e+00   1.6189e+03   3.8139e-02   6.7358e-02  -1.8262e-03
   2.7653e+00   1.6237e+03   4.0725e-02   6.8148e-02  -2.5536e-03
   2.7734e+00   1.6285e+03   4.2938e-02   6.8734e-02  -3.1186e-03
   2.7816e+00   1.6334e+03   4.4767e-02   6.8930e-02  -3.3888e-03
   2.7898e+00   1.6382e+03   4.6257e-02   6.8643e-02  -3.2923e-03
   2.7980e+00   1.6430e+03   4.7478e-02   6.7810e-02  -2.8592e-03
   2.8062e+00   1.6478e+03   4.8545e-02   6.6391e-02  -2.2355e-03
   2.8143e+00   1.6526e+03   4.9559e-02   6.4412e-02  -1.6210e-03
   2.8225e+00   1.6574e+03   5.0654e-02   6.1974e-02  -1.1514e-03
   2.8307e+00   1.6622e+03   5.1973e-02   5.9221e-02  -8.4074e-04
   2.8389e+00   1.6670e+03   5.3658e-02   5.6294e-02  -5.7924e-04
   2.8471e+00   1.6718e+03   5.5799e-02   5.3259e-02  -2.1073e-04
   2.8552e+00   1.6766e+03   5.8458e-02   5.0155e-02   3.9309e-04
   2.8634e+00   1.6814e+03   6.1650e-02   4.7031e-02   1.2589e-03
   2.8716e+00   1.6862e+03   6.5366e-02   4.3949e-02   2.2994e-03
   2.8798e+00   1.6910e+03   6.9558e-02   4.0933e-02   3.3872e-03
   2.8880e+00   1.6958e+03   7.4143e-02   3.7954e-02   4.4397e-03
   2.8962e+00   1.7006e+03   7.8999e-02   3.5023e-02   5.4323e-03
   2.9043e+00   1.7054e+03   8.4040e-02   3.2226e-02   6.3475e-03
   2.9125e+00   1.7102e+03   8.9242e-02   2.9720e-02   7.1769e-03
   2.9207e+00   1.7150e+03   9.4664e-02   2.7681e-02   7.9415e-03
   2.9289e+00   1.7198e+03   1.0042e-01   2.6314e-02   8.7157e-03
   2.9371e+00   1.7246e+03   1.0667e-01   2.5801e-02   9.6134e-03
   2.9452e+00   1.7294e+03   1.1353e-01   2.6311e-02   1.0786e-02
   2.9534e+00   1.7342e+03   1.2103e-01   2.7998e-02   1.2343e-02
   2.9616e+00   1.7390e+03   1.2912e-01   3.1077e-02   1.4292e-02
   2.9698e+00   1.7438e+03   1.3777e-01   3.5889e-02   1.6486e-02
   2.9780e+00   1.7486e+03   1.4691e-01   4.2903e-02   1.8649e-02
   2.9861e+00   1.7535e+03   1.5641e-01   5.2633e-02   2.0405e-02
   2.9943e+00   1.7583e+03   1.6594e-01   6.5666e-02   2.1373e-02
   3.0025e+00   1.7631e+03   1.7502e-01   8.2651e-02   2.1244e-02
   3.0107e+00   1.7679e+03   1.8301e-01   1.0434e-01   1.9802e-02
   3.0189e+00   1.7727e+03   1.8902e-01   1.3143e-01   1.6875e-02
   3.0271e+00   1.7775e+03   1.9181e-01   1.6455e-01   1.2319e-02
   3.0352e+00   1.7823e+03   1.8975e-01   2.0411e-01   5.9847e-03
   3.0434e+00   1.7871e+03   1.8070e-01   2.5039e-01  -2.2895e-03
   3.0516e+00   1.7919e+03   1.6205e-01   3.0349e-01  -1.2681e-02
   3.0598e+00   1.7967e+03   1.3073e-01   3.6309e-01  -2.5316e-02
   3.0680e+00   1.8015e+03   8.3351e-02   4.2824e-01  -4.0177e-02
   3.0761e+00   1.8063e+03   1.6548e-02   4.9714e-01  -5.6951e-02
   3.0843e+00   1.8111e+03  -7.2452e-02   5.6690e-01  -7.4883e-02
   3.0925e+00   1.8159e+03  -1.8479e-01   6.3360e-01  -9.2659e-02
   3.1007e+00   1.8207e+03  -3.1861e-01   6.9253e-01  -1.0851e-01
   3.1089e+00   1.8255e+03  -4.6705e-01   7.3882e-01  -1.2059e-01
   3.1170e+00   1.8303e+03  -6.1637e-01   7.6882e-01  -1.2769e-01
   3.1252e+00   1.8351e+03  -7.4569e-01   7.8215e-01  -1.3010e-01
   3.1334e+00   1.8399e+03  -8.3236e-01   7.8371e-01  -1.2997e-01
