# The data in this file was extracted from a direct numerical
# simulation of fully developed plane turbulent channel
# flow. Particulars are listed below. Note that some of the statistical
# quantities provided in this data set should be zero due to
# (statistical) symmetries in the flow. These quantities are reported
# here none-the-less as an indicator of the quality of the statistics.
# more statistics from this data set are available at 
# http://www.tam.uiuc.edu/Faculty/Moser/channel 
#
# Authors: Moser, Kim & Mansour
# Reference: DNS of Turbulent Channel Flow up to Re_tau=590, 1999,
#            Physics of Fluids, vol 11, 943-945.
# Numerical Method: Kim, Moin & Moser, 1987, J. Fluid Mech. vol 177, 133-166 
# Re_tau = 587.19
# Normalization: U_tau, h 
# Description: Spanwise (z) Two-point cross correlations of velocity and pressure at indicated y-location 
# Filename: chan590/correlations/chan590.zccorr.349 
# Date File Created: Feb 29, 2000 
#
#---End of Header---
# 
# nz = 384,  Re = 587.19,  y = 0.59476,  y+ = 349.24
#      dz           dz+         R_uv         R_up         R_vp
#
   0.0000e+00   0.0000e+00  -3.8766e-01   2.8450e-01  -5.4948e-02
   8.1812e-03   4.8040e+00  -3.8659e-01   2.8444e-01  -5.4778e-02
   1.6362e-02   9.6079e+00  -3.8264e-01   2.8361e-01  -5.4769e-02
   2.4544e-02   1.4412e+01  -3.7598e-01   2.8207e-01  -5.4844e-02
   3.2725e-02   1.9216e+01  -3.6693e-01   2.7989e-01  -5.4915e-02
   4.0906e-02   2.4020e+01  -3.5585e-01   2.7715e-01  -5.4900e-02
   4.9087e-02   2.8824e+01  -3.4316e-01   2.7391e-01  -5.4739e-02
   5.7269e-02   3.3628e+01  -3.2924e-01   2.7025e-01  -5.4394e-02
   6.5450e-02   3.8432e+01  -3.1444e-01   2.6622e-01  -5.3848e-02
   7.3631e-02   4.3236e+01  -2.9909e-01   2.6187e-01  -5.3104e-02
   8.1812e-02   4.8040e+01  -2.8343e-01   2.5723e-01  -5.2180e-02
   8.9994e-02   5.2844e+01  -2.6768e-01   2.5234e-01  -5.1103e-02
   9.8175e-02   5.7648e+01  -2.5202e-01   2.4721e-01  -4.9908e-02
   1.0636e-01   6.2452e+01  -2.3658e-01   2.4188e-01  -4.8628e-02
   1.1454e-01   6.7256e+01  -2.2147e-01   2.3637e-01  -4.7291e-02
   1.2272e-01   7.2060e+01  -2.0675e-01   2.3070e-01  -4.5921e-02
   1.3090e-01   7.6864e+01  -1.9248e-01   2.2489e-01  -4.4536e-02
   1.3908e-01   8.1668e+01  -1.7869e-01   2.1897e-01  -4.3147e-02
   1.4726e-01   8.6472e+01  -1.6538e-01   2.1297e-01  -4.1761e-02
   1.5544e-01   9.1275e+01  -1.5255e-01   2.0690e-01  -4.0386e-02
   1.6362e-01   9.6079e+01  -1.4020e-01   2.0078e-01  -3.9027e-02
   1.7181e-01   1.0088e+02  -1.2831e-01   1.9463e-01  -3.7690e-02
   1.7999e-01   1.0569e+02  -1.1685e-01   1.8847e-01  -3.6383e-02
   1.8817e-01   1.1049e+02  -1.0582e-01   1.8230e-01  -3.5111e-02
   1.9635e-01   1.1530e+02  -9.5192e-02   1.7615e-01  -3.3876e-02
   2.0453e-01   1.2010e+02  -8.4956e-02   1.7001e-01  -3.2681e-02
   2.1271e-01   1.2490e+02  -7.5097e-02   1.6389e-01  -3.1523e-02
   2.2089e-01   1.2971e+02  -6.5604e-02   1.5780e-01  -3.0402e-02
   2.2907e-01   1.3451e+02  -5.6466e-02   1.5175e-01  -2.9312e-02
   2.3726e-01   1.3932e+02  -4.7677e-02   1.4575e-01  -2.8252e-02
   2.4544e-01   1.4412e+02  -3.9229e-02   1.3979e-01  -2.7216e-02
   2.5362e-01   1.4892e+02  -3.1120e-02   1.3389e-01  -2.6202e-02
   2.6180e-01   1.5373e+02  -2.3345e-02   1.2807e-01  -2.5205e-02
   2.6998e-01   1.5853e+02  -1.5904e-02   1.2231e-01  -2.4222e-02
   2.7816e-01   1.6334e+02  -8.7942e-03   1.1664e-01  -2.3251e-02
   2.8634e-01   1.6814e+02  -2.0160e-03   1.1106e-01  -2.2289e-02
   2.9452e-01   1.7294e+02   4.4326e-03   1.0557e-01  -2.1338e-02
   3.0271e-01   1.7775e+02   1.0555e-02   1.0016e-01  -2.0400e-02
   3.1089e-01   1.8255e+02   1.6356e-02   9.4849e-02  -1.9478e-02
   3.1907e-01   1.8735e+02   2.1843e-02   8.9623e-02  -1.8578e-02
   3.2725e-01   1.9216e+02   2.7022e-02   8.4489e-02  -1.7705e-02
   3.3543e-01   1.9696e+02   3.1899e-02   7.9448e-02  -1.6865e-02
   3.4361e-01   2.0177e+02   3.6484e-02   7.4503e-02  -1.6063e-02
   3.5179e-01   2.0657e+02   4.0784e-02   6.9659e-02  -1.5304e-02
   3.5997e-01   2.1137e+02   4.4809e-02   6.4916e-02  -1.4591e-02
   3.6816e-01   2.1618e+02   4.8572e-02   6.0276e-02  -1.3927e-02
   3.7634e-01   2.2098e+02   5.2081e-02   5.5740e-02  -1.3311e-02
   3.8452e-01   2.2579e+02   5.5349e-02   5.1306e-02  -1.2745e-02
   3.9270e-01   2.3059e+02   5.8386e-02   4.6976e-02  -1.2228e-02
   4.0088e-01   2.3539e+02   6.1202e-02   4.2750e-02  -1.1756e-02
   4.0906e-01   2.4020e+02   6.3808e-02   3.8631e-02  -1.1326e-02
   4.1724e-01   2.4500e+02   6.6215e-02   3.4621e-02  -1.0931e-02
   4.2542e-01   2.4981e+02   6.8432e-02   3.0720e-02  -1.0564e-02
   4.3361e-01   2.5461e+02   7.0471e-02   2.6927e-02  -1.0215e-02
   4.4179e-01   2.5941e+02   7.2340e-02   2.3238e-02  -9.8765e-03
   4.4997e-01   2.6422e+02   7.4045e-02   1.9652e-02  -9.5410e-03
   4.5815e-01   2.6902e+02   7.5592e-02   1.6163e-02  -9.2027e-03
   4.6633e-01   2.7383e+02   7.6984e-02   1.2768e-02  -8.8570e-03
   4.7451e-01   2.7863e+02   7.8223e-02   9.4632e-03  -8.5000e-03
   4.8269e-01   2.8343e+02   7.9311e-02   6.2435e-03  -8.1278e-03
   4.9087e-01   2.8824e+02   8.0252e-02   3.1037e-03  -7.7368e-03
   4.9906e-01   2.9304e+02   8.1047e-02   3.9388e-05  -7.3238e-03
   5.0724e-01   2.9785e+02   8.1700e-02  -2.9527e-03  -6.8878e-03
   5.1542e-01   3.0265e+02   8.2213e-02  -5.8747e-03  -6.4295e-03
   5.2360e-01   3.0745e+02   8.2591e-02  -8.7266e-03  -5.9523e-03
   5.3178e-01   3.1226e+02   8.2838e-02  -1.1507e-02  -5.4614e-03
   5.3996e-01   3.1706e+02   8.2962e-02  -1.4212e-02  -4.9623e-03
   5.4814e-01   3.2187e+02   8.2969e-02  -1.6837e-02  -4.4605e-03
   5.5632e-01   3.2667e+02   8.2869e-02  -1.9379e-02  -3.9604e-03
   5.6450e-01   3.3147e+02   8.2668e-02  -2.1834e-02  -3.4645e-03
   5.7269e-01   3.3628e+02   8.2375e-02  -2.4199e-02  -2.9742e-03
   5.8087e-01   3.4108e+02   8.1998e-02  -2.6474e-02  -2.4895e-03
   5.8905e-01   3.4589e+02   8.1544e-02  -2.8657e-02  -2.0102e-03
   5.9723e-01   3.5069e+02   8.1020e-02  -3.0745e-02  -1.5359e-03
   6.0541e-01   3.5549e+02   8.0433e-02  -3.2737e-02  -1.0663e-03
   6.1359e-01   3.6030e+02   7.9791e-02  -3.4631e-02  -6.0130e-04
   6.2177e-01   3.6510e+02   7.9105e-02  -3.6425e-02  -1.4073e-04
   6.2995e-01   3.6991e+02   7.8383e-02  -3.8119e-02   3.1529e-04
   6.3814e-01   3.7471e+02   7.7637e-02  -3.9716e-02   7.6602e-04
   6.4632e-01   3.7951e+02   7.6877e-02  -4.1220e-02   1.2098e-03
   6.5450e-01   3.8432e+02   7.6114e-02  -4.2639e-02   1.6438e-03
   6.6268e-01   3.8912e+02   7.5356e-02  -4.3979e-02   2.0647e-03
   6.7086e-01   3.9393e+02   7.4611e-02  -4.5248e-02   2.4688e-03
   6.7904e-01   3.9873e+02   7.3882e-02  -4.6451e-02   2.8530e-03
   6.8722e-01   4.0353e+02   7.3174e-02  -4.7593e-02   3.2143e-03
   6.9540e-01   4.0834e+02   7.2489e-02  -4.8679e-02   3.5502e-03
   7.0359e-01   4.1314e+02   7.1829e-02  -4.9713e-02   3.8580e-03
   7.1177e-01   4.1795e+02   7.1196e-02  -5.0698e-02   4.1354e-03
   7.1995e-01   4.2275e+02   7.0586e-02  -5.1635e-02   4.3807e-03
   7.2813e-01   4.2755e+02   6.9998e-02  -5.2526e-02   4.5932e-03
   7.3631e-01   4.3236e+02   6.9427e-02  -5.3368e-02   4.7731e-03
   7.4449e-01   4.3716e+02   6.8869e-02  -5.4161e-02   4.9221e-03
   7.5267e-01   4.4197e+02   6.8323e-02  -5.4903e-02   5.0426e-03
   7.6085e-01   4.4677e+02   6.7785e-02  -5.5592e-02   5.1377e-03
   7.6904e-01   4.5157e+02   6.7254e-02  -5.6224e-02   5.2097e-03
   7.7722e-01   4.5638e+02   6.6727e-02  -5.6801e-02   5.2601e-03
   7.8540e-01   4.6118e+02   6.6201e-02  -5.7322e-02   5.2889e-03
   7.9358e-01   4.6599e+02   6.5668e-02  -5.7786e-02   5.2951e-03
   8.0176e-01   4.7079e+02   6.5124e-02  -5.8195e-02   5.2763e-03
   8.0994e-01   4.7559e+02   6.4560e-02  -5.8546e-02   5.2302e-03
   8.1812e-01   4.8040e+02   6.3966e-02  -5.8840e-02   5.1548e-03
   8.2630e-01   4.8520e+02   6.3333e-02  -5.9074e-02   5.0495e-03
   8.3449e-01   4.9001e+02   6.2653e-02  -5.9247e-02   4.9156e-03
   8.4267e-01   4.9481e+02   6.1917e-02  -5.9358e-02   4.7564e-03
   8.5085e-01   4.9961e+02   6.1118e-02  -5.9405e-02   4.5768e-03
   8.5903e-01   5.0442e+02   6.0256e-02  -5.9390e-02   4.3825e-03
   8.6721e-01   5.0922e+02   5.9327e-02  -5.9312e-02   4.1791e-03
   8.7539e-01   5.1403e+02   5.8337e-02  -5.9173e-02   3.9713e-03
   8.8357e-01   5.1883e+02   5.7289e-02  -5.8974e-02   3.7630e-03
   8.9175e-01   5.2363e+02   5.6192e-02  -5.8717e-02   3.5570e-03
   8.9994e-01   5.2844e+02   5.5053e-02  -5.8403e-02   3.3556e-03
   9.0812e-01   5.3324e+02   5.3881e-02  -5.8033e-02   3.1610e-03
   9.1630e-01   5.3805e+02   5.2683e-02  -5.7611e-02   2.9753e-03
   9.2448e-01   5.4285e+02   5.1464e-02  -5.7141e-02   2.8004e-03
   9.3266e-01   5.4765e+02   5.0226e-02  -5.6628e-02   2.6378e-03
   9.4084e-01   5.5246e+02   4.8973e-02  -5.6078e-02   2.4889e-03
   9.4902e-01   5.5726e+02   4.7701e-02  -5.5501e-02   2.3549e-03
   9.5720e-01   5.6206e+02   4.6411e-02  -5.4904e-02   2.2368e-03
   9.6539e-01   5.6687e+02   4.5098e-02  -5.4294e-02   2.1351e-03
   9.7357e-01   5.7167e+02   4.3760e-02  -5.3676e-02   2.0494e-03
   9.8175e-01   5.7648e+02   4.2396e-02  -5.3050e-02   1.9779e-03
   9.8993e-01   5.8128e+02   4.1009e-02  -5.2415e-02   1.9175e-03
   9.9811e-01   5.8608e+02   3.9603e-02  -5.1767e-02   1.8638e-03
   1.0063e+00   5.9089e+02   3.8183e-02  -5.1100e-02   1.8116e-03
   1.0145e+00   5.9569e+02   3.6755e-02  -5.0409e-02   1.7556e-03
   1.0227e+00   6.0050e+02   3.5324e-02  -4.9689e-02   1.6918e-03
   1.0308e+00   6.0530e+02   3.3892e-02  -4.8937e-02   1.6176e-03
   1.0390e+00   6.1010e+02   3.2460e-02  -4.8153e-02   1.5310e-03
   1.0472e+00   6.1491e+02   3.1031e-02  -4.7334e-02   1.4305e-03
   1.0554e+00   6.1971e+02   2.9606e-02  -4.6481e-02   1.3138e-03
   1.0636e+00   6.2452e+02   2.8190e-02  -4.5595e-02   1.1791e-03
   1.0717e+00   6.2932e+02   2.6788e-02  -4.4675e-02   1.0243e-03
   1.0799e+00   6.3412e+02   2.5406e-02  -4.3720e-02   8.4785e-04
   1.0881e+00   6.3893e+02   2.4050e-02  -4.2734e-02   6.4798e-04
   1.0963e+00   6.4373e+02   2.2725e-02  -4.1720e-02   4.2255e-04
   1.1045e+00   6.4854e+02   2.1436e-02  -4.0681e-02   1.6920e-04
   1.1126e+00   6.5334e+02   2.0187e-02  -3.9625e-02  -1.1398e-04
   1.1208e+00   6.5814e+02   1.8982e-02  -3.8556e-02  -4.2779e-04
   1.1290e+00   6.6295e+02   1.7823e-02  -3.7477e-02  -7.7164e-04
   1.1372e+00   6.6775e+02   1.6711e-02  -3.6389e-02  -1.1436e-03
   1.1454e+00   6.7256e+02   1.5642e-02  -3.5291e-02  -1.5407e-03
   1.1536e+00   6.7736e+02   1.4614e-02  -3.4181e-02  -1.9594e-03
   1.1617e+00   6.8216e+02   1.3621e-02  -3.3058e-02  -2.3960e-03
   1.1699e+00   6.8697e+02   1.2655e-02  -3.1917e-02  -2.8469e-03
   1.1781e+00   6.9177e+02   1.1713e-02  -3.0759e-02  -3.3085e-03
   1.1863e+00   6.9658e+02   1.0790e-02  -2.9582e-02  -3.7780e-03
   1.1945e+00   7.0138e+02   9.8862e-03  -2.8388e-02  -4.2524e-03
   1.2026e+00   7.0618e+02   9.0015e-03  -2.7179e-02  -4.7289e-03
   1.2108e+00   7.1099e+02   8.1382e-03  -2.5958e-02  -5.2042e-03
   1.2190e+00   7.1579e+02   7.2980e-03  -2.4731e-02  -5.6753e-03
   1.2272e+00   7.2060e+02   6.4814e-03  -2.3504e-02  -6.1392e-03
   1.2354e+00   7.2540e+02   5.6887e-03  -2.2280e-02  -6.5934e-03
   1.2435e+00   7.3020e+02   4.9211e-03  -2.1067e-02  -7.0356e-03
   1.2517e+00   7.3501e+02   4.1805e-03  -1.9868e-02  -7.4632e-03
   1.2599e+00   7.3981e+02   3.4696e-03  -1.8688e-02  -7.8734e-03
   1.2681e+00   7.4462e+02   2.7899e-03  -1.7530e-02  -8.2629e-03
   1.2763e+00   7.4942e+02   2.1412e-03  -1.6396e-02  -8.6273e-03
   1.2845e+00   7.5422e+02   1.5213e-03  -1.5292e-02  -8.9623e-03
   1.2926e+00   7.5903e+02   9.2720e-04  -1.4220e-02  -9.2634e-03
   1.3008e+00   7.6383e+02   3.5553e-04  -1.3184e-02  -9.5269e-03
   1.3090e+00   7.6864e+02  -1.9659e-04  -1.2187e-02  -9.7501e-03
   1.3172e+00   7.7344e+02  -7.3129e-04  -1.1234e-02  -9.9317e-03
   1.3254e+00   7.7824e+02  -1.2502e-03  -1.0326e-02  -1.0071e-02
   1.3335e+00   7.8305e+02  -1.7546e-03  -9.4659e-03  -1.0169e-02
   1.3417e+00   7.8785e+02  -2.2452e-03  -8.6558e-03  -1.0227e-02
   1.3499e+00   7.9266e+02  -2.7223e-03  -7.8974e-03  -1.0248e-02
   1.3581e+00   7.9746e+02  -3.1856e-03  -7.1907e-03  -1.0234e-02
   1.3663e+00   8.0226e+02  -3.6346e-03  -6.5334e-03  -1.0193e-02
   1.3744e+00   8.0707e+02  -4.0694e-03  -5.9218e-03  -1.0129e-02
   1.3826e+00   8.1187e+02  -4.4911e-03  -5.3505e-03  -1.0053e-02
   1.3908e+00   8.1668e+02  -4.9012e-03  -4.8137e-03  -9.9722e-03
   1.3990e+00   8.2148e+02  -5.3011e-03  -4.3061e-03  -9.8972e-03
   1.4072e+00   8.2628e+02  -5.6911e-03  -3.8233e-03  -9.8356e-03
   1.4154e+00   8.3109e+02  -6.0698e-03  -3.3628e-03  -9.7928e-03
   1.4235e+00   8.3589e+02  -6.4339e-03  -2.9244e-03  -9.7718e-03
   1.4317e+00   8.4070e+02  -6.7783e-03  -2.5101e-03  -9.7724e-03
   1.4399e+00   8.4550e+02  -7.0977e-03  -2.1235e-03  -9.7925e-03
   1.4481e+00   8.5030e+02  -7.3866e-03  -1.7690e-03  -9.8282e-03
   1.4563e+00   8.5511e+02  -7.6398e-03  -1.4511e-03  -9.8748e-03
   1.4644e+00   8.5991e+02  -7.8522e-03  -1.1733e-03  -9.9274e-03
   1.4726e+00   8.6472e+02  -8.0194e-03  -9.3736e-04  -9.9812e-03
   1.4808e+00   8.6952e+02  -8.1372e-03  -7.4289e-04  -1.0032e-02
   1.4890e+00   8.7432e+02  -8.2025e-03  -5.8776e-04  -1.0075e-02
   1.4972e+00   8.7913e+02  -8.2139e-03  -4.6867e-04  -1.0107e-02
   1.5053e+00   8.8393e+02  -8.1724e-03  -3.8197e-04  -1.0125e-02
   1.5135e+00   8.8874e+02  -8.0817e-03  -3.2469e-04  -1.0126e-02
   1.5217e+00   8.9354e+02  -7.9482e-03  -2.9513e-04  -1.0108e-02
   1.5299e+00   8.9834e+02  -7.7797e-03  -2.9315e-04  -1.0072e-02
   1.5381e+00   9.0315e+02  -7.5843e-03  -3.1979e-04  -1.0017e-02
   1.5463e+00   9.0795e+02  -7.3696e-03  -3.7660e-04  -9.9449e-03
   1.5544e+00   9.1276e+02  -7.1418e-03  -4.6498e-04  -9.8575e-03
   1.5626e+00   9.1756e+02  -6.9052e-03  -5.8561e-04  -9.7555e-03
   1.5708e+00   9.2236e+02  -6.6626e-03  -7.3835e-04  -9.6396e-03
   1.5790e+00   9.2717e+02  -6.4156e-03  -9.2237e-04  -9.5103e-03
   1.5872e+00   9.3197e+02  -6.1645e-03  -1.1362e-03  -9.3684e-03
   1.5953e+00   9.3677e+02  -5.9093e-03  -1.3777e-03  -9.2147e-03
   1.6035e+00   9.4158e+02  -5.6494e-03  -1.6435e-03  -9.0501e-03
   1.6117e+00   9.4638e+02  -5.3840e-03  -1.9292e-03  -8.8753e-03
   1.6199e+00   9.5119e+02  -5.1122e-03  -2.2299e-03  -8.6899e-03
   1.6281e+00   9.5599e+02  -4.8331e-03  -2.5406e-03  -8.4930e-03
   1.6362e+00   9.6079e+02  -4.5463e-03  -2.8572e-03  -8.2832e-03
   1.6444e+00   9.6560e+02  -4.2516e-03  -3.1769e-03  -8.0596e-03
   1.6526e+00   9.7040e+02  -3.9502e-03  -3.4988e-03  -7.8224e-03
   1.6608e+00   9.7521e+02  -3.6453e-03  -3.8241e-03  -7.5725e-03
   1.6690e+00   9.8001e+02  -3.3418e-03  -4.1557e-03  -7.3112e-03
   1.6772e+00   9.8481e+02  -3.0455e-03  -4.4972e-03  -7.0395e-03
   1.6853e+00   9.8962e+02  -2.7627e-03  -4.8517e-03  -6.7576e-03
   1.6935e+00   9.9442e+02  -2.4995e-03  -5.2211e-03  -6.4653e-03
   1.7017e+00   9.9923e+02  -2.2620e-03  -5.6059e-03  -6.1623e-03
   1.7099e+00   1.0040e+03  -2.0554e-03  -6.0050e-03  -5.8481e-03
   1.7181e+00   1.0088e+03  -1.8828e-03  -6.4162e-03  -5.5226e-03
   1.7262e+00   1.0136e+03  -1.7438e-03  -6.8353e-03  -5.1863e-03
   1.7344e+00   1.0184e+03  -1.6346e-03  -7.2576e-03  -4.8408e-03
   1.7426e+00   1.0232e+03  -1.5491e-03  -7.6777e-03  -4.4892e-03
   1.7508e+00   1.0281e+03  -1.4803e-03  -8.0915e-03  -4.1359e-03
   1.7590e+00   1.0329e+03  -1.4213e-03  -8.4959e-03  -3.7859e-03
   1.7671e+00   1.0377e+03  -1.3658e-03  -8.8896e-03  -3.4439e-03
   1.7753e+00   1.0425e+03  -1.3089e-03  -9.2730e-03  -3.1133e-03
   1.7835e+00   1.0473e+03  -1.2466e-03  -9.6482e-03  -2.7961e-03
   1.7917e+00   1.0521e+03  -1.1757e-03  -1.0019e-02  -2.4932e-03
   1.7999e+00   1.0569e+03  -1.0935e-03  -1.0390e-02  -2.2044e-03
   1.8081e+00   1.0617e+03  -9.9716e-04  -1.0767e-02  -1.9285e-03
   1.8162e+00   1.0665e+03  -8.8332e-04  -1.1157e-02  -1.6629e-03
   1.8244e+00   1.0713e+03  -7.4761e-04  -1.1566e-02  -1.4039e-03
   1.8326e+00   1.0761e+03  -5.8494e-04  -1.2003e-02  -1.1473e-03
   1.8408e+00   1.0809e+03  -3.9043e-04  -1.2477e-02  -8.8912e-04
   1.8490e+00   1.0857e+03  -1.6043e-04  -1.2995e-02  -6.2666e-04
   1.8571e+00   1.0905e+03   1.0676e-04  -1.3566e-02  -3.5822e-04
   1.8653e+00   1.0953e+03   4.1101e-04  -1.4194e-02  -8.2366e-05
   1.8735e+00   1.1001e+03   7.5112e-04  -1.4885e-02   2.0292e-04
   1.8817e+00   1.1049e+03   1.1259e-03  -1.5640e-02   5.0063e-04
   1.8899e+00   1.1097e+03   1.5355e-03  -1.6460e-02   8.1435e-04
   1.8980e+00   1.1145e+03   1.9813e-03  -1.7343e-02   1.1476e-03
   1.9062e+00   1.1193e+03   2.4667e-03  -1.8288e-02   1.5025e-03
   1.9144e+00   1.1241e+03   2.9959e-03  -1.9291e-02   1.8795e-03
   1.9226e+00   1.1289e+03   3.5729e-03  -2.0349e-02   2.2764e-03
   1.9308e+00   1.1337e+03   4.2000e-03  -2.1457e-02   2.6891e-03
   1.9390e+00   1.1385e+03   4.8766e-03  -2.2611e-02   3.1125e-03
   1.9471e+00   1.1433e+03   5.5995e-03  -2.3804e-02   3.5413e-03
   1.9553e+00   1.1481e+03   6.3633e-03  -2.5032e-02   3.9715e-03
   1.9635e+00   1.1530e+03   7.1622e-03  -2.6288e-02   4.4003e-03
   1.9717e+00   1.1578e+03   7.9919e-03  -2.7565e-02   4.8260e-03
   1.9799e+00   1.1626e+03   8.8508e-03  -2.8860e-02   5.2476e-03
   1.9880e+00   1.1674e+03   9.7394e-03  -3.0166e-02   5.6635e-03
   1.9962e+00   1.1722e+03   1.0660e-02  -3.1480e-02   6.0713e-03
   2.0044e+00   1.1770e+03   1.1616e-02  -3.2801e-02   6.4676e-03
   2.0126e+00   1.1818e+03   1.2611e-02  -3.4127e-02   6.8491e-03
   2.0208e+00   1.1866e+03   1.3648e-02  -3.5457e-02   7.2130e-03
   2.0289e+00   1.1914e+03   1.4728e-02  -3.6790e-02   7.5573e-03
   2.0371e+00   1.1962e+03   1.5850e-02  -3.8121e-02   7.8812e-03
   2.0453e+00   1.2010e+03   1.7013e-02  -3.9448e-02   8.1843e-03
   2.0535e+00   1.2058e+03   1.8212e-02  -4.0766e-02   8.4670e-03
   2.0617e+00   1.2106e+03   1.9443e-02  -4.2071e-02   8.7300e-03
   2.0699e+00   1.2154e+03   2.0703e-02  -4.3360e-02   8.9741e-03
   2.0780e+00   1.2202e+03   2.1987e-02  -4.4631e-02   9.2002e-03
   2.0862e+00   1.2250e+03   2.3289e-02  -4.5883e-02   9.4085e-03
   2.0944e+00   1.2298e+03   2.4605e-02  -4.7117e-02   9.5990e-03
   2.1026e+00   1.2346e+03   2.5932e-02  -4.8335e-02   9.7712e-03
   2.1108e+00   1.2394e+03   2.7266e-02  -4.9540e-02   9.9248e-03
   2.1189e+00   1.2442e+03   2.8604e-02  -5.0736e-02   1.0060e-02
   2.1271e+00   1.2490e+03   2.9945e-02  -5.1923e-02   1.0177e-02
   2.1353e+00   1.2538e+03   3.1286e-02  -5.3104e-02   1.0279e-02
   2.1435e+00   1.2586e+03   3.2627e-02  -5.4279e-02   1.0365e-02
   2.1517e+00   1.2634e+03   3.3969e-02  -5.5446e-02   1.0439e-02
   2.1598e+00   1.2682e+03   3.5315e-02  -5.6601e-02   1.0504e-02
   2.1680e+00   1.2731e+03   3.6666e-02  -5.7741e-02   1.0563e-02
   2.1762e+00   1.2779e+03   3.8025e-02  -5.8861e-02   1.0620e-02
   2.1844e+00   1.2827e+03   3.9389e-02  -5.9954e-02   1.0677e-02
   2.1926e+00   1.2875e+03   4.0758e-02  -6.1016e-02   1.0739e-02
   2.2008e+00   1.2923e+03   4.2128e-02  -6.2042e-02   1.0808e-02
   2.2089e+00   1.2971e+03   4.3498e-02  -6.3026e-02   1.0888e-02
   2.2171e+00   1.3019e+03   4.4862e-02  -6.3968e-02   1.0981e-02
   2.2253e+00   1.3067e+03   4.6215e-02  -6.4865e-02   1.1090e-02
   2.2335e+00   1.3115e+03   4.7554e-02  -6.5715e-02   1.1219e-02
   2.2417e+00   1.3163e+03   4.8877e-02  -6.6521e-02   1.1370e-02
   2.2498e+00   1.3211e+03   5.0183e-02  -6.7282e-02   1.1543e-02
   2.2580e+00   1.3259e+03   5.1475e-02  -6.8001e-02   1.1737e-02
   2.2662e+00   1.3307e+03   5.2754e-02  -6.8680e-02   1.1948e-02
   2.2744e+00   1.3355e+03   5.4023e-02  -6.9321e-02   1.2168e-02
   2.2826e+00   1.3403e+03   5.5284e-02  -6.9921e-02   1.2389e-02
   2.2907e+00   1.3451e+03   5.6537e-02  -7.0481e-02   1.2605e-02
   2.2989e+00   1.3499e+03   5.7781e-02  -7.0995e-02   1.2809e-02
   2.3071e+00   1.3547e+03   5.9015e-02  -7.1460e-02   1.2995e-02
   2.3153e+00   1.3595e+03   6.0234e-02  -7.1872e-02   1.3162e-02
   2.3235e+00   1.3643e+03   6.1437e-02  -7.2227e-02   1.3308e-02
   2.3317e+00   1.3691e+03   6.2621e-02  -7.2523e-02   1.3434e-02
   2.3398e+00   1.3739e+03   6.3784e-02  -7.2758e-02   1.3539e-02
   2.3480e+00   1.3787e+03   6.4924e-02  -7.2930e-02   1.3621e-02
   2.3562e+00   1.3835e+03   6.6039e-02  -7.3038e-02   1.3678e-02
   2.3644e+00   1.3883e+03   6.7129e-02  -7.3079e-02   1.3707e-02
   2.3726e+00   1.3932e+03   6.8191e-02  -7.3048e-02   1.3704e-02
   2.3807e+00   1.3980e+03   6.9226e-02  -7.2941e-02   1.3667e-02
   2.3889e+00   1.4028e+03   7.0234e-02  -7.2753e-02   1.3592e-02
   2.3971e+00   1.4076e+03   7.1215e-02  -7.2477e-02   1.3479e-02
   2.4053e+00   1.4124e+03   7.2170e-02  -7.2109e-02   1.3328e-02
   2.4135e+00   1.4172e+03   7.3101e-02  -7.1643e-02   1.3139e-02
   2.4216e+00   1.4220e+03   7.4009e-02  -7.1076e-02   1.2915e-02
   2.4298e+00   1.4268e+03   7.4898e-02  -7.0406e-02   1.2657e-02
   2.4380e+00   1.4316e+03   7.5768e-02  -6.9630e-02   1.2370e-02
   2.4462e+00   1.4364e+03   7.6622e-02  -6.8748e-02   1.2057e-02
   2.4544e+00   1.4412e+03   7.7461e-02  -6.7762e-02   1.1724e-02
   2.4626e+00   1.4460e+03   7.8283e-02  -6.6676e-02   1.1372e-02
   2.4707e+00   1.4508e+03   7.9086e-02  -6.5494e-02   1.1002e-02
   2.4789e+00   1.4556e+03   7.9867e-02  -6.4222e-02   1.0614e-02
   2.4871e+00   1.4604e+03   8.0619e-02  -6.2862e-02   1.0205e-02
   2.4953e+00   1.4652e+03   8.1335e-02  -6.1418e-02   9.7744e-03
   2.5035e+00   1.4700e+03   8.2006e-02  -5.9889e-02   9.3204e-03
   2.5116e+00   1.4748e+03   8.2624e-02  -5.8273e-02   8.8424e-03
   2.5198e+00   1.4796e+03   8.3180e-02  -5.6563e-02   8.3403e-03
   2.5280e+00   1.4844e+03   8.3665e-02  -5.4754e-02   7.8144e-03
   2.5362e+00   1.4892e+03   8.4071e-02  -5.2839e-02   7.2649e-03
   2.5444e+00   1.4940e+03   8.4390e-02  -5.0810e-02   6.6911e-03
   2.5525e+00   1.4988e+03   8.4613e-02  -4.8660e-02   6.0919e-03
   2.5607e+00   1.5036e+03   8.4736e-02  -4.6382e-02   5.4653e-03
   2.5689e+00   1.5084e+03   8.4755e-02  -4.3970e-02   4.8091e-03
   2.5771e+00   1.5133e+03   8.4669e-02  -4.1417e-02   4.1213e-03
   2.5853e+00   1.5181e+03   8.4478e-02  -3.8720e-02   3.3999e-03
   2.5935e+00   1.5229e+03   8.4185e-02  -3.5877e-02   2.6433e-03
   2.6016e+00   1.5277e+03   8.3791e-02  -3.2892e-02   1.8510e-03
   2.6098e+00   1.5325e+03   8.3299e-02  -2.9770e-02   1.0237e-03
   2.6180e+00   1.5373e+03   8.2708e-02  -2.6522e-02   1.6386e-04
   2.6262e+00   1.5421e+03   8.2019e-02  -2.3157e-02  -7.2459e-04
   2.6344e+00   1.5469e+03   8.1230e-02  -1.9687e-02  -1.6365e-03
   2.6425e+00   1.5517e+03   8.0340e-02  -1.6122e-02  -2.5656e-03
   2.6507e+00   1.5565e+03   7.9348e-02  -1.2471e-02  -3.5047e-03
   2.6589e+00   1.5613e+03   7.8251e-02  -8.7420e-03  -4.4463e-03
   2.6671e+00   1.5661e+03   7.7047e-02  -4.9409e-03  -5.3831e-03
   2.6753e+00   1.5709e+03   7.5732e-02  -1.0733e-03  -6.3087e-03
   2.6834e+00   1.5757e+03   7.4302e-02   2.8558e-03  -7.2182e-03
   2.6916e+00   1.5805e+03   7.2753e-02   6.8420e-03  -8.1090e-03
   2.6998e+00   1.5853e+03   7.1078e-02   1.0882e-02  -8.9805e-03
   2.7080e+00   1.5901e+03   6.9269e-02   1.4972e-02  -9.8346e-03
   2.7162e+00   1.5949e+03   6.7317e-02   1.9113e-02  -1.0674e-02
   2.7243e+00   1.5997e+03   6.5209e-02   2.3305e-02  -1.1502e-02
   2.7325e+00   1.6045e+03   6.2934e-02   2.7550e-02  -1.2322e-02
   2.7407e+00   1.6093e+03   6.0479e-02   3.1850e-02  -1.3138e-02
   2.7489e+00   1.6141e+03   5.7833e-02   3.6209e-02  -1.3955e-02
   2.7571e+00   1.6189e+03   5.4984e-02   4.0628e-02  -1.4780e-02
   2.7653e+00   1.6237e+03   5.1922e-02   4.5113e-02  -1.5621e-02
   2.7734e+00   1.6285e+03   4.8640e-02   4.9667e-02  -1.6489e-02
   2.7816e+00   1.6334e+03   4.5128e-02   5.4294e-02  -1.7395e-02
   2.7898e+00   1.6382e+03   4.1382e-02   5.9000e-02  -1.8350e-02
   2.7980e+00   1.6430e+03   3.7396e-02   6.3789e-02  -1.9365e-02
   2.8062e+00   1.6478e+03   3.3164e-02   6.8669e-02  -2.0446e-02
   2.8143e+00   1.6526e+03   2.8679e-02   7.3645e-02  -2.1598e-02
   2.8225e+00   1.6574e+03   2.3932e-02   7.8720e-02  -2.2822e-02
   2.8307e+00   1.6622e+03   1.8913e-02   8.3898e-02  -2.4112e-02
   2.8389e+00   1.6670e+03   1.3612e-02   8.9178e-02  -2.5461e-02
   2.8471e+00   1.6718e+03   8.0194e-03   9.4560e-02  -2.6859e-02
   2.8552e+00   1.6766e+03   2.1263e-03   1.0004e-01  -2.8295e-02
   2.8634e+00   1.6814e+03  -4.0765e-03   1.0562e-01  -2.9756e-02
   2.8716e+00   1.6862e+03  -1.0599e-02   1.1129e-01  -3.1234e-02
   2.8798e+00   1.6910e+03  -1.7453e-02   1.1706e-01  -3.2719e-02
   2.8880e+00   1.6958e+03  -2.4651e-02   1.2291e-01  -3.4205e-02
   2.8962e+00   1.7006e+03  -3.2207e-02   1.2886e-01  -3.5687e-02
   2.9043e+00   1.7054e+03  -4.0135e-02   1.3490e-01  -3.7160e-02
   2.9125e+00   1.7102e+03  -4.8448e-02   1.4103e-01  -3.8623e-02
   2.9207e+00   1.7150e+03  -5.7161e-02   1.4724e-01  -4.0072e-02
   2.9289e+00   1.7198e+03  -6.6284e-02   1.5354e-01  -4.1506e-02
   2.9371e+00   1.7246e+03  -7.5832e-02   1.5991e-01  -4.2920e-02
   2.9452e+00   1.7294e+03  -8.5817e-02   1.6633e-01  -4.4312e-02
   2.9534e+00   1.7342e+03  -9.6256e-02   1.7280e-01  -4.5676e-02
   2.9616e+00   1.7390e+03  -1.0717e-01   1.7930e-01  -4.7004e-02
   2.9698e+00   1.7438e+03  -1.1858e-01   1.8580e-01  -4.8290e-02
   2.9780e+00   1.7486e+03  -1.3050e-01   1.9229e-01  -4.9525e-02
   2.9861e+00   1.7535e+03  -1.4296e-01   1.9874e-01  -5.0703e-02
   2.9943e+00   1.7583e+03  -1.5596e-01   2.0512e-01  -5.1820e-02
   3.0025e+00   1.7631e+03  -1.6950e-01   2.1143e-01  -5.2873e-02
   3.0107e+00   1.7679e+03  -1.8357e-01   2.1763e-01  -5.3857e-02
   3.0189e+00   1.7727e+03  -1.9815e-01   2.2371e-01  -5.4770e-02
   3.0271e+00   1.7775e+03  -2.1320e-01   2.2967e-01  -5.5604e-02
   3.0352e+00   1.7823e+03  -2.2868e-01   2.3549e-01  -5.6352e-02
   3.0434e+00   1.7871e+03  -2.4451e-01   2.4115e-01  -5.7001e-02
   3.0516e+00   1.7919e+03  -2.6058e-01   2.4663e-01  -5.7536e-02
   3.0598e+00   1.7967e+03  -2.7676e-01   2.5192e-01  -5.7941e-02
   3.0680e+00   1.8015e+03  -2.9289e-01   2.5698e-01  -5.8200e-02
   3.0761e+00   1.8063e+03  -3.0876e-01   2.6179e-01  -5.8297e-02
   3.0843e+00   1.8111e+03  -3.2411e-01   2.6629e-01  -5.8223e-02
   3.0925e+00   1.8159e+03  -3.3864e-01   2.7045e-01  -5.7977e-02
   3.1007e+00   1.8207e+03  -3.5199e-01   2.7420e-01  -5.7572e-02
   3.1089e+00   1.8255e+03  -3.6377e-01   2.7749e-01  -5.7040e-02
   3.1170e+00   1.8303e+03  -3.7358e-01   2.8023e-01  -5.6434e-02
   3.1252e+00   1.8351e+03  -3.8101e-01   2.8236e-01  -5.5829e-02
   3.1334e+00   1.8399e+03  -3.8577e-01   2.8381e-01  -5.5308e-02
