# The data in this file was extracted from a direct numerical
# simulation of fully developed plane turbulent channel
# flow. Particulars are listed below. Note that some of the statistical
# quantities provided in this data set should be zero due to
# (statistical) symmetries in the flow. These quantities are reported
# here none-the-less as an indicator of the quality of the statistics.
# more statistics from this data set are available at 
# http://www.tam.uiuc.edu/Faculty/Moser/channel 
#
# Authors: Moser, Kim & Mansour
# Reference: DNS of Turbulent Channel Flow up to Re_tau=590, 1999,
#            Physics of Fluids, vol 11, 943-945.
# Numerical Method: Kim, Moin & Moser, 1987, J. Fluid Mech. vol 177, 133-166 
# Re_tau = 587.19
# Normalization: U_tau, h 
# Description: Spanwise (z) Two-point cross correlations of velocity and pressure at indicated y-location 
# Filename: chan590/correlations/chan590.zccorr.403 
# Date File Created: Feb 29, 2000 
#
#---End of Header---
# 
# nz = 384,  Re = 587.19,  y = 0.68632,  y+ = 403.00
#      dz           dz+         R_uv         R_up         R_vp
#
   0.0000e+00   0.0000e+00  -2.9953e-01   2.2332e-01  -3.8785e-02
   8.1812e-03   4.8040e+00  -2.9828e-01   2.2323e-01  -3.9087e-02
   1.6362e-02   9.6079e+00  -2.9490e-01   2.2251e-01  -3.9526e-02
   2.4544e-02   1.4412e+01  -2.8953e-01   2.2121e-01  -4.0031e-02
   3.2725e-02   1.9216e+01  -2.8238e-01   2.1938e-01  -4.0523e-02
   4.0906e-02   2.4020e+01  -2.7371e-01   2.1707e-01  -4.0934e-02
   4.9087e-02   2.8824e+01  -2.6381e-01   2.1434e-01  -4.1219e-02
   5.7269e-02   3.3628e+01  -2.5298e-01   2.1124e-01  -4.1350e-02
   6.5450e-02   3.8432e+01  -2.4147e-01   2.0782e-01  -4.1318e-02
   7.3631e-02   4.3236e+01  -2.2953e-01   2.0413e-01  -4.1123e-02
   8.1812e-02   4.8040e+01  -2.1736e-01   2.0018e-01  -4.0772e-02
   8.9994e-02   5.2844e+01  -2.0512e-01   1.9603e-01  -4.0277e-02
   9.8175e-02   5.7648e+01  -1.9295e-01   1.9169e-01  -3.9654e-02
   1.0636e-01   6.2452e+01  -1.8096e-01   1.8720e-01  -3.8918e-02
   1.1454e-01   6.7256e+01  -1.6923e-01   1.8259e-01  -3.8090e-02
   1.2272e-01   7.2060e+01  -1.5781e-01   1.7786e-01  -3.7188e-02
   1.3090e-01   7.6864e+01  -1.4674e-01   1.7306e-01  -3.6232e-02
   1.3908e-01   8.1668e+01  -1.3606e-01   1.6820e-01  -3.5240e-02
   1.4726e-01   8.6472e+01  -1.2577e-01   1.6330e-01  -3.4226e-02
   1.5544e-01   9.1275e+01  -1.1588e-01   1.5838e-01  -3.3203e-02
   1.6362e-01   9.6079e+01  -1.0639e-01   1.5344e-01  -3.2181e-02
   1.7181e-01   1.0088e+02  -9.7299e-02   1.4851e-01  -3.1171e-02
   1.7999e-01   1.0569e+02  -8.8587e-02   1.4359e-01  -3.0178e-02
   1.8817e-01   1.1049e+02  -8.0246e-02   1.3868e-01  -2.9208e-02
   1.9635e-01   1.1530e+02  -7.2266e-02   1.3380e-01  -2.8266e-02
   2.0453e-01   1.2010e+02  -6.4633e-02   1.2895e-01  -2.7354e-02
   2.1271e-01   1.2490e+02  -5.7334e-02   1.2413e-01  -2.6474e-02
   2.2089e-01   1.2971e+02  -5.0356e-02   1.1935e-01  -2.5624e-02
   2.2907e-01   1.3451e+02  -4.3683e-02   1.1461e-01  -2.4804e-02
   2.3726e-01   1.3932e+02  -3.7301e-02   1.0991e-01  -2.4010e-02
   2.4544e-01   1.4412e+02  -3.1194e-02   1.0527e-01  -2.3241e-02
   2.5362e-01   1.4892e+02  -2.5344e-02   1.0068e-01  -2.2492e-02
   2.6180e-01   1.5373e+02  -1.9736e-02   9.6147e-02  -2.1762e-02
   2.6998e-01   1.5853e+02  -1.4356e-02   9.1675e-02  -2.1048e-02
   2.7816e-01   1.6334e+02  -9.1951e-03   8.7264e-02  -2.0348e-02
   2.8634e-01   1.6814e+02  -4.2439e-03   8.2914e-02  -1.9663e-02
   2.9452e-01   1.7294e+02   5.0327e-04   7.8622e-02  -1.8990e-02
   3.0271e-01   1.7775e+02   5.0502e-03   7.4387e-02  -1.8329e-02
   3.1089e-01   1.8255e+02   9.3999e-03   7.0210e-02  -1.7682e-02
   3.1907e-01   1.8735e+02   1.3555e-02   6.6087e-02  -1.7048e-02
   3.2725e-01   1.9216e+02   1.7520e-02   6.2019e-02  -1.6432e-02
   3.3543e-01   1.9696e+02   2.1296e-02   5.8005e-02  -1.5834e-02
   3.4361e-01   2.0177e+02   2.4887e-02   5.4043e-02  -1.5257e-02
   3.5179e-01   2.0657e+02   2.8294e-02   5.0135e-02  -1.4701e-02
   3.5997e-01   2.1137e+02   3.1519e-02   4.6281e-02  -1.4166e-02
   3.6816e-01   2.1618e+02   3.4562e-02   4.2482e-02  -1.3649e-02
   3.7634e-01   2.2098e+02   3.7422e-02   3.8740e-02  -1.3148e-02
   3.8452e-01   2.2579e+02   4.0101e-02   3.5058e-02  -1.2659e-02
   3.9270e-01   2.3059e+02   4.2597e-02   3.1437e-02  -1.2180e-02
   4.0088e-01   2.3539e+02   4.4913e-02   2.7880e-02  -1.1710e-02
   4.0906e-01   2.4020e+02   4.7050e-02   2.4391e-02  -1.1249e-02
   4.1724e-01   2.4500e+02   4.9013e-02   2.0972e-02  -1.0798e-02
   4.2542e-01   2.4981e+02   5.0806e-02   1.7625e-02  -1.0361e-02
   4.3361e-01   2.5461e+02   5.2435e-02   1.4354e-02  -9.9396e-03
   4.4179e-01   2.5941e+02   5.3906e-02   1.1161e-02  -9.5372e-03
   4.4997e-01   2.6422e+02   5.5227e-02   8.0472e-03  -9.1556e-03
   4.5815e-01   2.6902e+02   5.6404e-02   5.0155e-03  -8.7953e-03
   4.6633e-01   2.7383e+02   5.7446e-02   2.0680e-03  -8.4552e-03
   4.7451e-01   2.7863e+02   5.8359e-02  -7.9239e-04  -8.1330e-03
   4.8269e-01   2.8343e+02   5.9151e-02  -3.5630e-03  -7.8258e-03
   4.9087e-01   2.8824e+02   5.9829e-02  -6.2410e-03  -7.5309e-03
   4.9906e-01   2.9304e+02   6.0399e-02  -8.8243e-03  -7.2461e-03
   5.0724e-01   2.9785e+02   6.0868e-02  -1.1311e-02  -6.9695e-03
   5.1542e-01   3.0265e+02   6.1243e-02  -1.3702e-02  -6.6990e-03
   5.2360e-01   3.0745e+02   6.1528e-02  -1.5996e-02  -6.4318e-03
   5.3178e-01   3.1226e+02   6.1729e-02  -1.8195e-02  -6.1649e-03
   5.3996e-01   3.1706e+02   6.1851e-02  -2.0300e-02  -5.8955e-03
   5.4814e-01   3.2187e+02   6.1896e-02  -2.2312e-02  -5.6218e-03
   5.5632e-01   3.2667e+02   6.1871e-02  -2.4232e-02  -5.3426e-03
   5.6450e-01   3.3147e+02   6.1777e-02  -2.6062e-02  -5.0576e-03
   5.7269e-01   3.3628e+02   6.1620e-02  -2.7802e-02  -4.7663e-03
   5.8087e-01   3.4108e+02   6.1402e-02  -2.9454e-02  -4.4685e-03
   5.8905e-01   3.4589e+02   6.1125e-02  -3.1020e-02  -4.1645e-03
   5.9723e-01   3.5069e+02   6.0795e-02  -3.2500e-02  -3.8549e-03
   6.0541e-01   3.5549e+02   6.0414e-02  -3.3895e-02  -3.5410e-03
   6.1359e-01   3.6030e+02   5.9989e-02  -3.5207e-02  -3.2245e-03
   6.2177e-01   3.6510e+02   5.9524e-02  -3.6437e-02  -2.9082e-03
   6.2995e-01   3.6991e+02   5.9024e-02  -3.7586e-02  -2.5956e-03
   6.3814e-01   3.7471e+02   5.8494e-02  -3.8655e-02  -2.2908e-03
   6.4632e-01   3.7951e+02   5.7936e-02  -3.9648e-02  -1.9987e-03
   6.5450e-01   3.8432e+02   5.7355e-02  -4.0564e-02  -1.7246e-03
   6.6268e-01   3.8912e+02   5.6756e-02  -4.1408e-02  -1.4733e-03
   6.7086e-01   3.9393e+02   5.6142e-02  -4.2179e-02  -1.2489e-03
   6.7904e-01   3.9873e+02   5.5520e-02  -4.2882e-02  -1.0544e-03
   6.8722e-01   4.0353e+02   5.4895e-02  -4.3519e-02  -8.9123e-04
   6.9540e-01   4.0834e+02   5.4271e-02  -4.4095e-02  -7.5972e-04
   7.0359e-01   4.1314e+02   5.3654e-02  -4.4615e-02  -6.5906e-04
   7.1177e-01   4.1795e+02   5.3045e-02  -4.5087e-02  -5.8787e-04
   7.1995e-01   4.2275e+02   5.2449e-02  -4.5519e-02  -5.4443e-04
   7.2813e-01   4.2755e+02   5.1868e-02  -4.5920e-02  -5.2675e-04
   7.3631e-01   4.3236e+02   5.1304e-02  -4.6296e-02  -5.3263e-04
   7.4449e-01   4.3716e+02   5.0755e-02  -4.6656e-02  -5.5952e-04
   7.5267e-01   4.4197e+02   5.0219e-02  -4.7005e-02  -6.0452e-04
   7.6085e-01   4.4677e+02   4.9691e-02  -4.7346e-02  -6.6424e-04
   7.6904e-01   4.5157e+02   4.9164e-02  -4.7680e-02  -7.3490e-04
   7.7722e-01   4.5638e+02   4.8633e-02  -4.8006e-02  -8.1248e-04
   7.8540e-01   4.6118e+02   4.8095e-02  -4.8319e-02  -8.9313e-04
   7.9358e-01   4.6599e+02   4.7545e-02  -4.8617e-02  -9.7347e-04
   8.0176e-01   4.7079e+02   4.6983e-02  -4.8892e-02  -1.0510e-03
   8.0994e-01   4.7559e+02   4.6407e-02  -4.9141e-02  -1.1242e-03
   8.1812e-01   4.8040e+02   4.5815e-02  -4.9360e-02  -1.1922e-03
   8.2630e-01   4.8520e+02   4.5204e-02  -4.9546e-02  -1.2549e-03
   8.3449e-01   4.9001e+02   4.4572e-02  -4.9699e-02  -1.3120e-03
   8.4267e-01   4.9481e+02   4.3914e-02  -4.9819e-02  -1.3634e-03
   8.5085e-01   4.9961e+02   4.3225e-02  -4.9907e-02  -1.4086e-03
   8.5903e-01   5.0442e+02   4.2503e-02  -4.9964e-02  -1.4466e-03
   8.6721e-01   5.0922e+02   4.1745e-02  -4.9991e-02  -1.4761e-03
   8.7539e-01   5.1403e+02   4.0949e-02  -4.9990e-02  -1.4955e-03
   8.8357e-01   5.1883e+02   4.0113e-02  -4.9963e-02  -1.5028e-03
   8.9175e-01   5.2363e+02   3.9238e-02  -4.9912e-02  -1.4960e-03
   8.9994e-01   5.2844e+02   3.8323e-02  -4.9838e-02  -1.4733e-03
   9.0812e-01   5.3324e+02   3.7373e-02  -4.9742e-02  -1.4333e-03
   9.1630e-01   5.3805e+02   3.6391e-02  -4.9625e-02  -1.3755e-03
   9.2448e-01   5.4285e+02   3.5383e-02  -4.9485e-02  -1.3008e-03
   9.3266e-01   5.4765e+02   3.4356e-02  -4.9321e-02  -1.2112e-03
   9.4084e-01   5.5246e+02   3.3317e-02  -4.9131e-02  -1.1095e-03
   9.4902e-01   5.5726e+02   3.2271e-02  -4.8916e-02  -9.9915e-04
   9.5720e-01   5.6206e+02   3.1220e-02  -4.8673e-02  -8.8375e-04
   9.6539e-01   5.6687e+02   3.0170e-02  -4.8404e-02  -7.6662e-04
   9.7357e-01   5.7167e+02   2.9124e-02  -4.8110e-02  -6.5089e-04
   9.8175e-01   5.7648e+02   2.8086e-02  -4.7791e-02  -5.3950e-04
   9.8993e-01   5.8128e+02   2.7063e-02  -4.7449e-02  -4.3532e-04
   9.9811e-01   5.8608e+02   2.6059e-02  -4.7089e-02  -3.4112e-04
   1.0063e+00   5.9089e+02   2.5081e-02  -4.6712e-02  -2.5966e-04
   1.0145e+00   5.9569e+02   2.4130e-02  -4.6323e-02  -1.9374e-04
   1.0227e+00   6.0050e+02   2.3208e-02  -4.5924e-02  -1.4620e-04
   1.0308e+00   6.0530e+02   2.2314e-02  -4.5519e-02  -1.1971e-04
   1.0390e+00   6.1010e+02   2.1445e-02  -4.5107e-02  -1.1630e-04
   1.0472e+00   6.1491e+02   2.0600e-02  -4.4692e-02  -1.3706e-04
   1.0554e+00   6.1971e+02   1.9775e-02  -4.4272e-02  -1.8199e-04
   1.0636e+00   6.2452e+02   1.8966e-02  -4.3847e-02  -2.5029e-04
   1.0717e+00   6.2932e+02   1.8174e-02  -4.3417e-02  -3.4059e-04
   1.0799e+00   6.3412e+02   1.7398e-02  -4.2981e-02  -4.5110e-04
   1.0881e+00   6.3893e+02   1.6640e-02  -4.2537e-02  -5.7950e-04
   1.0963e+00   6.4373e+02   1.5901e-02  -4.2083e-02  -7.2271e-04
   1.1045e+00   6.4854e+02   1.5184e-02  -4.1619e-02  -8.7683e-04
   1.1126e+00   6.5334e+02   1.4492e-02  -4.1144e-02  -1.0373e-03
   1.1208e+00   6.5814e+02   1.3826e-02  -4.0660e-02  -1.1991e-03
   1.1290e+00   6.6295e+02   1.3185e-02  -4.0169e-02  -1.3574e-03
   1.1372e+00   6.6775e+02   1.2568e-02  -3.9674e-02  -1.5077e-03
   1.1454e+00   6.7256e+02   1.1975e-02  -3.9177e-02  -1.6465e-03
   1.1536e+00   6.7736e+02   1.1405e-02  -3.8683e-02  -1.7706e-03
   1.1617e+00   6.8216e+02   1.0858e-02  -3.8194e-02  -1.8778e-03
   1.1699e+00   6.8697e+02   1.0335e-02  -3.7712e-02  -1.9666e-03
   1.1781e+00   6.9177e+02   9.8367e-03  -3.7237e-02  -2.0367e-03
   1.1863e+00   6.9658e+02   9.3623e-03  -3.6769e-02  -2.0888e-03
   1.1945e+00   7.0138e+02   8.9118e-03  -3.6305e-02  -2.1251e-03
   1.2026e+00   7.0618e+02   8.4846e-03  -3.5842e-02  -2.1494e-03
   1.2108e+00   7.1099e+02   8.0793e-03  -3.5373e-02  -2.1664e-03
   1.2190e+00   7.1579e+02   7.6944e-03  -3.4895e-02  -2.1815e-03
   1.2272e+00   7.2060e+02   7.3277e-03  -3.4403e-02  -2.1999e-03
   1.2354e+00   7.2540e+02   6.9764e-03  -3.3892e-02  -2.2270e-03
   1.2435e+00   7.3020e+02   6.6378e-03  -3.3358e-02  -2.2675e-03
   1.2517e+00   7.3501e+02   6.3101e-03  -3.2802e-02  -2.3250e-03
   1.2599e+00   7.3981e+02   5.9932e-03  -3.2221e-02  -2.4013e-03
   1.2681e+00   7.4462e+02   5.6886e-03  -3.1618e-02  -2.4960e-03
   1.2763e+00   7.4942e+02   5.3990e-03  -3.0994e-02  -2.6066e-03
   1.2845e+00   7.5422e+02   5.1267e-03  -3.0352e-02  -2.7291e-03
   1.2926e+00   7.5903e+02   4.8730e-03  -2.9697e-02  -2.8588e-03
   1.3008e+00   7.6383e+02   4.6374e-03  -2.9033e-02  -2.9914e-03
   1.3090e+00   7.6864e+02   4.4181e-03  -2.8365e-02  -3.1228e-03
   1.3172e+00   7.7344e+02   4.2118e-03  -2.7697e-02  -3.2499e-03
   1.3254e+00   7.7824e+02   4.0144e-03  -2.7034e-02  -3.3712e-03
   1.3335e+00   7.8305e+02   3.8213e-03  -2.6378e-02  -3.4861e-03
   1.3417e+00   7.8785e+02   3.6285e-03  -2.5734e-02  -3.5951e-03
   1.3499e+00   7.9266e+02   3.4327e-03  -2.5102e-02  -3.6984e-03
   1.3581e+00   7.9746e+02   3.2312e-03  -2.4486e-02  -3.7961e-03
   1.3663e+00   8.0226e+02   3.0221e-03  -2.3887e-02  -3.8871e-03
   1.3744e+00   8.0707e+02   2.8040e-03  -2.3305e-02  -3.9697e-03
   1.3826e+00   8.1187e+02   2.5759e-03  -2.2743e-02  -4.0420e-03
   1.3908e+00   8.1668e+02   2.3377e-03  -2.2203e-02  -4.1018e-03
   1.3990e+00   8.2148e+02   2.0902e-03  -2.1688e-02  -4.1478e-03
   1.4072e+00   8.2628e+02   1.8347e-03  -2.1200e-02  -4.1789e-03
   1.4154e+00   8.3109e+02   1.5727e-03  -2.0741e-02  -4.1948e-03
   1.4235e+00   8.3589e+02   1.3054e-03  -2.0312e-02  -4.1950e-03
   1.4317e+00   8.4070e+02   1.0335e-03  -1.9912e-02  -4.1789e-03
   1.4399e+00   8.4550e+02   7.5690e-04  -1.9541e-02  -4.1455e-03
   1.4481e+00   8.5030e+02   4.7559e-04  -1.9197e-02  -4.0943e-03
   1.4563e+00   8.5511e+02   1.9030e-04  -1.8879e-02  -4.0256e-03
   1.4644e+00   8.5991e+02  -9.6925e-05  -1.8586e-02  -3.9406e-03
   1.4726e+00   8.6472e+02  -3.8260e-04  -1.8317e-02  -3.8414e-03
   1.4808e+00   8.6952e+02  -6.6229e-04  -1.8072e-02  -3.7307e-03
   1.4890e+00   8.7432e+02  -9.3141e-04  -1.7851e-02  -3.6116e-03
   1.4972e+00   8.7913e+02  -1.1858e-03  -1.7655e-02  -3.4878e-03
   1.5053e+00   8.8393e+02  -1.4220e-03  -1.7481e-02  -3.3636e-03
   1.5135e+00   8.8874e+02  -1.6375e-03  -1.7330e-02  -3.2431e-03
   1.5217e+00   8.9354e+02  -1.8313e-03  -1.7200e-02  -3.1305e-03
   1.5299e+00   8.9834e+02  -2.0034e-03  -1.7090e-02  -3.0285e-03
   1.5381e+00   9.0315e+02  -2.1559e-03  -1.7000e-02  -2.9384e-03
   1.5463e+00   9.0795e+02  -2.2919e-03  -1.6930e-02  -2.8599e-03
   1.5544e+00   9.1276e+02  -2.4159e-03  -1.6880e-02  -2.7909e-03
   1.5626e+00   9.1756e+02  -2.5321e-03  -1.6851e-02  -2.7289e-03
   1.5708e+00   9.2236e+02  -2.6439e-03  -1.6847e-02  -2.6705e-03
   1.5790e+00   9.2717e+02  -2.7528e-03  -1.6869e-02  -2.6123e-03
   1.5872e+00   9.3197e+02  -2.8587e-03  -1.6922e-02  -2.5508e-03
   1.5953e+00   9.3677e+02  -2.9595e-03  -1.7009e-02  -2.4829e-03
   1.6035e+00   9.4158e+02  -3.0520e-03  -1.7133e-02  -2.4057e-03
   1.6117e+00   9.4638e+02  -3.1329e-03  -1.7296e-02  -2.3170e-03
   1.6199e+00   9.5119e+02  -3.1992e-03  -1.7498e-02  -2.2154e-03
   1.6281e+00   9.5599e+02  -3.2491e-03  -1.7737e-02  -2.1003e-03
   1.6362e+00   9.6079e+02  -3.2821e-03  -1.8011e-02  -1.9717e-03
   1.6444e+00   9.6560e+02  -3.2985e-03  -1.8316e-02  -1.8307e-03
   1.6526e+00   9.7040e+02  -3.2992e-03  -1.8650e-02  -1.6789e-03
   1.6608e+00   9.7521e+02  -3.2848e-03  -1.9007e-02  -1.5189e-03
   1.6690e+00   9.8001e+02  -3.2558e-03  -1.9386e-02  -1.3539e-03
   1.6772e+00   9.8481e+02  -3.2117e-03  -1.9784e-02  -1.1875e-03
   1.6853e+00   9.8962e+02  -3.1512e-03  -2.0197e-02  -1.0230e-03
   1.6935e+00   9.9442e+02  -3.0728e-03  -2.0623e-02  -8.6301e-04
   1.7017e+00   9.9923e+02  -2.9745e-03  -2.1056e-02  -7.0878e-04
   1.7099e+00   1.0040e+03  -2.8544e-03  -2.1494e-02  -5.6023e-04
   1.7181e+00   1.0088e+03  -2.7107e-03  -2.1935e-02  -4.1615e-04
   1.7262e+00   1.0136e+03  -2.5424e-03  -2.2375e-02  -2.7480e-04
   1.7344e+00   1.0184e+03  -2.3494e-03  -2.2817e-02  -1.3445e-04
   1.7426e+00   1.0232e+03  -2.1323e-03  -2.3262e-02   6.2116e-06
   1.7508e+00   1.0281e+03  -1.8927e-03  -2.3713e-02   1.4793e-04
   1.7590e+00   1.0329e+03  -1.6324e-03  -2.4175e-02   2.9122e-04
   1.7671e+00   1.0377e+03  -1.3540e-03  -2.4650e-02   4.3663e-04
   1.7753e+00   1.0425e+03  -1.0598e-03  -2.5144e-02   5.8488e-04
   1.7835e+00   1.0473e+03  -7.5281e-04  -2.5661e-02   7.3679e-04
   1.7917e+00   1.0521e+03  -4.3594e-04  -2.6201e-02   8.9307e-04
   1.7999e+00   1.0569e+03  -1.1224e-04  -2.6767e-02   1.0541e-03
   1.8081e+00   1.0617e+03   2.1570e-04  -2.7359e-02   1.2198e-03
   1.8162e+00   1.0665e+03   5.4615e-04  -2.7975e-02   1.3902e-03
   1.8244e+00   1.0713e+03   8.7818e-04  -2.8613e-02   1.5654e-03
   1.8326e+00   1.0761e+03   1.2114e-03  -2.9271e-02   1.7463e-03
   1.8408e+00   1.0809e+03   1.5455e-03  -2.9946e-02   1.9342e-03
   1.8490e+00   1.0857e+03   1.8807e-03  -3.0636e-02   2.1309e-03
   1.8571e+00   1.0905e+03   2.2175e-03  -3.1340e-02   2.3379e-03
   1.8653e+00   1.0953e+03   2.5569e-03  -3.2056e-02   2.5563e-03
   1.8735e+00   1.1001e+03   2.9013e-03  -3.2784e-02   2.7863e-03
   1.8817e+00   1.1049e+03   3.2536e-03  -3.3524e-02   3.0272e-03
   1.8899e+00   1.1097e+03   3.6172e-03  -3.4279e-02   3.2773e-03
   1.8980e+00   1.1145e+03   3.9946e-03  -3.5048e-02   3.5343e-03
   1.9062e+00   1.1193e+03   4.3873e-03  -3.5833e-02   3.7949e-03
   1.9144e+00   1.1241e+03   4.7956e-03  -3.6633e-02   4.0550e-03
   1.9226e+00   1.1289e+03   5.2193e-03  -3.7448e-02   4.3101e-03
   1.9308e+00   1.1337e+03   5.6576e-03  -3.8277e-02   4.5552e-03
   1.9390e+00   1.1385e+03   6.1103e-03  -3.9119e-02   4.7859e-03
   1.9471e+00   1.1433e+03   6.5775e-03  -3.9973e-02   4.9990e-03
   1.9553e+00   1.1481e+03   7.0600e-03  -4.0837e-02   5.1927e-03
   1.9635e+00   1.1530e+03   7.5586e-03  -4.1709e-02   5.3674e-03
   1.9717e+00   1.1578e+03   8.0739e-03  -4.2584e-02   5.5251e-03
   1.9799e+00   1.1626e+03   8.6060e-03  -4.3462e-02   5.6691e-03
   1.9880e+00   1.1674e+03   9.1547e-03  -4.4338e-02   5.8030e-03
   1.9962e+00   1.1722e+03   9.7201e-03  -4.5211e-02   5.9306e-03
   2.0044e+00   1.1770e+03   1.0302e-02  -4.6079e-02   6.0557e-03
   2.0126e+00   1.1818e+03   1.0902e-02  -4.6941e-02   6.1815e-03
   2.0208e+00   1.1866e+03   1.1520e-02  -4.7797e-02   6.3102e-03
   2.0289e+00   1.1914e+03   1.2157e-02  -4.8645e-02   6.4432e-03
   2.0371e+00   1.1962e+03   1.2816e-02  -4.9486e-02   6.5806e-03
   2.0453e+00   1.2010e+03   1.3496e-02  -5.0321e-02   6.7215e-03
   2.0535e+00   1.2058e+03   1.4200e-02  -5.1148e-02   6.8641e-03
   2.0617e+00   1.2106e+03   1.4930e-02  -5.1969e-02   7.0061e-03
   2.0699e+00   1.2154e+03   1.5685e-02  -5.2784e-02   7.1449e-03
   2.0780e+00   1.2202e+03   1.6468e-02  -5.3591e-02   7.2777e-03
   2.0862e+00   1.2250e+03   1.7278e-02  -5.4392e-02   7.4020e-03
   2.0944e+00   1.2298e+03   1.8114e-02  -5.5183e-02   7.5160e-03
   2.1026e+00   1.2346e+03   1.8975e-02  -5.5964e-02   7.6183e-03
   2.1108e+00   1.2394e+03   1.9857e-02  -5.6731e-02   7.7083e-03
   2.1189e+00   1.2442e+03   2.0757e-02  -5.7482e-02   7.7857e-03
   2.1271e+00   1.2490e+03   2.1668e-02  -5.8212e-02   7.8513e-03
   2.1353e+00   1.2538e+03   2.2588e-02  -5.8919e-02   7.9063e-03
   2.1435e+00   1.2586e+03   2.3514e-02  -5.9601e-02   7.9528e-03
   2.1517e+00   1.2634e+03   2.4443e-02  -6.0255e-02   7.9933e-03
   2.1598e+00   1.2682e+03   2.5376e-02  -6.0880e-02   8.0303e-03
   2.1680e+00   1.2731e+03   2.6313e-02  -6.1476e-02   8.0657e-03
   2.1762e+00   1.2779e+03   2.7251e-02  -6.2041e-02   8.1007e-03
   2.1844e+00   1.2827e+03   2.8190e-02  -6.2575e-02   8.1355e-03
   2.1926e+00   1.2875e+03   2.9127e-02  -6.3078e-02   8.1699e-03
   2.2008e+00   1.2923e+03   3.0058e-02  -6.3550e-02   8.2035e-03
   2.2089e+00   1.2971e+03   3.0982e-02  -6.3992e-02   8.2366e-03
   2.2171e+00   1.3019e+03   3.1893e-02  -6.4407e-02   8.2696e-03
   2.2253e+00   1.3067e+03   3.2789e-02  -6.4797e-02   8.3039e-03
   2.2335e+00   1.3115e+03   3.3665e-02  -6.5167e-02   8.3405e-03
   2.2417e+00   1.3163e+03   3.4518e-02  -6.5518e-02   8.3801e-03
   2.2498e+00   1.3211e+03   3.5345e-02  -6.5854e-02   8.4227e-03
   2.2580e+00   1.3259e+03   3.6146e-02  -6.6176e-02   8.4679e-03
   2.2662e+00   1.3307e+03   3.6922e-02  -6.6485e-02   8.5153e-03
   2.2744e+00   1.3355e+03   3.7676e-02  -6.6780e-02   8.5647e-03
   2.2826e+00   1.3403e+03   3.8412e-02  -6.7063e-02   8.6161e-03
   2.2907e+00   1.3451e+03   3.9134e-02  -6.7333e-02   8.6697e-03
   2.2989e+00   1.3499e+03   3.9846e-02  -6.7588e-02   8.7254e-03
   2.3071e+00   1.3547e+03   4.0550e-02  -6.7830e-02   8.7829e-03
   2.3153e+00   1.3595e+03   4.1248e-02  -6.8054e-02   8.8417e-03
   2.3235e+00   1.3643e+03   4.1941e-02  -6.8259e-02   8.9010e-03
   2.3317e+00   1.3691e+03   4.2630e-02  -6.8441e-02   8.9597e-03
   2.3398e+00   1.3739e+03   4.3315e-02  -6.8597e-02   9.0161e-03
   2.3480e+00   1.3787e+03   4.3998e-02  -6.8721e-02   9.0673e-03
   2.3562e+00   1.3835e+03   4.4680e-02  -6.8809e-02   9.1101e-03
   2.3644e+00   1.3883e+03   4.5362e-02  -6.8855e-02   9.1402e-03
   2.3726e+00   1.3932e+03   4.6044e-02  -6.8854e-02   9.1533e-03
   2.3807e+00   1.3980e+03   4.6723e-02  -6.8798e-02   9.1454e-03
   2.3889e+00   1.4028e+03   4.7395e-02  -6.8682e-02   9.1131e-03
   2.3971e+00   1.4076e+03   4.8058e-02  -6.8500e-02   9.0538e-03
   2.4053e+00   1.4124e+03   4.8706e-02  -6.8244e-02   8.9660e-03
   2.4135e+00   1.4172e+03   4.9339e-02  -6.7910e-02   8.8491e-03
   2.4216e+00   1.4220e+03   4.9953e-02  -6.7491e-02   8.7043e-03
   2.4298e+00   1.4268e+03   5.0547e-02  -6.6983e-02   8.5339e-03
   2.4380e+00   1.4316e+03   5.1122e-02  -6.6380e-02   8.3413e-03
   2.4462e+00   1.4364e+03   5.1676e-02  -6.5679e-02   8.1297e-03
   2.4544e+00   1.4412e+03   5.2208e-02  -6.4880e-02   7.9016e-03
   2.4626e+00   1.4460e+03   5.2717e-02  -6.3980e-02   7.6581e-03
   2.4707e+00   1.4508e+03   5.3199e-02  -6.2982e-02   7.3991e-03
   2.4789e+00   1.4556e+03   5.3653e-02  -6.1887e-02   7.1235e-03
   2.4871e+00   1.4604e+03   5.4073e-02  -6.0697e-02   6.8301e-03
   2.4953e+00   1.4652e+03   5.4454e-02  -5.9413e-02   6.5174e-03
   2.5035e+00   1.4700e+03   5.4793e-02  -5.8036e-02   6.1845e-03
   2.5116e+00   1.4748e+03   5.5082e-02  -5.6565e-02   5.8305e-03
   2.5198e+00   1.4796e+03   5.5317e-02  -5.5001e-02   5.4547e-03
   2.5280e+00   1.4844e+03   5.5492e-02  -5.3344e-02   5.0558e-03
   2.5362e+00   1.4892e+03   5.5602e-02  -5.1595e-02   4.6325e-03
   2.5444e+00   1.4940e+03   5.5644e-02  -4.9753e-02   4.1828e-03
   2.5525e+00   1.4988e+03   5.5612e-02  -4.7820e-02   3.7047e-03
   2.5607e+00   1.5036e+03   5.5505e-02  -4.5799e-02   3.1962e-03
   2.5689e+00   1.5084e+03   5.5316e-02  -4.3690e-02   2.6557e-03
   2.5771e+00   1.5133e+03   5.5043e-02  -4.1496e-02   2.0823e-03
   2.5853e+00   1.5181e+03   5.4682e-02  -3.9219e-02   1.4762e-03
   2.5935e+00   1.5229e+03   5.4231e-02  -3.6863e-02   8.3872e-04
   2.6016e+00   1.5277e+03   5.3690e-02  -3.4429e-02   1.7232e-04
   2.6098e+00   1.5325e+03   5.3062e-02  -3.1921e-02  -5.1931e-04
   2.6180e+00   1.5373e+03   5.2350e-02  -2.9343e-02  -1.2313e-03
   2.6262e+00   1.5421e+03   5.1559e-02  -2.6696e-02  -1.9578e-03
   2.6344e+00   1.5469e+03   5.0692e-02  -2.3985e-02  -2.6924e-03
   2.6425e+00   1.5517e+03   4.9750e-02  -2.1213e-02  -3.4287e-03
   2.6507e+00   1.5565e+03   4.8734e-02  -1.8382e-02  -4.1609e-03
   2.6589e+00   1.5613e+03   4.7642e-02  -1.5495e-02  -4.8847e-03
   2.6671e+00   1.5661e+03   4.6472e-02  -1.2550e-02  -5.5974e-03
   2.6753e+00   1.5709e+03   4.5221e-02  -9.5500e-03  -6.2981e-03
   2.6834e+00   1.5757e+03   4.3885e-02  -6.4922e-03  -6.9880e-03
   2.6916e+00   1.5805e+03   4.2461e-02  -3.3756e-03  -7.6697e-03
   2.6998e+00   1.5853e+03   4.0946e-02  -1.9922e-04  -8.3477e-03
   2.7080e+00   1.5901e+03   3.9336e-02   3.0378e-03  -9.0275e-03
   2.7162e+00   1.5949e+03   3.7631e-02   6.3355e-03  -9.7144e-03
   2.7243e+00   1.5997e+03   3.5826e-02   9.6935e-03  -1.0413e-02
   2.7325e+00   1.6045e+03   3.3918e-02   1.3111e-02  -1.1125e-02
   2.7407e+00   1.6093e+03   3.1904e-02   1.6588e-02  -1.1853e-02
   2.7489e+00   1.6141e+03   2.9776e-02   2.0123e-02  -1.2598e-02
   2.7571e+00   1.6189e+03   2.7526e-02   2.3717e-02  -1.3360e-02
   2.7653e+00   1.6237e+03   2.5145e-02   2.7370e-02  -1.4140e-02
   2.7734e+00   1.6285e+03   2.2625e-02   3.1083e-02  -1.4937e-02
   2.7816e+00   1.6334e+03   1.9956e-02   3.4860e-02  -1.5751e-02
   2.7898e+00   1.6382e+03   1.7129e-02   3.8703e-02  -1.6581e-02
   2.7980e+00   1.6430e+03   1.4136e-02   4.2618e-02  -1.7426e-02
   2.8062e+00   1.6478e+03   1.0968e-02   4.6607e-02  -1.8284e-02
   2.8143e+00   1.6526e+03   7.6161e-03   5.0676e-02  -1.9153e-02
   2.8225e+00   1.6574e+03   4.0720e-03   5.4826e-02  -2.0031e-02
   2.8307e+00   1.6622e+03   3.2772e-04   5.9062e-02  -2.0914e-02
   2.8389e+00   1.6670e+03  -3.6248e-03   6.3386e-02  -2.1801e-02
   2.8471e+00   1.6718e+03  -7.7935e-03   6.7800e-02  -2.2685e-02
   2.8552e+00   1.6766e+03  -1.2188e-02   7.2306e-02  -2.3564e-02
   2.8634e+00   1.6814e+03  -1.6817e-02   7.6902e-02  -2.4434e-02
   2.8716e+00   1.6862e+03  -2.1692e-02   8.1588e-02  -2.5292e-02
   2.8798e+00   1.6910e+03  -2.6826e-02   8.6360e-02  -2.6138e-02
   2.8880e+00   1.6958e+03  -3.2228e-02   9.1212e-02  -2.6970e-02
   2.8962e+00   1.7006e+03  -3.7909e-02   9.6140e-02  -2.7789e-02
   2.9043e+00   1.7054e+03  -4.3879e-02   1.0114e-01  -2.8593e-02
   2.9125e+00   1.7102e+03  -5.0147e-02   1.0619e-01  -2.9383e-02
   2.9207e+00   1.7150e+03  -5.6720e-02   1.1130e-01  -3.0157e-02
   2.9289e+00   1.7198e+03  -6.3606e-02   1.1645e-01  -3.0918e-02
   2.9371e+00   1.7246e+03  -7.0816e-02   1.2164e-01  -3.1665e-02
   2.9452e+00   1.7294e+03  -7.8356e-02   1.2685e-01  -3.2399e-02
   2.9534e+00   1.7342e+03  -8.6237e-02   1.3207e-01  -3.3120e-02
   2.9616e+00   1.7390e+03  -9.4467e-02   1.3731e-01  -3.3826e-02
   2.9698e+00   1.7438e+03  -1.0306e-01   1.4253e-01  -3.4514e-02
   2.9780e+00   1.7486e+03  -1.1201e-01   1.4774e-01  -3.5178e-02
   2.9861e+00   1.7535e+03  -1.2135e-01   1.5292e-01  -3.5814e-02
   2.9943e+00   1.7583e+03  -1.3107e-01   1.5805e-01  -3.6416e-02
   3.0025e+00   1.7631e+03  -1.4117e-01   1.6311e-01  -3.6981e-02
   3.0107e+00   1.7679e+03  -1.5167e-01   1.6811e-01  -3.7507e-02
   3.0189e+00   1.7727e+03  -1.6253e-01   1.7303e-01  -3.7993e-02
   3.0271e+00   1.7775e+03  -1.7373e-01   1.7787e-01  -3.8435e-02
   3.0352e+00   1.7823e+03  -1.8523e-01   1.8261e-01  -3.8832e-02
   3.0434e+00   1.7871e+03  -1.9697e-01   1.8724e-01  -3.9178e-02
   3.0516e+00   1.7919e+03  -2.0886e-01   1.9176e-01  -3.9464e-02
   3.0598e+00   1.7967e+03  -2.2080e-01   1.9613e-01  -3.9678e-02
   3.0680e+00   1.8015e+03  -2.3267e-01   2.0034e-01  -3.9808e-02
   3.0761e+00   1.8063e+03  -2.4428e-01   2.0435e-01  -3.9844e-02
   3.0843e+00   1.8111e+03  -2.5544e-01   2.0812e-01  -3.9781e-02
   3.0925e+00   1.8159e+03  -2.6592e-01   2.1161e-01  -3.9627e-02
   3.1007e+00   1.8207e+03  -2.7545e-01   2.1477e-01  -3.9400e-02
   3.1089e+00   1.8255e+03  -2.8376e-01   2.1753e-01  -3.9136e-02
   3.1170e+00   1.8303e+03  -2.9055e-01   2.1983e-01  -3.8885e-02
   3.1252e+00   1.8351e+03  -2.9557e-01   2.2160e-01  -3.8706e-02
   3.1334e+00   1.8399e+03  -2.9861e-01   2.2278e-01  -3.8659e-02
