# The data in this file was extracted from a direct numerical
# simulation of fully developed plane turbulent channel
# flow. Particulars are listed below. Note that some of the statistical
# quantities provided in this data set should be zero due to
# (statistical) symmetries in the flow. These quantities are reported
# here none-the-less as an indicator of the quality of the statistics.
# more statistics from this data set are available at 
# http://www.tam.uiuc.edu/Faculty/Moser/channel 
#
# Authors: Moser, Kim & Mansour
# Reference: DNS of Turbulent Channel Flow up to Re_tau=590, 1999,
#            Physics of Fluids, vol 11, 943-945.
# Numerical Method: Kim, Moin & Moser, 1987, J. Fluid Mech. vol 177, 133-166 
# Re_tau = 587.19
# Normalization: U_tau, h 
# Description: Spanwise (z) Two-point cross correlations of velocity and pressure at indicated y-location 
# Filename: chan590/correlations/chan590.zccorr.501 
# Date File Created: Feb 29, 2000 
#
#---End of Header---
# 
# nz = 384,  Re = 587.19,  y = 0.85327,  y+ = 501.04
#      dz           dz+         R_uv         R_up         R_vp
#
   0.0000e+00   0.0000e+00  -1.3873e-01   9.5960e-02  -1.2234e-02
   8.1812e-03   4.8040e+00  -1.3813e-01   9.5498e-02  -1.2848e-02
   1.6362e-02   9.6079e+00  -1.3659e-01   9.4682e-02  -1.3522e-02
   2.4544e-02   1.4412e+01  -1.3418e-01   9.3550e-02  -1.4214e-02
   3.2725e-02   1.9216e+01  -1.3099e-01   9.2145e-02  -1.4879e-02
   4.0906e-02   2.4020e+01  -1.2715e-01   9.0507e-02  -1.5478e-02
   4.9087e-02   2.8824e+01  -1.2276e-01   8.8675e-02  -1.5981e-02
   5.7269e-02   3.3628e+01  -1.1796e-01   8.6680e-02  -1.6369e-02
   6.5450e-02   3.8432e+01  -1.1285e-01   8.4548e-02  -1.6634e-02
   7.3631e-02   4.3236e+01  -1.0752e-01   8.2298e-02  -1.6776e-02
   8.1812e-02   4.8040e+01  -1.0208e-01   7.9946e-02  -1.6800e-02
   8.9994e-02   5.2844e+01  -9.6573e-02   7.7507e-02  -1.6718e-02
   9.8175e-02   5.7648e+01  -9.1070e-02   7.4993e-02  -1.6543e-02
   1.0636e-01   6.2452e+01  -8.5615e-02   7.2417e-02  -1.6291e-02
   1.1454e-01   6.7256e+01  -8.0247e-02   6.9790e-02  -1.5977e-02
   1.2272e-01   7.2060e+01  -7.4994e-02   6.7127e-02  -1.5619e-02
   1.3090e-01   7.6864e+01  -6.9879e-02   6.4438e-02  -1.5229e-02
   1.3908e-01   8.1668e+01  -6.4916e-02   6.1736e-02  -1.4823e-02
   1.4726e-01   8.6472e+01  -6.0114e-02   5.9033e-02  -1.4411e-02
   1.5544e-01   9.1275e+01  -5.5478e-02   5.6338e-02  -1.4003e-02
   1.6362e-01   9.6079e+01  -5.1008e-02   5.3659e-02  -1.3607e-02
   1.7181e-01   1.0088e+02  -4.6701e-02   5.1006e-02  -1.3229e-02
   1.7999e-01   1.0569e+02  -4.2554e-02   4.8382e-02  -1.2873e-02
   1.8817e-01   1.1049e+02  -3.8563e-02   4.5794e-02  -1.2540e-02
   1.9635e-01   1.1530e+02  -3.4723e-02   4.3243e-02  -1.2232e-02
   2.0453e-01   1.2010e+02  -3.1032e-02   4.0732e-02  -1.1948e-02
   2.1271e-01   1.2490e+02  -2.7487e-02   3.8262e-02  -1.1686e-02
   2.2089e-01   1.2971e+02  -2.4086e-02   3.5834e-02  -1.1444e-02
   2.2907e-01   1.3451e+02  -2.0828e-02   3.3449e-02  -1.1221e-02
   2.3726e-01   1.3932e+02  -1.7712e-02   3.1107e-02  -1.1013e-02
   2.4544e-01   1.4412e+02  -1.4739e-02   2.8808e-02  -1.0819e-02
   2.5362e-01   1.4892e+02  -1.1907e-02   2.6554e-02  -1.0637e-02
   2.6180e-01   1.5373e+02  -9.2163e-03   2.4343e-02  -1.0465e-02
   2.6998e-01   1.5853e+02  -6.6651e-03   2.2177e-02  -1.0301e-02
   2.7816e-01   1.6334e+02  -4.2514e-03   2.0054e-02  -1.0144e-02
   2.8634e-01   1.6814e+02  -1.9728e-03   1.7975e-02  -9.9951e-03
   2.9452e-01   1.7294e+02   1.7421e-04   1.5940e-02  -9.8520e-03
   3.0271e-01   1.7775e+02   2.1944e-03   1.3947e-02  -9.7147e-03
   3.1089e-01   1.8255e+02   4.0936e-03   1.1996e-02  -9.5824e-03
   3.1907e-01   1.8735e+02   5.8787e-03   1.0084e-02  -9.4544e-03
   3.2725e-01   1.9216e+02   7.5572e-03   8.2115e-03  -9.3302e-03
   3.3543e-01   1.9696e+02   9.1367e-03   6.3763e-03  -9.2097e-03
   3.4361e-01   2.0177e+02   1.0625e-02   4.5794e-03  -9.0931e-03
   3.5179e-01   2.0657e+02   1.2030e-02   2.8221e-03  -8.9812e-03
   3.5997e-01   2.1137e+02   1.3357e-02   1.1067e-03  -8.8745e-03
   3.6816e-01   2.1618e+02   1.4614e-02  -5.6409e-04  -8.7734e-03
   3.7634e-01   2.2098e+02   1.5806e-02  -2.1874e-03  -8.6777e-03
   3.8452e-01   2.2579e+02   1.6936e-02  -3.7612e-03  -8.5868e-03
   3.9270e-01   2.3059e+02   1.8008e-02  -5.2841e-03  -8.4997e-03
   4.0088e-01   2.3539e+02   1.9024e-02  -6.7559e-03  -8.4151e-03
   4.0906e-01   2.4020e+02   1.9987e-02  -8.1771e-03  -8.3319e-03
   4.1724e-01   2.4500e+02   2.0896e-02  -9.5489e-03  -8.2492e-03
   4.2542e-01   2.4981e+02   2.1751e-02  -1.0873e-02  -8.1669e-03
   4.3361e-01   2.5461e+02   2.2552e-02  -1.2150e-02  -8.0852e-03
   4.4179e-01   2.5941e+02   2.3299e-02  -1.3382e-02  -8.0045e-03
   4.4997e-01   2.6422e+02   2.3993e-02  -1.4570e-02  -7.9251e-03
   4.5815e-01   2.6902e+02   2.4634e-02  -1.5716e-02  -7.8466e-03
   4.6633e-01   2.7383e+02   2.5222e-02  -1.6823e-02  -7.7681e-03
   4.7451e-01   2.7863e+02   2.5759e-02  -1.7891e-02  -7.6881e-03
   4.8269e-01   2.8343e+02   2.6243e-02  -1.8921e-02  -7.6043e-03
   4.9087e-01   2.8824e+02   2.6676e-02  -1.9916e-02  -7.5142e-03
   4.9906e-01   2.9304e+02   2.7058e-02  -2.0877e-02  -7.4153e-03
   5.0724e-01   2.9785e+02   2.7391e-02  -2.1804e-02  -7.3055e-03
   5.1542e-01   3.0265e+02   2.7678e-02  -2.2701e-02  -7.1837e-03
   5.2360e-01   3.0745e+02   2.7922e-02  -2.3568e-02  -7.0496e-03
   5.3178e-01   3.1226e+02   2.8126e-02  -2.4407e-02  -6.9042e-03
   5.3996e-01   3.1706e+02   2.8292e-02  -2.5221e-02  -6.7496e-03
   5.4814e-01   3.2187e+02   2.8423e-02  -2.6011e-02  -6.5884e-03
   5.5632e-01   3.2667e+02   2.8522e-02  -2.6777e-02  -6.4233e-03
   5.6450e-01   3.3147e+02   2.8592e-02  -2.7522e-02  -6.2571e-03
   5.7269e-01   3.3628e+02   2.8635e-02  -2.8245e-02  -6.0918e-03
   5.8087e-01   3.4108e+02   2.8654e-02  -2.8945e-02  -5.9289e-03
   5.8905e-01   3.4589e+02   2.8651e-02  -2.9621e-02  -5.7691e-03
   5.9723e-01   3.5069e+02   2.8627e-02  -3.0271e-02  -5.6129e-03
   6.0541e-01   3.5549e+02   2.8584e-02  -3.0895e-02  -5.4608e-03
   6.1359e-01   3.6030e+02   2.8520e-02  -3.1489e-02  -5.3132e-03
   6.2177e-01   3.6510e+02   2.8435e-02  -3.2054e-02  -5.1711e-03
   6.2995e-01   3.6991e+02   2.8327e-02  -3.2588e-02  -5.0354e-03
   6.3814e-01   3.7471e+02   2.8195e-02  -3.3091e-02  -4.9074e-03
   6.4632e-01   3.7951e+02   2.8037e-02  -3.3564e-02  -4.7882e-03
   6.5450e-01   3.8432e+02   2.7855e-02  -3.4006e-02  -4.6789e-03
   6.6268e-01   3.8912e+02   2.7648e-02  -3.4419e-02  -4.5806e-03
   6.7086e-01   3.9393e+02   2.7418e-02  -3.4804e-02  -4.4938e-03
   6.7904e-01   3.9873e+02   2.7163e-02  -3.5163e-02  -4.4193e-03
   6.8722e-01   4.0353e+02   2.6885e-02  -3.5494e-02  -4.3574e-03
   6.9540e-01   4.0834e+02   2.6582e-02  -3.5799e-02  -4.3080e-03
   7.0359e-01   4.1314e+02   2.6255e-02  -3.6077e-02  -4.2712e-03
   7.1177e-01   4.1795e+02   2.5903e-02  -3.6329e-02  -4.2464e-03
   7.1995e-01   4.2275e+02   2.5529e-02  -3.6553e-02  -4.2326e-03
   7.2813e-01   4.2755e+02   2.5133e-02  -3.6749e-02  -4.2284e-03
   7.3631e-01   4.3236e+02   2.4719e-02  -3.6917e-02  -4.2317e-03
   7.4449e-01   4.3716e+02   2.4289e-02  -3.7057e-02  -4.2401e-03
   7.5267e-01   4.4197e+02   2.3845e-02  -3.7169e-02  -4.2512e-03
   7.6085e-01   4.4677e+02   2.3389e-02  -3.7254e-02  -4.2626e-03
   7.6904e-01   4.5157e+02   2.2923e-02  -3.7314e-02  -4.2724e-03
   7.7722e-01   4.5638e+02   2.2449e-02  -3.7349e-02  -4.2784e-03
   7.8540e-01   4.6118e+02   2.1970e-02  -3.7359e-02  -4.2789e-03
   7.9358e-01   4.6599e+02   2.1487e-02  -3.7347e-02  -4.2722e-03
   8.0176e-01   4.7079e+02   2.1003e-02  -3.7312e-02  -4.2568e-03
   8.0994e-01   4.7559e+02   2.0519e-02  -3.7255e-02  -4.2316e-03
   8.1812e-01   4.8040e+02   2.0038e-02  -3.7179e-02  -4.1959e-03
   8.2630e-01   4.8520e+02   1.9559e-02  -3.7084e-02  -4.1493e-03
   8.3449e-01   4.9001e+02   1.9085e-02  -3.6973e-02  -4.0916e-03
   8.4267e-01   4.9481e+02   1.8615e-02  -3.6850e-02  -4.0226e-03
   8.5085e-01   4.9961e+02   1.8150e-02  -3.6717e-02  -3.9422e-03
   8.5903e-01   5.0442e+02   1.7688e-02  -3.6577e-02  -3.8504e-03
   8.6721e-01   5.0922e+02   1.7231e-02  -3.6432e-02  -3.7471e-03
   8.7539e-01   5.1403e+02   1.6779e-02  -3.6284e-02  -3.6326e-03
   8.8357e-01   5.1883e+02   1.6331e-02  -3.6133e-02  -3.5075e-03
   8.9175e-01   5.2363e+02   1.5890e-02  -3.5978e-02  -3.3725e-03
   8.9994e-01   5.2844e+02   1.5455e-02  -3.5821e-02  -3.2282e-03
   9.0812e-01   5.3324e+02   1.5027e-02  -3.5659e-02  -3.0753e-03
   9.1630e-01   5.3805e+02   1.4606e-02  -3.5494e-02  -2.9144e-03
   9.2448e-01   5.4285e+02   1.4192e-02  -3.5326e-02  -2.7461e-03
   9.3266e-01   5.4765e+02   1.3783e-02  -3.5156e-02  -2.5713e-03
   9.4084e-01   5.5246e+02   1.3378e-02  -3.4983e-02  -2.3913e-03
   9.4902e-01   5.5726e+02   1.2977e-02  -3.4810e-02  -2.2081e-03
   9.5720e-01   5.6206e+02   1.2580e-02  -3.4637e-02  -2.0240e-03
   9.6539e-01   5.6687e+02   1.2187e-02  -3.4464e-02  -1.8415e-03
   9.7357e-01   5.7167e+02   1.1798e-02  -3.4293e-02  -1.6632e-03
   9.8175e-01   5.7648e+02   1.1415e-02  -3.4123e-02  -1.4914e-03
   9.8993e-01   5.8128e+02   1.1039e-02  -3.3957e-02  -1.3279e-03
   9.9811e-01   5.8608e+02   1.0672e-02  -3.3792e-02  -1.1736e-03
   1.0063e+00   5.9089e+02   1.0313e-02  -3.3627e-02  -1.0286e-03
   1.0145e+00   5.9569e+02   9.9620e-03  -3.3462e-02  -8.9231e-04
   1.0227e+00   6.0050e+02   9.6176e-03  -3.3294e-02  -7.6334e-04
   1.0308e+00   6.0530e+02   9.2775e-03  -3.3119e-02  -6.3971e-04
   1.0390e+00   6.1010e+02   8.9388e-03  -3.2937e-02  -5.1908e-04
   1.0472e+00   6.1491e+02   8.5992e-03  -3.2746e-02  -3.9906e-04
   1.0554e+00   6.1971e+02   8.2569e-03  -3.2544e-02  -2.7751e-04
   1.0636e+00   6.2452e+02   7.9113e-03  -3.2332e-02  -1.5282e-04
   1.0717e+00   6.2932e+02   7.5628e-03  -3.2108e-02  -2.4004e-05
   1.0799e+00   6.3412e+02   7.2128e-03  -3.1875e-02   1.0925e-04
   1.0881e+00   6.3893e+02   6.8632e-03  -3.1631e-02   2.4661e-04
   1.0963e+00   6.4373e+02   6.5165e-03  -3.1378e-02   3.8713e-04
   1.1045e+00   6.4854e+02   6.1755e-03  -3.1116e-02   5.2937e-04
   1.1126e+00   6.5334e+02   5.8431e-03  -3.0845e-02   6.7146e-04
   1.1208e+00   6.5814e+02   5.5221e-03  -3.0566e-02   8.1120e-04
   1.1290e+00   6.6295e+02   5.2148e-03  -3.0277e-02   9.4611e-04
   1.1372e+00   6.6775e+02   4.9226e-03  -2.9979e-02   1.0736e-03
   1.1454e+00   6.7256e+02   4.6465e-03  -2.9671e-02   1.1908e-03
   1.1536e+00   6.7736e+02   4.3868e-03  -2.9354e-02   1.2953e-03
   1.1617e+00   6.8216e+02   4.1434e-03  -2.9026e-02   1.3844e-03
   1.1699e+00   6.8697e+02   3.9156e-03  -2.8689e-02   1.4559e-03
   1.1781e+00   6.9177e+02   3.7022e-03  -2.8344e-02   1.5076e-03
   1.1863e+00   6.9658e+02   3.5009e-03  -2.7992e-02   1.5382e-03
   1.1945e+00   7.0138e+02   3.3093e-03  -2.7633e-02   1.5464e-03
   1.2026e+00   7.0618e+02   3.1241e-03  -2.7268e-02   1.5318e-03
   1.2108e+00   7.1099e+02   2.9420e-03  -2.6897e-02   1.4944e-03
   1.2190e+00   7.1579e+02   2.7595e-03  -2.6520e-02   1.4350e-03
   1.2272e+00   7.2060e+02   2.5731e-03  -2.6139e-02   1.3543e-03
   1.2354e+00   7.2540e+02   2.3800e-03  -2.5755e-02   1.2534e-03
   1.2435e+00   7.3020e+02   2.1784e-03  -2.5369e-02   1.1334e-03
   1.2517e+00   7.3501e+02   1.9675e-03  -2.4983e-02   9.9536e-04
   1.2599e+00   7.3981e+02   1.7472e-03  -2.4600e-02   8.4076e-04
   1.2681e+00   7.4462e+02   1.5182e-03  -2.4223e-02   6.7124e-04
   1.2763e+00   7.4942e+02   1.2816e-03  -2.3854e-02   4.8885e-04
   1.2845e+00   7.5422e+02   1.0389e-03  -2.3496e-02   2.9600e-04
   1.2926e+00   7.5903e+02   7.9168e-04  -2.3152e-02   9.5290e-05
   1.3008e+00   7.6383e+02   5.4160e-04  -2.2823e-02  -1.1068e-04
   1.3090e+00   7.6864e+02   2.9014e-04  -2.2509e-02  -3.1944e-04
   1.3172e+00   7.7344e+02   3.8517e-05  -2.2211e-02  -5.2871e-04
   1.3254e+00   7.7824e+02  -2.1208e-04  -2.1929e-02  -7.3645e-04
   1.3335e+00   7.8305e+02  -4.6011e-04  -2.1662e-02  -9.4071e-04
   1.3417e+00   7.8785e+02  -7.0342e-04  -2.1410e-02  -1.1396e-03
   1.3499e+00   7.9266e+02  -9.3911e-04  -2.1171e-02  -1.3311e-03
   1.3581e+00   7.9746e+02  -1.1639e-03  -2.0943e-02  -1.5129e-03
   1.3663e+00   8.0226e+02  -1.3746e-03  -2.0728e-02  -1.6828e-03
   1.3744e+00   8.0707e+02  -1.5685e-03  -2.0523e-02  -1.8382e-03
   1.3826e+00   8.1187e+02  -1.7441e-03  -2.0329e-02  -1.9766e-03
   1.3908e+00   8.1668e+02  -1.9010e-03  -2.0147e-02  -2.0959e-03
   1.3990e+00   8.2148e+02  -2.0399e-03  -1.9978e-02  -2.1942e-03
   1.4072e+00   8.2628e+02  -2.1623e-03  -1.9822e-02  -2.2702e-03
   1.4154e+00   8.3109e+02  -2.2701e-03  -1.9680e-02  -2.3230e-03
   1.4235e+00   8.3589e+02  -2.3653e-03  -1.9552e-02  -2.3525e-03
   1.4317e+00   8.4070e+02  -2.4498e-03  -1.9437e-02  -2.3589e-03
   1.4399e+00   8.4550e+02  -2.5248e-03  -1.9332e-02  -2.3432e-03
   1.4481e+00   8.5030e+02  -2.5911e-03  -1.9236e-02  -2.3070e-03
   1.4563e+00   8.5511e+02  -2.6490e-03  -1.9146e-02  -2.2525e-03
   1.4644e+00   8.5991e+02  -2.6987e-03  -1.9057e-02  -2.1817e-03
   1.4726e+00   8.6472e+02  -2.7403e-03  -1.8969e-02  -2.0971e-03
   1.4808e+00   8.6952e+02  -2.7742e-03  -1.8879e-02  -2.0008e-03
   1.4890e+00   8.7432e+02  -2.8009e-03  -1.8786e-02  -1.8946e-03
   1.4972e+00   8.7913e+02  -2.8207e-03  -1.8689e-02  -1.7801e-03
   1.5053e+00   8.8393e+02  -2.8339e-03  -1.8586e-02  -1.6586e-03
   1.5135e+00   8.8874e+02  -2.8404e-03  -1.8476e-02  -1.5316e-03
   1.5217e+00   8.9354e+02  -2.8396e-03  -1.8356e-02  -1.4004e-03
   1.5299e+00   8.9834e+02  -2.8304e-03  -1.8227e-02  -1.2665e-03
   1.5381e+00   9.0315e+02  -2.8118e-03  -1.8087e-02  -1.1315e-03
   1.5463e+00   9.0795e+02  -2.7825e-03  -1.7937e-02  -9.9670e-04
   1.5544e+00   9.1276e+02  -2.7417e-03  -1.7778e-02  -8.6330e-04
   1.5626e+00   9.1756e+02  -2.6887e-03  -1.7612e-02  -7.3190e-04
   1.5708e+00   9.2236e+02  -2.6232e-03  -1.7442e-02  -6.0261e-04
   1.5790e+00   9.2717e+02  -2.5452e-03  -1.7270e-02  -4.7502e-04
   1.5872e+00   9.3197e+02  -2.4546e-03  -1.7101e-02  -3.4840e-04
   1.5953e+00   9.3677e+02  -2.3516e-03  -1.6938e-02  -2.2181e-04
   1.6035e+00   9.4158e+02  -2.2367e-03  -1.6784e-02  -9.4130e-05
   1.6117e+00   9.4638e+02  -2.1110e-03  -1.6643e-02   3.5862e-05
   1.6199e+00   9.5119e+02  -1.9754e-03  -1.6519e-02   1.6946e-04
   1.6281e+00   9.5599e+02  -1.8313e-03  -1.6415e-02   3.0780e-04
   1.6362e+00   9.6079e+02  -1.6793e-03  -1.6334e-02   4.5163e-04
   1.6444e+00   9.6560e+02  -1.5199e-03  -1.6278e-02   6.0111e-04
   1.6526e+00   9.7040e+02  -1.3527e-03  -1.6250e-02   7.5574e-04
   1.6608e+00   9.7521e+02  -1.1772e-03  -1.6249e-02   9.1452e-04
   1.6690e+00   9.8001e+02  -9.9215e-04  -1.6275e-02   1.0760e-03
   1.6772e+00   9.8481e+02  -7.9646e-04  -1.6328e-02   1.2386e-03
   1.6853e+00   9.8962e+02  -5.8897e-04  -1.6407e-02   1.4002e-03
   1.6935e+00   9.9442e+02  -3.6869e-04  -1.6511e-02   1.5588e-03
   1.7017e+00   9.9923e+02  -1.3468e-04  -1.6638e-02   1.7121e-03
   1.7099e+00   1.0040e+03   1.1416e-04  -1.6788e-02   1.8582e-03
   1.7181e+00   1.0088e+03   3.7930e-04  -1.6960e-02   1.9951e-03
   1.7262e+00   1.0136e+03   6.6256e-04  -1.7155e-02   2.1215e-03
   1.7344e+00   1.0184e+03   9.6598e-04  -1.7370e-02   2.2363e-03
   1.7426e+00   1.0232e+03   1.2915e-03  -1.7607e-02   2.3390e-03
   1.7508e+00   1.0281e+03   1.6405e-03  -1.7863e-02   2.4299e-03
   1.7590e+00   1.0329e+03   2.0139e-03  -1.8139e-02   2.5097e-03
   1.7671e+00   1.0377e+03   2.4116e-03  -1.8432e-02   2.5796e-03
   1.7753e+00   1.0425e+03   2.8328e-03  -1.8742e-02   2.6411e-03
   1.7835e+00   1.0473e+03   3.2765e-03  -1.9067e-02   2.6958e-03
   1.7917e+00   1.0521e+03   3.7411e-03  -1.9408e-02   2.7448e-03
   1.7999e+00   1.0569e+03   4.2252e-03  -1.9765e-02   2.7895e-03
   1.8081e+00   1.0617e+03   4.7274e-03  -2.0136e-02   2.8306e-03
   1.8162e+00   1.0665e+03   5.2468e-03  -2.0522e-02   2.8685e-03
   1.8244e+00   1.0713e+03   5.7824e-03  -2.0922e-02   2.9032e-03
   1.8326e+00   1.0761e+03   6.3333e-03  -2.1333e-02   2.9345e-03
   1.8408e+00   1.0809e+03   6.8976e-03  -2.1753e-02   2.9618e-03
   1.8490e+00   1.0857e+03   7.4729e-03  -2.2180e-02   2.9842e-03
   1.8571e+00   1.0905e+03   8.0559e-03  -2.2611e-02   3.0010e-03
   1.8653e+00   1.0953e+03   8.6425e-03  -2.3042e-02   3.0114e-03
   1.8735e+00   1.1001e+03   9.2286e-03  -2.3473e-02   3.0151e-03
   1.8817e+00   1.1049e+03   9.8095e-03  -2.3902e-02   3.0120e-03
   1.8899e+00   1.1097e+03   1.0381e-02  -2.4330e-02   3.0030e-03
   1.8980e+00   1.1145e+03   1.0938e-02  -2.4755e-02   2.9895e-03
   1.9062e+00   1.1193e+03   1.1477e-02  -2.5180e-02   2.9735e-03
   1.9144e+00   1.1241e+03   1.1993e-02  -2.5606e-02   2.9570e-03
   1.9226e+00   1.1289e+03   1.2484e-02  -2.6033e-02   2.9421e-03
   1.9308e+00   1.1337e+03   1.2946e-02  -2.6462e-02   2.9305e-03
   1.9390e+00   1.1385e+03   1.3376e-02  -2.6892e-02   2.9233e-03
   1.9471e+00   1.1433e+03   1.3772e-02  -2.7322e-02   2.9211e-03
   1.9553e+00   1.1481e+03   1.4130e-02  -2.7750e-02   2.9237e-03
   1.9635e+00   1.1530e+03   1.4448e-02  -2.8172e-02   2.9305e-03
   1.9717e+00   1.1578e+03   1.4723e-02  -2.8585e-02   2.9409e-03
   1.9799e+00   1.1626e+03   1.4954e-02  -2.8985e-02   2.9542e-03
   1.9880e+00   1.1674e+03   1.5140e-02  -2.9369e-02   2.9696e-03
   1.9962e+00   1.1722e+03   1.5282e-02  -2.9733e-02   2.9860e-03
   2.0044e+00   1.1770e+03   1.5384e-02  -3.0078e-02   3.0024e-03
   2.0126e+00   1.1818e+03   1.5448e-02  -3.0400e-02   3.0176e-03
   2.0208e+00   1.1866e+03   1.5481e-02  -3.0702e-02   3.0306e-03
   2.0289e+00   1.1914e+03   1.5487e-02  -3.0984e-02   3.0407e-03
   2.0371e+00   1.1962e+03   1.5472e-02  -3.1247e-02   3.0472e-03
   2.0453e+00   1.2010e+03   1.5443e-02  -3.1493e-02   3.0496e-03
   2.0535e+00   1.2058e+03   1.5402e-02  -3.1724e-02   3.0477e-03
   2.0617e+00   1.2106e+03   1.5353e-02  -3.1944e-02   3.0411e-03
   2.0699e+00   1.2154e+03   1.5298e-02  -3.2153e-02   3.0302e-03
   2.0780e+00   1.2202e+03   1.5237e-02  -3.2355e-02   3.0156e-03
   2.0862e+00   1.2250e+03   1.5173e-02  -3.2552e-02   2.9980e-03
   2.0944e+00   1.2298e+03   1.5105e-02  -3.2745e-02   2.9784e-03
   2.1026e+00   1.2346e+03   1.5035e-02  -3.2935e-02   2.9576e-03
   2.1108e+00   1.2394e+03   1.4962e-02  -3.3123e-02   2.9360e-03
   2.1189e+00   1.2442e+03   1.4888e-02  -3.3310e-02   2.9138e-03
   2.1271e+00   1.2490e+03   1.4812e-02  -3.3493e-02   2.8912e-03
   2.1353e+00   1.2538e+03   1.4736e-02  -3.3674e-02   2.8680e-03
   2.1435e+00   1.2586e+03   1.4659e-02  -3.3851e-02   2.8443e-03
   2.1517e+00   1.2634e+03   1.4581e-02  -3.4024e-02   2.8203e-03
   2.1598e+00   1.2682e+03   1.4502e-02  -3.4191e-02   2.7963e-03
   2.1680e+00   1.2731e+03   1.4423e-02  -3.4352e-02   2.7729e-03
   2.1762e+00   1.2779e+03   1.4342e-02  -3.4507e-02   2.7513e-03
   2.1844e+00   1.2827e+03   1.4261e-02  -3.4653e-02   2.7325e-03
   2.1926e+00   1.2875e+03   1.4178e-02  -3.4792e-02   2.7179e-03
   2.2008e+00   1.2923e+03   1.4094e-02  -3.4923e-02   2.7084e-03
   2.2089e+00   1.2971e+03   1.4007e-02  -3.5048e-02   2.7050e-03
   2.2171e+00   1.3019e+03   1.3917e-02  -3.5166e-02   2.7081e-03
   2.2253e+00   1.3067e+03   1.3822e-02  -3.5278e-02   2.7180e-03
   2.2335e+00   1.3115e+03   1.3720e-02  -3.5384e-02   2.7348e-03
   2.2417e+00   1.3163e+03   1.3612e-02  -3.5487e-02   2.7588e-03
   2.2498e+00   1.3211e+03   1.3496e-02  -3.5585e-02   2.7907e-03
   2.2580e+00   1.3259e+03   1.3371e-02  -3.5680e-02   2.8311e-03
   2.2662e+00   1.3307e+03   1.3240e-02  -3.5774e-02   2.8806e-03
   2.2744e+00   1.3355e+03   1.3102e-02  -3.5867e-02   2.9397e-03
   2.2826e+00   1.3403e+03   1.2959e-02  -3.5961e-02   3.0089e-03
   2.2907e+00   1.3451e+03   1.2815e-02  -3.6057e-02   3.0883e-03
   2.2989e+00   1.3499e+03   1.2670e-02  -3.6153e-02   3.1779e-03
   2.3071e+00   1.3547e+03   1.2527e-02  -3.6251e-02   3.2774e-03
   2.3153e+00   1.3595e+03   1.2387e-02  -3.6348e-02   3.3863e-03
   2.3235e+00   1.3643e+03   1.2252e-02  -3.6442e-02   3.5038e-03
   2.3317e+00   1.3691e+03   1.2123e-02  -3.6532e-02   3.6287e-03
   2.3398e+00   1.3739e+03   1.2001e-02  -3.6613e-02   3.7594e-03
   2.3480e+00   1.3787e+03   1.1887e-02  -3.6684e-02   3.8940e-03
   2.3562e+00   1.3835e+03   1.1783e-02  -3.6739e-02   4.0300e-03
   2.3644e+00   1.3883e+03   1.1689e-02  -3.6777e-02   4.1653e-03
   2.3726e+00   1.3932e+03   1.1606e-02  -3.6794e-02   4.2976e-03
   2.3807e+00   1.3980e+03   1.1533e-02  -3.6786e-02   4.4249e-03
   2.3889e+00   1.4028e+03   1.1472e-02  -3.6751e-02   4.5457e-03
   2.3971e+00   1.4076e+03   1.1422e-02  -3.6687e-02   4.6587e-03
   2.4053e+00   1.4124e+03   1.1383e-02  -3.6592e-02   4.7630e-03
   2.4135e+00   1.4172e+03   1.1356e-02  -3.6464e-02   4.8579e-03
   2.4216e+00   1.4220e+03   1.1338e-02  -3.6301e-02   4.9431e-03
   2.4298e+00   1.4268e+03   1.1329e-02  -3.6105e-02   5.0180e-03
   2.4380e+00   1.4316e+03   1.1326e-02  -3.5874e-02   5.0828e-03
   2.4462e+00   1.4364e+03   1.1327e-02  -3.5609e-02   5.1373e-03
   2.4544e+00   1.4412e+03   1.1330e-02  -3.5312e-02   5.1817e-03
   2.4626e+00   1.4460e+03   1.1333e-02  -3.4983e-02   5.2158e-03
   2.4707e+00   1.4508e+03   1.1336e-02  -3.4624e-02   5.2391e-03
   2.4789e+00   1.4556e+03   1.1338e-02  -3.4236e-02   5.2510e-03
   2.4871e+00   1.4604e+03   1.1340e-02  -3.3819e-02   5.2509e-03
   2.4953e+00   1.4652e+03   1.1343e-02  -3.3376e-02   5.2381e-03
   2.5035e+00   1.4700e+03   1.1348e-02  -3.2904e-02   5.2122e-03
   2.5116e+00   1.4748e+03   1.1355e-02  -3.2404e-02   5.1734e-03
   2.5198e+00   1.4796e+03   1.1366e-02  -3.1874e-02   5.1214e-03
   2.5280e+00   1.4844e+03   1.1380e-02  -3.1314e-02   5.0564e-03
   2.5362e+00   1.4892e+03   1.1397e-02  -3.0722e-02   4.9783e-03
   2.5444e+00   1.4940e+03   1.1417e-02  -3.0098e-02   4.8872e-03
   2.5525e+00   1.4988e+03   1.1441e-02  -2.9441e-02   4.7831e-03
   2.5607e+00   1.5036e+03   1.1467e-02  -2.8751e-02   4.6662e-03
   2.5689e+00   1.5084e+03   1.1495e-02  -2.8026e-02   4.5364e-03
   2.5771e+00   1.5133e+03   1.1525e-02  -2.7267e-02   4.3933e-03
   2.5853e+00   1.5181e+03   1.1555e-02  -2.6473e-02   4.2359e-03
   2.5935e+00   1.5229e+03   1.1582e-02  -2.5644e-02   4.0632e-03
   2.6016e+00   1.5277e+03   1.1605e-02  -2.4781e-02   3.8738e-03
   2.6098e+00   1.5325e+03   1.1619e-02  -2.3882e-02   3.6665e-03
   2.6180e+00   1.5373e+03   1.1622e-02  -2.2948e-02   3.4407e-03
   2.6262e+00   1.5421e+03   1.1610e-02  -2.1979e-02   3.1967e-03
   2.6344e+00   1.5469e+03   1.1577e-02  -2.0975e-02   2.9355e-03
   2.6425e+00   1.5517e+03   1.1519e-02  -1.9937e-02   2.6591e-03
   2.6507e+00   1.5565e+03   1.1432e-02  -1.8865e-02   2.3705e-03
   2.6589e+00   1.5613e+03   1.1311e-02  -1.7759e-02   2.0730e-03
   2.6671e+00   1.5661e+03   1.1151e-02  -1.6618e-02   1.7696e-03
   2.6753e+00   1.5709e+03   1.0947e-02  -1.5444e-02   1.4628e-03
   2.6834e+00   1.5757e+03   1.0694e-02  -1.4236e-02   1.1539e-03
   2.6916e+00   1.5805e+03   1.0386e-02  -1.2995e-02   8.4324e-04
   2.6998e+00   1.5853e+03   1.0018e-02  -1.1722e-02   5.3034e-04
   2.7080e+00   1.5901e+03   9.5848e-03  -1.0418e-02   2.1421e-04
   2.7162e+00   1.5949e+03   9.0810e-03  -9.0832e-03  -1.0613e-04
   2.7243e+00   1.5997e+03   8.5034e-03  -7.7182e-03  -4.3146e-04
   2.7325e+00   1.6045e+03   7.8501e-03  -6.3240e-03  -7.6213e-04
   2.7407e+00   1.6093e+03   7.1202e-03  -4.9009e-03  -1.0980e-03
   2.7489e+00   1.6141e+03   6.3142e-03  -3.4486e-03  -1.4382e-03
   2.7571e+00   1.6189e+03   5.4330e-03  -1.9662e-03  -1.7819e-03
   2.7653e+00   1.6237e+03   4.4783e-03  -4.5131e-04  -2.1278e-03
   2.7734e+00   1.6285e+03   3.4515e-03   1.0993e-03  -2.4751e-03
   2.7816e+00   1.6334e+03   2.3538e-03   2.6900e-03  -2.8229e-03
   2.7898e+00   1.6382e+03   1.1857e-03   4.3263e-03  -3.1712e-03
   2.7980e+00   1.6430e+03  -5.2453e-05   6.0139e-03  -3.5200e-03
   2.8062e+00   1.6478e+03  -1.3609e-03   7.7584e-03  -3.8696e-03
   2.8143e+00   1.6526e+03  -2.7402e-03   9.5648e-03  -4.2199e-03
   2.8225e+00   1.6574e+03  -4.1916e-03   1.1437e-02  -4.5707e-03
   2.8307e+00   1.6622e+03  -5.7171e-03   1.3377e-02  -4.9215e-03
   2.8389e+00   1.6670e+03  -7.3205e-03   1.5385e-02  -5.2720e-03
   2.8471e+00   1.6718e+03  -9.0068e-03   1.7462e-02  -5.6222e-03
   2.8552e+00   1.6766e+03  -1.0782e-02   1.9606e-02  -5.9725e-03
   2.8634e+00   1.6814e+03  -1.2655e-02   2.1814e-02  -6.3232e-03
   2.8716e+00   1.6862e+03  -1.4632e-02   2.4083e-02  -6.6744e-03
   2.8798e+00   1.6910e+03  -1.6723e-02   2.6410e-02  -7.0252e-03
   2.8880e+00   1.6958e+03  -1.8936e-02   2.8789e-02  -7.3744e-03
   2.8962e+00   1.7006e+03  -2.1280e-02   3.1217e-02  -7.7194e-03
   2.9043e+00   1.7054e+03  -2.3763e-02   3.3690e-02  -8.0572e-03
   2.9125e+00   1.7102e+03  -2.6391e-02   3.6203e-02  -8.3839e-03
   2.9207e+00   1.7150e+03  -2.9170e-02   3.8753e-02  -8.6953e-03
   2.9289e+00   1.7198e+03  -3.2105e-02   4.1338e-02  -8.9873e-03
   2.9371e+00   1.7246e+03  -3.5203e-02   4.3955e-02  -9.2562e-03
   2.9452e+00   1.7294e+03  -3.8468e-02   4.6601e-02  -9.4994e-03
   2.9534e+00   1.7342e+03  -4.1910e-02   4.9272e-02  -9.7149e-03
   2.9616e+00   1.7390e+03  -4.5537e-02   5.1964e-02  -9.9021e-03
   2.9698e+00   1.7438e+03  -4.9356e-02   5.4671e-02  -1.0061e-02
   2.9780e+00   1.7486e+03  -5.3375e-02   5.7387e-02  -1.0192e-02
   2.9861e+00   1.7535e+03  -5.7597e-02   6.0103e-02  -1.0297e-02
   2.9943e+00   1.7583e+03  -6.2025e-02   6.2812e-02  -1.0376e-02
   3.0025e+00   1.7631e+03  -6.6655e-02   6.5506e-02  -1.0432e-02
   3.0107e+00   1.7679e+03  -7.1480e-02   6.8174e-02  -1.0467e-02
   3.0189e+00   1.7727e+03  -7.6486e-02   7.0809e-02  -1.0481e-02
   3.0271e+00   1.7775e+03  -8.1656e-02   7.3402e-02  -1.0479e-02
   3.0352e+00   1.7823e+03  -8.6963e-02   7.5945e-02  -1.0463e-02
   3.0434e+00   1.7871e+03  -9.2376e-02   7.8428e-02  -1.0439e-02
   3.0516e+00   1.7919e+03  -9.7850e-02   8.0839e-02  -1.0411e-02
   3.0598e+00   1.7967e+03  -1.0333e-01   8.3167e-02  -1.0386e-02
   3.0680e+00   1.8015e+03  -1.0876e-01   8.5392e-02  -1.0370e-02
   3.0761e+00   1.8063e+03  -1.1405e-01   8.7495e-02  -1.0370e-02
   3.0843e+00   1.8111e+03  -1.1912e-01   8.9449e-02  -1.0395e-02
   3.0925e+00   1.8159e+03  -1.2385e-01   9.1224e-02  -1.0455e-02
   3.1007e+00   1.8207e+03  -1.2813e-01   9.2782e-02  -1.0560e-02
   3.1089e+00   1.8255e+03  -1.3184e-01   9.4084e-02  -1.0724e-02
   3.1170e+00   1.8303e+03  -1.3485e-01   9.5086e-02  -1.0962e-02
   3.1252e+00   1.8351e+03  -1.3705e-01   9.5751e-02  -1.1286e-02
   3.1334e+00   1.8399e+03  -1.3837e-01   9.6046e-02  -1.1709e-02
