# The data in this file was extracted from a direct numerical
# simulation of fully developed plane turbulent channel
# flow. Particulars are listed below. Note that some of the statistical
# quantities provided in this data set should be zero due to
# (statistical) symmetries in the flow. These quantities are reported
# here none-the-less as an indicator of the quality of the statistics.
# more statistics from this data set are available at 
# http://www.tam.uiuc.edu/Faculty/Moser/channel 
#
# Authors: Moser, Kim & Mansour
# Reference: DNS of Turbulent Channel Flow up to Re_tau=590, 1999,
#            Physics of Fluids, vol 11, 943-945.
# Numerical Method: Kim, Moin & Moser, 1987, J. Fluid Mech. vol 177, 133-166 
# Re_tau = 587.19
# Normalization: U_tau, h 
# Description: Spanwise (z) Two-point cross correlations of velocity and pressure at indicated y-location 
# Filename: chan590/correlations/chan590.zccorr.152 
# Date File Created: Feb 29, 2000 
#
#---End of Header---
# 
# nz = 384,  Re = 587.19,  y = 0.25905,  y+ = 152.11
#      dz           dz+         R_uv         R_up         R_vp
#
   0.0000e+00   0.0000e+00  -7.1026e-01   4.2706e-01  -1.1605e-01
   8.1812e-03   4.8040e+00  -7.0443e-01   4.2559e-01  -1.1584e-01
   1.6362e-02   9.6079e+00  -6.8827e-01   4.2181e-01  -1.1593e-01
   2.4544e-02   1.4412e+01  -6.6301e-01   4.1598e-01  -1.1589e-01
   3.2725e-02   1.9216e+01  -6.3050e-01   4.0844e-01  -1.1531e-01
   4.0906e-02   2.4020e+01  -5.9277e-01   3.9949e-01  -1.1395e-01
   4.9087e-02   2.8824e+01  -5.5171e-01   3.8938e-01  -1.1173e-01
   5.7269e-02   3.3628e+01  -5.0893e-01   3.7831e-01  -1.0873e-01
   6.5450e-02   3.8432e+01  -4.6567e-01   3.6646e-01  -1.0506e-01
   7.3631e-02   4.3236e+01  -4.2290e-01   3.5399e-01  -1.0087e-01
   8.1812e-02   4.8040e+01  -3.8128e-01   3.4105e-01  -9.6274e-02
   8.9994e-02   5.2844e+01  -3.4126e-01   3.2776e-01  -9.1388e-02
   9.8175e-02   5.7648e+01  -3.0313e-01   3.1424e-01  -8.6299e-02
   1.0636e-01   6.2452e+01  -2.6705e-01   3.0058e-01  -8.1085e-02
   1.1454e-01   6.7256e+01  -2.3310e-01   2.8686e-01  -7.5814e-02
   1.2272e-01   7.2060e+01  -2.0131e-01   2.7315e-01  -7.0548e-02
   1.3090e-01   7.6864e+01  -1.7162e-01   2.5952e-01  -6.5339e-02
   1.3908e-01   8.1668e+01  -1.4398e-01   2.4605e-01  -6.0232e-02
   1.4726e-01   8.6472e+01  -1.1829e-01   2.3280e-01  -5.5270e-02
   1.5544e-01   9.1275e+01  -9.4457e-02   2.1983e-01  -5.0492e-02
   1.6362e-01   9.6079e+01  -7.2363e-02   2.0717e-01  -4.5925e-02
   1.7181e-01   1.0088e+02  -5.1900e-02   1.9487e-01  -4.1588e-02
   1.7999e-01   1.0569e+02  -3.2962e-02   1.8293e-01  -3.7481e-02
   1.8817e-01   1.1049e+02  -1.5452e-02   1.7137e-01  -3.3594e-02
   1.9635e-01   1.1530e+02   7.1673e-04   1.6020e-01  -2.9908e-02
   2.0453e-01   1.2010e+02   1.5618e-02   1.4943e-01  -2.6406e-02
   2.1271e-01   1.2490e+02   2.9322e-02   1.3907e-01  -2.3080e-02
   2.2089e-01   1.2971e+02   4.1895e-02   1.2913e-01  -1.9928e-02
   2.2907e-01   1.3451e+02   5.3405e-02   1.1963e-01  -1.6956e-02
   2.3726e-01   1.3932e+02   6.3917e-02   1.1055e-01  -1.4166e-02
   2.4544e-01   1.4412e+02   7.3501e-02   1.0188e-01  -1.1558e-02
   2.5362e-01   1.4892e+02   8.2225e-02   9.3612e-02  -9.1307e-03
   2.6180e-01   1.5373e+02   9.0161e-02   8.5733e-02  -6.8815e-03
   2.6998e-01   1.5853e+02   9.7373e-02   7.8229e-02  -4.8080e-03
   2.7816e-01   1.6334e+02   1.0391e-01   7.1089e-02  -2.9046e-03
   2.8634e-01   1.6814e+02   1.0982e-01   6.4306e-02  -1.1635e-03
   2.9452e-01   1.7294e+02   1.1511e-01   5.7874e-02   4.2526e-04
   3.0271e-01   1.7775e+02   1.1980e-01   5.1787e-02   1.8745e-03
   3.1089e-01   1.8255e+02   1.2392e-01   4.6041e-02   3.2020e-03
   3.1907e-01   1.8735e+02   1.2748e-01   4.0631e-02   4.4273e-03
   3.2725e-01   1.9216e+02   1.3053e-01   3.5553e-02   5.5669e-03
   3.3543e-01   1.9696e+02   1.3312e-01   3.0801e-02   6.6293e-03
   3.4361e-01   2.0177e+02   1.3528e-01   2.6364e-02   7.6145e-03
   3.5179e-01   2.0657e+02   1.3707e-01   2.2226e-02   8.5175e-03
   3.5997e-01   2.1137e+02   1.3852e-01   1.8369e-02   9.3338e-03
   3.6816e-01   2.1618e+02   1.3964e-01   1.4775e-02   1.0065e-02
   3.7634e-01   2.2098e+02   1.4046e-01   1.1429e-02   1.0715e-02
   3.8452e-01   2.2579e+02   1.4099e-01   8.3080e-03   1.1288e-02
   3.9270e-01   2.3059e+02   1.4125e-01   5.3888e-03   1.1786e-02
   4.0088e-01   2.3539e+02   1.4128e-01   2.6464e-03   1.2202e-02
   4.0906e-01   2.4020e+02   1.4110e-01   5.9063e-05   1.2528e-02
   4.1724e-01   2.4500e+02   1.4074e-01  -2.3888e-03   1.2758e-02
   4.2542e-01   2.4981e+02   1.4020e-01  -4.7069e-03   1.2889e-02
   4.3361e-01   2.5461e+02   1.3950e-01  -6.9008e-03   1.2929e-02
   4.4179e-01   2.5941e+02   1.3865e-01  -8.9745e-03   1.2892e-02
   4.4997e-01   2.6422e+02   1.3770e-01  -1.0931e-02   1.2798e-02
   4.5815e-01   2.6902e+02   1.3665e-01  -1.2772e-02   1.2669e-02
   4.6633e-01   2.7383e+02   1.3554e-01  -1.4501e-02   1.2523e-02
   4.7451e-01   2.7863e+02   1.3439e-01  -1.6119e-02   1.2379e-02
   4.8269e-01   2.8343e+02   1.3321e-01  -1.7629e-02   1.2249e-02
   4.9087e-01   2.8824e+02   1.3203e-01  -1.9031e-02   1.2141e-02
   4.9906e-01   2.9304e+02   1.3086e-01  -2.0327e-02   1.2059e-02
   5.0724e-01   2.9785e+02   1.2970e-01  -2.1523e-02   1.2006e-02
   5.1542e-01   3.0265e+02   1.2859e-01  -2.2624e-02   1.1978e-02
   5.2360e-01   3.0745e+02   1.2752e-01  -2.3639e-02   1.1971e-02
   5.3178e-01   3.1226e+02   1.2651e-01  -2.4579e-02   1.1976e-02
   5.3996e-01   3.1706e+02   1.2553e-01  -2.5451e-02   1.1986e-02
   5.4814e-01   3.2187e+02   1.2459e-01  -2.6264e-02   1.1994e-02
   5.5632e-01   3.2667e+02   1.2365e-01  -2.7021e-02   1.1997e-02
   5.6450e-01   3.3147e+02   1.2271e-01  -2.7719e-02   1.1995e-02
   5.7269e-01   3.3628e+02   1.2178e-01  -2.8355e-02   1.1987e-02
   5.8087e-01   3.4108e+02   1.2085e-01  -2.8926e-02   1.1968e-02
   5.8905e-01   3.4589e+02   1.1992e-01  -2.9431e-02   1.1930e-02
   5.9723e-01   3.5069e+02   1.1899e-01  -2.9878e-02   1.1862e-02
   6.0541e-01   3.5549e+02   1.1805e-01  -3.0277e-02   1.1760e-02
   6.1359e-01   3.6030e+02   1.1706e-01  -3.0635e-02   1.1622e-02
   6.2177e-01   3.6510e+02   1.1601e-01  -3.0954e-02   1.1453e-02
   6.2995e-01   3.6991e+02   1.1486e-01  -3.1221e-02   1.1255e-02
   6.3814e-01   3.7471e+02   1.1361e-01  -3.1415e-02   1.1028e-02
   6.4632e-01   3.7951e+02   1.1224e-01  -3.1507e-02   1.0769e-02
   6.5450e-01   3.8432e+02   1.1073e-01  -3.1466e-02   1.0471e-02
   6.6268e-01   3.8912e+02   1.0910e-01  -3.1265e-02   1.0124e-02
   6.7086e-01   3.9393e+02   1.0732e-01  -3.0880e-02   9.7138e-03
   6.7904e-01   3.9873e+02   1.0542e-01  -3.0294e-02   9.2292e-03
   6.8722e-01   4.0353e+02   1.0339e-01  -2.9501e-02   8.6666e-03
   6.9540e-01   4.0834e+02   1.0127e-01  -2.8497e-02   8.0327e-03
   7.0359e-01   4.1314e+02   9.9058e-02  -2.7291e-02   7.3421e-03
   7.1177e-01   4.1795e+02   9.6782e-02  -2.5900e-02   6.6114e-03
   7.1995e-01   4.2275e+02   9.4465e-02  -2.4351e-02   5.8519e-03
   7.2813e-01   4.2755e+02   9.2134e-02  -2.2672e-02   5.0654e-03
   7.3631e-01   4.3236e+02   8.9812e-02  -2.0893e-02   4.2465e-03
   7.4449e-01   4.3716e+02   8.7514e-02  -1.9034e-02   3.3880e-03
   7.5267e-01   4.4197e+02   8.5245e-02  -1.7109e-02   2.4853e-03
   7.6085e-01   4.4677e+02   8.3008e-02  -1.5126e-02   1.5418e-03
   7.6904e-01   4.5157e+02   8.0802e-02  -1.3092e-02   5.7149e-04
   7.7722e-01   4.5638e+02   7.8626e-02  -1.1019e-02  -4.0086e-04
   7.8540e-01   4.6118e+02   7.6482e-02  -8.9264e-03  -1.3438e-03
   7.9358e-01   4.6599e+02   7.4377e-02  -6.8435e-03  -2.2242e-03
   8.0176e-01   4.7079e+02   7.2329e-02  -4.7990e-03  -3.0136e-03
   8.0994e-01   4.7559e+02   7.0353e-02  -2.8158e-03  -3.6946e-03
   8.1812e-01   4.8040e+02   6.8463e-02  -9.0529e-04  -4.2660e-03
   8.2630e-01   4.8520e+02   6.6658e-02   9.3440e-04  -4.7423e-03
   8.3449e-01   4.9001e+02   6.4928e-02   2.7160e-03  -5.1473e-03
   8.4267e-01   4.9481e+02   6.3254e-02   4.4589e-03  -5.5069e-03
   8.5085e-01   4.9961e+02   6.1608e-02   6.1842e-03  -5.8443e-03
   8.5903e-01   5.0442e+02   5.9956e-02   7.9101e-03  -6.1775e-03
   8.6721e-01   5.0922e+02   5.8266e-02   9.6482e-03  -6.5187e-03
   8.7539e-01   5.1403e+02   5.6513e-02   1.1401e-02  -6.8730e-03
   8.8357e-01   5.1883e+02   5.4683e-02   1.3162e-02  -7.2392e-03
   8.9175e-01   5.2363e+02   5.2772e-02   1.4912e-02  -7.6127e-03
   8.9994e-01   5.2844e+02   5.0786e-02   1.6627e-02  -7.9874e-03
   9.0812e-01   5.3324e+02   4.8737e-02   1.8279e-02  -8.3567e-03
   9.1630e-01   5.3805e+02   4.6642e-02   1.9845e-02  -8.7125e-03
   9.2448e-01   5.4285e+02   4.4521e-02   2.1305e-02  -9.0443e-03
   9.3266e-01   5.4765e+02   4.2393e-02   2.2643e-02  -9.3403e-03
   9.4084e-01   5.5246e+02   4.0281e-02   2.3842e-02  -9.5913e-03
   9.4902e-01   5.5726e+02   3.8199e-02   2.4890e-02  -9.7927e-03
   9.5720e-01   5.6206e+02   3.6158e-02   2.5780e-02  -9.9441e-03
   9.6539e-01   5.6687e+02   3.4163e-02   2.6518e-02  -1.0046e-02
   9.7357e-01   5.7167e+02   3.2216e-02   2.7115e-02  -1.0098e-02
   9.8175e-01   5.7648e+02   3.0316e-02   2.7590e-02  -1.0094e-02
   9.8993e-01   5.8128e+02   2.8469e-02   2.7965e-02  -1.0028e-02
   9.9811e-01   5.8608e+02   2.6678e-02   2.8261e-02  -9.8904e-03
   1.0063e+00   5.9089e+02   2.4946e-02   2.8499e-02  -9.6766e-03
   1.0145e+00   5.9569e+02   2.3276e-02   2.8694e-02  -9.3857e-03
   1.0227e+00   6.0050e+02   2.1667e-02   2.8857e-02  -9.0245e-03
   1.0308e+00   6.0530e+02   2.0118e-02   2.8989e-02  -8.6084e-03
   1.0390e+00   6.1010e+02   1.8623e-02   2.9087e-02  -8.1603e-03
   1.0472e+00   6.1491e+02   1.7174e-02   2.9147e-02  -7.7075e-03
   1.0554e+00   6.1971e+02   1.5766e-02   2.9167e-02  -7.2787e-03
   1.0636e+00   6.2452e+02   1.4400e-02   2.9152e-02  -6.9001e-03
   1.0717e+00   6.2932e+02   1.3082e-02   2.9121e-02  -6.5904e-03
   1.0799e+00   6.3412e+02   1.1821e-02   2.9098e-02  -6.3598e-03
   1.0881e+00   6.3893e+02   1.0623e-02   2.9113e-02  -6.2113e-03
   1.0963e+00   6.4373e+02   9.4926e-03   2.9191e-02  -6.1440e-03
   1.1045e+00   6.4854e+02   8.4348e-03   2.9346e-02  -6.1531e-03
   1.1126e+00   6.5334e+02   7.4564e-03   2.9582e-02  -6.2301e-03
   1.1208e+00   6.5814e+02   6.5667e-03   2.9891e-02  -6.3654e-03
   1.1290e+00   6.6295e+02   5.7745e-03   3.0260e-02  -6.5502e-03
   1.1372e+00   6.6775e+02   5.0836e-03   3.0669e-02  -6.7791e-03
   1.1454e+00   6.7256e+02   4.4877e-03   3.1098e-02  -7.0494e-03
   1.1536e+00   6.7736e+02   3.9699e-03   3.1526e-02  -7.3573e-03
   1.1617e+00   6.8216e+02   3.5100e-03   3.1931e-02  -7.6958e-03
   1.1699e+00   6.8697e+02   3.0930e-03   3.2290e-02  -8.0529e-03
   1.1781e+00   6.9177e+02   2.7095e-03   3.2582e-02  -8.4099e-03
   1.1863e+00   6.9658e+02   2.3459e-03   3.2789e-02  -8.7417e-03
   1.1945e+00   7.0138e+02   1.9789e-03   3.2905e-02  -9.0227e-03
   1.2026e+00   7.0618e+02   1.5810e-03   3.2935e-02  -9.2330e-03
   1.2108e+00   7.1099e+02   1.1277e-03   3.2896e-02  -9.3601e-03
   1.2190e+00   7.1579e+02   6.0180e-04   3.2811e-02  -9.3977e-03
   1.2272e+00   7.2060e+02  -3.1856e-06   3.2696e-02  -9.3454e-03
   1.2354e+00   7.2540e+02  -6.8199e-04   3.2565e-02  -9.2090e-03
   1.2435e+00   7.3020e+02  -1.4212e-03   3.2427e-02  -9.0008e-03
   1.2517e+00   7.3501e+02  -2.2059e-03   3.2285e-02  -8.7371e-03
   1.2599e+00   7.3981e+02  -3.0238e-03   3.2146e-02  -8.4347e-03
   1.2681e+00   7.4462e+02  -3.8668e-03   3.2027e-02  -8.1090e-03
   1.2763e+00   7.4942e+02  -4.7327e-03   3.1953e-02  -7.7745e-03
   1.2845e+00   7.5422e+02  -5.6242e-03   3.1957e-02  -7.4452e-03
   1.2926e+00   7.5903e+02  -6.5453e-03   3.2073e-02  -7.1382e-03
   1.3008e+00   7.6383e+02  -7.4950e-03   3.2327e-02  -6.8740e-03
   1.3090e+00   7.6864e+02  -8.4676e-03   3.2733e-02  -6.6755e-03
   1.3172e+00   7.7344e+02  -9.4598e-03   3.3290e-02  -6.5628e-03
   1.3254e+00   7.7824e+02  -1.0473e-02   3.3987e-02  -6.5498e-03
   1.3335e+00   7.8305e+02  -1.1507e-02   3.4799e-02  -6.6433e-03
   1.3417e+00   7.8785e+02  -1.2564e-02   3.5699e-02  -6.8430e-03
   1.3499e+00   7.9266e+02  -1.3642e-02   3.6653e-02  -7.1419e-03
   1.3581e+00   7.9746e+02  -1.4744e-02   3.7628e-02  -7.5247e-03
   1.3663e+00   8.0226e+02  -1.5866e-02   3.8597e-02  -7.9708e-03
   1.3744e+00   8.0707e+02  -1.7004e-02   3.9542e-02  -8.4588e-03
   1.3826e+00   8.1187e+02  -1.8156e-02   4.0454e-02  -8.9705e-03
   1.3908e+00   8.1668e+02  -1.9323e-02   4.1336e-02  -9.4911e-03
   1.3990e+00   8.2148e+02  -2.0507e-02   4.2193e-02  -1.0009e-02
   1.4072e+00   8.2628e+02  -2.1713e-02   4.3028e-02  -1.0515e-02
   1.4154e+00   8.3109e+02  -2.2945e-02   4.3838e-02  -1.1001e-02
   1.4235e+00   8.3589e+02  -2.4204e-02   4.4621e-02  -1.1460e-02
   1.4317e+00   8.4070e+02  -2.5484e-02   4.5378e-02  -1.1885e-02
   1.4399e+00   8.4550e+02  -2.6780e-02   4.6120e-02  -1.2271e-02
   1.4481e+00   8.5030e+02  -2.8087e-02   4.6872e-02  -1.2620e-02
   1.4563e+00   8.5511e+02  -2.9399e-02   4.7658e-02  -1.2937e-02
   1.4644e+00   8.5991e+02  -3.0703e-02   4.8504e-02  -1.3227e-02
   1.4726e+00   8.6472e+02  -3.1980e-02   4.9418e-02  -1.3500e-02
   1.4808e+00   8.6952e+02  -3.3209e-02   5.0394e-02  -1.3767e-02
   1.4890e+00   8.7432e+02  -3.4368e-02   5.1408e-02  -1.4040e-02
   1.4972e+00   8.7913e+02  -3.5439e-02   5.2429e-02  -1.4333e-02
   1.5053e+00   8.8393e+02  -3.6407e-02   5.3427e-02  -1.4651e-02
   1.5135e+00   8.8874e+02  -3.7258e-02   5.4387e-02  -1.4996e-02
   1.5217e+00   8.9354e+02  -3.7983e-02   5.5314e-02  -1.5363e-02
   1.5299e+00   8.9834e+02  -3.8581e-02   5.6221e-02  -1.5743e-02
   1.5381e+00   9.0315e+02  -3.9053e-02   5.7119e-02  -1.6129e-02
   1.5463e+00   9.0795e+02  -3.9400e-02   5.8013e-02  -1.6519e-02
   1.5544e+00   9.1276e+02  -3.9615e-02   5.8904e-02  -1.6918e-02
   1.5626e+00   9.1756e+02  -3.9692e-02   5.9785e-02  -1.7333e-02
   1.5708e+00   9.2236e+02  -3.9624e-02   6.0648e-02  -1.7770e-02
   1.5790e+00   9.2717e+02  -3.9410e-02   6.1482e-02  -1.8235e-02
   1.5872e+00   9.3197e+02  -3.9049e-02   6.2275e-02  -1.8729e-02
   1.5953e+00   9.3677e+02  -3.8550e-02   6.3022e-02  -1.9250e-02
   1.6035e+00   9.4158e+02  -3.7928e-02   6.3721e-02  -1.9790e-02
   1.6117e+00   9.4638e+02  -3.7200e-02   6.4374e-02  -2.0334e-02
   1.6199e+00   9.5119e+02  -3.6381e-02   6.4989e-02  -2.0863e-02
   1.6281e+00   9.5599e+02  -3.5480e-02   6.5568e-02  -2.1357e-02
   1.6362e+00   9.6079e+02  -3.4504e-02   6.6112e-02  -2.1797e-02
   1.6444e+00   9.6560e+02  -3.3464e-02   6.6618e-02  -2.2167e-02
   1.6526e+00   9.7040e+02  -3.2370e-02   6.7078e-02  -2.2456e-02
   1.6608e+00   9.7521e+02  -3.1234e-02   6.7488e-02  -2.2661e-02
   1.6690e+00   9.8001e+02  -3.0073e-02   6.7847e-02  -2.2783e-02
   1.6772e+00   9.8481e+02  -2.8899e-02   6.8160e-02  -2.2830e-02
   1.6853e+00   9.8962e+02  -2.7724e-02   6.8434e-02  -2.2817e-02
   1.6935e+00   9.9442e+02  -2.6556e-02   6.8681e-02  -2.2760e-02
   1.7017e+00   9.9923e+02  -2.5400e-02   6.8907e-02  -2.2678e-02
   1.7099e+00   1.0040e+03  -2.4265e-02   6.9116e-02  -2.2589e-02
   1.7181e+00   1.0088e+03  -2.3159e-02   6.9301e-02  -2.2503e-02
   1.7262e+00   1.0136e+03  -2.2088e-02   6.9454e-02  -2.2425e-02
   1.7344e+00   1.0184e+03  -2.1055e-02   6.9570e-02  -2.2361e-02
   1.7426e+00   1.0232e+03  -2.0063e-02   6.9646e-02  -2.2315e-02
   1.7508e+00   1.0281e+03  -1.9117e-02   6.9681e-02  -2.2291e-02
   1.7590e+00   1.0329e+03  -1.8217e-02   6.9679e-02  -2.2286e-02
   1.7671e+00   1.0377e+03  -1.7356e-02   6.9646e-02  -2.2290e-02
   1.7753e+00   1.0425e+03  -1.6517e-02   6.9587e-02  -2.2295e-02
   1.7835e+00   1.0473e+03  -1.5667e-02   6.9507e-02  -2.2292e-02
   1.7917e+00   1.0521e+03  -1.4777e-02   6.9397e-02  -2.2279e-02
   1.7999e+00   1.0569e+03  -1.3828e-02   6.9238e-02  -2.2251e-02
   1.8081e+00   1.0617e+03  -1.2821e-02   6.9003e-02  -2.2204e-02
   1.8162e+00   1.0665e+03  -1.1767e-02   6.8666e-02  -2.2131e-02
   1.8244e+00   1.0713e+03  -1.0683e-02   6.8200e-02  -2.2025e-02
   1.8326e+00   1.0761e+03  -9.5885e-03   6.7590e-02  -2.1880e-02
   1.8408e+00   1.0809e+03  -8.4995e-03   6.6826e-02  -2.1689e-02
   1.8490e+00   1.0857e+03  -7.4290e-03   6.5903e-02  -2.1449e-02
   1.8571e+00   1.0905e+03  -6.3825e-03   6.4819e-02  -2.1155e-02
   1.8653e+00   1.0953e+03  -5.3631e-03   6.3574e-02  -2.0802e-02
   1.8735e+00   1.1001e+03  -4.3736e-03   6.2167e-02  -2.0378e-02
   1.8817e+00   1.1049e+03  -3.4129e-03   6.0605e-02  -1.9870e-02
   1.8899e+00   1.1097e+03  -2.4715e-03   5.8896e-02  -1.9267e-02
   1.8980e+00   1.1145e+03  -1.5341e-03   5.7054e-02  -1.8560e-02
   1.9062e+00   1.1193e+03  -5.8724e-04   5.5090e-02  -1.7748e-02
   1.9144e+00   1.1241e+03   3.7550e-04   5.3016e-02  -1.6837e-02
   1.9226e+00   1.1289e+03   1.3548e-03   5.0842e-02  -1.5834e-02
   1.9308e+00   1.1337e+03   2.3468e-03   4.8580e-02  -1.4750e-02
   1.9390e+00   1.1385e+03   3.3447e-03   4.6242e-02  -1.3593e-02
   1.9471e+00   1.1433e+03   4.3421e-03   4.3843e-02  -1.2373e-02
   1.9553e+00   1.1481e+03   5.3356e-03   4.1399e-02  -1.1108e-02
   1.9635e+00   1.1530e+03   6.3228e-03   3.8923e-02  -9.8174e-03
   1.9717e+00   1.1578e+03   7.2980e-03   3.6429e-02  -8.5228e-03
   1.9799e+00   1.1626e+03   8.2516e-03   3.3927e-02  -7.2402e-03
   1.9880e+00   1.1674e+03   9.1720e-03   3.1428e-02  -5.9761e-03
   1.9962e+00   1.1722e+03   1.0050e-02   2.8943e-02  -4.7291e-03
   2.0044e+00   1.1770e+03   1.0883e-02   2.6482e-02  -3.4961e-03
   2.0126e+00   1.1818e+03   1.1676e-02   2.4053e-02  -2.2775e-03
   2.0208e+00   1.1866e+03   1.2437e-02   2.1660e-02  -1.0768e-03
   2.0289e+00   1.1914e+03   1.3174e-02   1.9303e-02   1.0251e-04
   2.0371e+00   1.1962e+03   1.3885e-02   1.6979e-02   1.2578e-03
   2.0453e+00   1.2010e+03   1.4570e-02   1.4694e-02   2.3833e-03
   2.0535e+00   1.2058e+03   1.5232e-02   1.2456e-02   3.4666e-03
   2.0617e+00   1.2106e+03   1.5880e-02   1.0277e-02   4.4877e-03
   2.0699e+00   1.2154e+03   1.6530e-02   8.1664e-03   5.4217e-03
   2.0780e+00   1.2202e+03   1.7200e-02   6.1374e-03   6.2443e-03
   2.0862e+00   1.2250e+03   1.7902e-02   4.2019e-03   6.9377e-03
   2.0944e+00   1.2298e+03   1.8641e-02   2.3707e-03   7.4954e-03
   2.1026e+00   1.2346e+03   1.9410e-02   6.5048e-04   7.9232e-03
   2.1108e+00   1.2394e+03   2.0194e-02  -9.5951e-04   8.2375e-03
   2.1189e+00   1.2442e+03   2.0975e-02  -2.4700e-03   8.4630e-03
   2.1271e+00   1.2490e+03   2.1740e-02  -3.9004e-03   8.6298e-03
   2.1353e+00   1.2538e+03   2.2485e-02  -5.2730e-03   8.7684e-03
   2.1435e+00   1.2586e+03   2.3216e-02  -6.6065e-03   8.9044e-03
   2.1517e+00   1.2634e+03   2.3950e-02  -7.9097e-03   9.0549e-03
   2.1598e+00   1.2682e+03   2.4704e-02  -9.1820e-03   9.2309e-03
   2.1680e+00   1.2731e+03   2.5497e-02  -1.0418e-02   9.4412e-03
   2.1762e+00   1.2779e+03   2.6335e-02  -1.1616e-02   9.6917e-03
   2.1844e+00   1.2827e+03   2.7222e-02  -1.2778e-02   9.9806e-03
   2.1926e+00   1.2875e+03   2.8156e-02  -1.3916e-02   1.0293e-02
   2.2008e+00   1.2923e+03   2.9137e-02  -1.5042e-02   1.0604e-02
   2.2089e+00   1.2971e+03   3.0168e-02  -1.6162e-02   1.0884e-02
   2.2171e+00   1.3019e+03   3.1257e-02  -1.7275e-02   1.1109e-02
   2.2253e+00   1.3067e+03   3.2411e-02  -1.8370e-02   1.1262e-02
   2.2335e+00   1.3115e+03   3.3631e-02  -1.9438e-02   1.1331e-02
   2.2417e+00   1.3163e+03   3.4917e-02  -2.0473e-02   1.1310e-02
   2.2498e+00   1.3211e+03   3.6263e-02  -2.1484e-02   1.1201e-02
   2.2580e+00   1.3259e+03   3.7663e-02  -2.2489e-02   1.1012e-02
   2.2662e+00   1.3307e+03   3.9110e-02  -2.3507e-02   1.0765e-02
   2.2744e+00   1.3355e+03   4.0598e-02  -2.4554e-02   1.0488e-02
   2.2826e+00   1.3403e+03   4.2119e-02  -2.5631e-02   1.0210e-02
   2.2907e+00   1.3451e+03   4.3666e-02  -2.6723e-02   9.9546e-03
   2.2989e+00   1.3499e+03   4.5237e-02  -2.7803e-02   9.7333e-03
   2.3071e+00   1.3547e+03   4.6831e-02  -2.8841e-02   9.5498e-03
   2.3153e+00   1.3595e+03   4.8447e-02  -2.9811e-02   9.4014e-03
   2.3235e+00   1.3643e+03   5.0084e-02  -3.0703e-02   9.2832e-03
   2.3317e+00   1.3691e+03   5.1741e-02  -3.1519e-02   9.1894e-03
   2.3398e+00   1.3739e+03   5.3418e-02  -3.2276e-02   9.1118e-03
   2.3480e+00   1.3787e+03   5.5123e-02  -3.2999e-02   9.0381e-03
   2.3562e+00   1.3835e+03   5.6863e-02  -3.3713e-02   8.9550e-03
   2.3644e+00   1.3883e+03   5.8644e-02  -3.4441e-02   8.8544e-03
   2.3726e+00   1.3932e+03   6.0472e-02  -3.5207e-02   8.7378e-03
   2.3807e+00   1.3980e+03   6.2348e-02  -3.6029e-02   8.6167e-03
   2.3889e+00   1.4028e+03   6.4276e-02  -3.6919e-02   8.5092e-03
   2.3971e+00   1.4076e+03   6.6254e-02  -3.7872e-02   8.4331e-03
   2.4053e+00   1.4124e+03   6.8277e-02  -3.8875e-02   8.4010e-03
   2.4135e+00   1.4172e+03   7.0336e-02  -3.9905e-02   8.4193e-03
   2.4216e+00   1.4220e+03   7.2421e-02  -4.0939e-02   8.4883e-03
   2.4298e+00   1.4268e+03   7.4526e-02  -4.1951e-02   8.6029e-03
   2.4380e+00   1.4316e+03   7.6647e-02  -4.2918e-02   8.7558e-03
   2.4462e+00   1.4364e+03   7.8780e-02  -4.3814e-02   8.9409e-03
   2.4544e+00   1.4412e+03   8.0925e-02  -4.4621e-02   9.1524e-03
   2.4626e+00   1.4460e+03   8.3086e-02  -4.5329e-02   9.3828e-03
   2.4707e+00   1.4508e+03   8.5264e-02  -4.5944e-02   9.6231e-03
   2.4789e+00   1.4556e+03   8.7460e-02  -4.6484e-02   9.8667e-03
   2.4871e+00   1.4604e+03   8.9667e-02  -4.6968e-02   1.0114e-02
   2.4953e+00   1.4652e+03   9.1879e-02  -4.7411e-02   1.0372e-02
   2.5035e+00   1.4700e+03   9.4091e-02  -4.7812e-02   1.0646e-02
   2.5116e+00   1.4748e+03   9.6302e-02  -4.8163e-02   1.0939e-02
   2.5198e+00   1.4796e+03   9.8514e-02  -4.8459e-02   1.1247e-02
   2.5280e+00   1.4844e+03   1.0073e-01  -4.8697e-02   1.1565e-02
   2.5362e+00   1.4892e+03   1.0295e-01  -4.8880e-02   1.1894e-02
   2.5444e+00   1.4940e+03   1.0517e-01  -4.9008e-02   1.2234e-02
   2.5525e+00   1.4988e+03   1.0736e-01  -4.9072e-02   1.2586e-02
   2.5607e+00   1.5036e+03   1.0953e-01  -4.9054e-02   1.2946e-02
   2.5689e+00   1.5084e+03   1.1167e-01  -4.8931e-02   1.3306e-02
   2.5771e+00   1.5133e+03   1.1377e-01  -4.8679e-02   1.3649e-02
   2.5853e+00   1.5181e+03   1.1585e-01  -4.8280e-02   1.3959e-02
   2.5935e+00   1.5229e+03   1.1792e-01  -4.7718e-02   1.4219e-02
   2.6016e+00   1.5277e+03   1.1998e-01  -4.6984e-02   1.4419e-02
   2.6098e+00   1.5325e+03   1.2200e-01  -4.6077e-02   1.4552e-02
   2.6180e+00   1.5373e+03   1.2396e-01  -4.5000e-02   1.4615e-02
   2.6262e+00   1.5421e+03   1.2584e-01  -4.3758e-02   1.4606e-02
   2.6344e+00   1.5469e+03   1.2762e-01  -4.2358e-02   1.4523e-02
   2.6425e+00   1.5517e+03   1.2930e-01  -4.0803e-02   1.4367e-02
   2.6507e+00   1.5565e+03   1.3088e-01  -3.9096e-02   1.4144e-02
   2.6589e+00   1.5613e+03   1.3237e-01  -3.7239e-02   1.3873e-02
   2.6671e+00   1.5661e+03   1.3378e-01  -3.5238e-02   1.3577e-02
   2.6753e+00   1.5709e+03   1.3509e-01  -3.3103e-02   1.3283e-02
   2.6834e+00   1.5757e+03   1.3630e-01  -3.0847e-02   1.3015e-02
   2.6916e+00   1.5805e+03   1.3739e-01  -2.8483e-02   1.2791e-02
   2.6998e+00   1.5853e+03   1.3835e-01  -2.6016e-02   1.2621e-02
   2.7080e+00   1.5901e+03   1.3914e-01  -2.3446e-02   1.2503e-02
   2.7162e+00   1.5949e+03   1.3973e-01  -2.0761e-02   1.2422e-02
   2.7243e+00   1.5997e+03   1.4010e-01  -1.7943e-02   1.2357e-02
   2.7325e+00   1.6045e+03   1.4024e-01  -1.4969e-02   1.2283e-02
   2.7407e+00   1.6093e+03   1.4014e-01  -1.1815e-02   1.2173e-02
   2.7489e+00   1.6141e+03   1.3976e-01  -8.4523e-03   1.2003e-02
   2.7571e+00   1.6189e+03   1.3911e-01  -4.8599e-03   1.1748e-02
   2.7653e+00   1.6237e+03   1.3815e-01  -1.0194e-03   1.1389e-02
   2.7734e+00   1.6285e+03   1.3688e-01   3.0827e-03   1.0911e-02
   2.7816e+00   1.6334e+03   1.3528e-01   7.4566e-03   1.0304e-02
   2.7898e+00   1.6382e+03   1.3334e-01   1.2109e-02   9.5665e-03
   2.7980e+00   1.6430e+03   1.3105e-01   1.7046e-02   8.7011e-03
   2.8062e+00   1.6478e+03   1.2841e-01   2.2275e-02   7.7104e-03
   2.8143e+00   1.6526e+03   1.2538e-01   2.7809e-02   6.5945e-03
   2.8225e+00   1.6574e+03   1.2193e-01   3.3659e-02   5.3507e-03
   2.8307e+00   1.6622e+03   1.1802e-01   3.9839e-02   3.9744e-03
   2.8389e+00   1.6670e+03   1.1363e-01   4.6363e-02   2.4607e-03
   2.8471e+00   1.6718e+03   1.0869e-01   5.3242e-02   8.0682e-04
   2.8552e+00   1.6766e+03   1.0318e-01   6.0487e-02  -9.8682e-04
   2.8634e+00   1.6814e+03   9.7055e-02   6.8107e-02  -2.9174e-03
   2.8716e+00   1.6862e+03   9.0273e-02   7.6110e-02  -4.9814e-03
   2.8798e+00   1.6910e+03   8.2806e-02   8.4498e-02  -7.1749e-03
   2.8880e+00   1.6958e+03   7.4621e-02   9.3261e-02  -9.4909e-03
   2.8962e+00   1.7006e+03   6.5684e-02   1.0238e-01  -1.1918e-02
   2.9043e+00   1.7054e+03   5.5952e-02   1.1182e-01  -1.4442e-02
   2.9125e+00   1.7102e+03   4.5372e-02   1.2157e-01  -1.7050e-02
   2.9207e+00   1.7150e+03   3.3875e-02   1.3160e-01  -1.9735e-02
   2.9289e+00   1.7198e+03   2.1385e-02   1.4192e-01  -2.2501e-02
   2.9371e+00   1.7246e+03   7.8181e-03   1.5254e-01  -2.5368e-02
   2.9452e+00   1.7294e+03  -6.9146e-03   1.6349e-01  -2.8372e-02
   2.9534e+00   1.7342e+03  -2.2907e-02   1.7478e-01  -3.1558e-02
   2.9616e+00   1.7390e+03  -4.0259e-02   1.8643e-01  -3.4972e-02
   2.9698e+00   1.7438e+03  -5.9075e-02   1.9843e-01  -3.8656e-02
   2.9780e+00   1.7486e+03  -7.9461e-02   2.1079e-01  -4.2644e-02
   2.9861e+00   1.7535e+03  -1.0152e-01   2.2346e-01  -4.6957e-02
   2.9943e+00   1.7583e+03  -1.2535e-01   2.3641e-01  -5.1599e-02
   3.0025e+00   1.7631e+03  -1.5104e-01   2.4959e-01  -5.6557e-02
   3.0107e+00   1.7679e+03  -1.7867e-01   2.6296e-01  -6.1804e-02
   3.0189e+00   1.7727e+03  -2.0831e-01   2.7647e-01  -6.7295e-02
   3.0271e+00   1.7775e+03  -2.4002e-01   2.9007e-01  -7.2974e-02
   3.0352e+00   1.7823e+03  -2.7381e-01   3.0369e-01  -7.8773e-02
   3.0434e+00   1.7871e+03  -3.0966e-01   3.1726e-01  -8.4615e-02
   3.0516e+00   1.7919e+03  -3.4750e-01   3.3066e-01  -9.0403e-02
   3.0598e+00   1.7967e+03  -3.8716e-01   3.4382e-01  -9.6025e-02
   3.0680e+00   1.8015e+03  -4.2837e-01   3.5661e-01  -1.0134e-01
   3.0761e+00   1.8063e+03  -4.7070e-01   3.6892e-01  -1.0620e-01
   3.0843e+00   1.8111e+03  -5.1349e-01   3.8060e-01  -1.1041e-01
   3.0925e+00   1.8159e+03  -5.5579e-01   3.9148e-01  -1.1380e-01
   3.1007e+00   1.8207e+03  -5.9635e-01   4.0138e-01  -1.1622e-01
   3.1089e+00   1.8255e+03  -6.3353e-01   4.1007e-01  -1.1759e-01
   3.1170e+00   1.8303e+03  -6.6542e-01   4.1729e-01  -1.1794e-01
   3.1252e+00   1.8351e+03  -6.8996e-01   4.2273e-01  -1.1750e-01
   3.1334e+00   1.8399e+03  -7.0531e-01   4.2607e-01  -1.1670e-01
