# The data in this file was extracted from a direct numerical
# simulation of fully developed plane turbulent channel
# flow. Particulars are listed below. Note that some of the statistical
# quantities provided in this data set should be zero due to
# (statistical) symmetries in the flow. These quantities are reported
# here none-the-less as an indicator of the quality of the statistics.
# more statistics from this data set are available at 
# http://www.tam.uiuc.edu/Faculty/Moser/channel 
#
# Authors: Moser, Kim & Mansour
# Reference: DNS of Turbulent Channel Flow up to Re_tau=590, 1999,
#            Physics of Fluids, vol 11, 943-945.
# Numerical Method: Kim, Moin & Moser, 1987, J. Fluid Mech. vol 177, 133-166 
# Re_tau = 587.19
# Normalization: U_tau, h 
# Description: Spanwise (z) Two-point cross correlations of velocity and pressure at indicated y-location 
# Filename: chan590/correlations/chan590.zccorr.59 
# Date File Created: Feb 29, 2000 
#
#---End of Header---
# 
# nz = 384,  Re = 587.19,  y = 0.10133,  y+ =  59.50
#      dz           dz+         R_uv         R_up         R_vp
#
   0.0000e+00   0.0000e+00  -8.5323e-01   7.2232e-01  -1.4772e-01
   8.1812e-03   4.8040e+00  -8.3519e-01   7.2091e-01  -1.5165e-01
   1.6362e-02   9.6079e+00  -7.8071e-01   7.1193e-01  -1.5705e-01
   2.4544e-02   1.4412e+01  -6.9693e-01   6.9431e-01  -1.6081e-01
   3.2725e-02   1.9216e+01  -5.9531e-01   6.6799e-01  -1.6052e-01
   4.0906e-02   2.4020e+01  -4.8708e-01   6.3393e-01  -1.5523e-01
   4.9087e-02   2.8824e+01  -3.8083e-01   5.9379e-01  -1.4525e-01
   5.7269e-02   3.3628e+01  -2.8225e-01   5.4949e-01  -1.3161e-01
   6.5450e-02   3.8432e+01  -1.9449e-01   5.0287e-01  -1.1556e-01
   7.3631e-02   4.3236e+01  -1.1884e-01   4.5558e-01  -9.8352e-02
   8.1812e-02   4.8040e+01  -5.5325e-02   4.0897e-01  -8.1012e-02
   8.9994e-02   5.2844e+01  -3.2401e-03   3.6411e-01  -6.4333e-02
   9.8175e-02   5.7648e+01   3.8536e-02   3.2176e-01  -4.8869e-02
   1.0636e-01   6.2452e+01   7.1285e-02   2.8246e-01  -3.4981e-02
   1.1454e-01   6.7256e+01   9.6314e-02   2.4652e-01  -2.2865e-02
   1.2272e-01   7.2060e+01   1.1486e-01   2.1401e-01  -1.2573e-02
   1.3090e-01   7.6864e+01   1.2808e-01   1.8487e-01  -4.0417e-03
   1.3908e-01   8.1668e+01   1.3698e-01   1.5896e-01   2.8815e-03
   1.4726e-01   8.6472e+01   1.4248e-01   1.3610e-01   8.3981e-03
   1.5544e-01   9.1275e+01   1.4532e-01   1.1613e-01   1.2709e-02
   1.6362e-01   9.6079e+01   1.4617e-01   9.8923e-02   1.5965e-02
   1.7181e-01   1.0088e+02   1.4557e-01   8.4308e-02   1.8265e-02
   1.7999e-01   1.0569e+02   1.4395e-01   7.2111e-02   1.9680e-02
   1.8817e-01   1.1049e+02   1.4166e-01   6.2143e-02   2.0298e-02
   1.9635e-01   1.1530e+02   1.3896e-01   5.4200e-02   2.0228e-02
   2.0453e-01   1.2010e+02   1.3603e-01   4.8054e-02   1.9594e-02
   2.1271e-01   1.2490e+02   1.3295e-01   4.3457e-02   1.8515e-02
   2.2089e-01   1.2971e+02   1.2974e-01   4.0145e-02   1.7101e-02
   2.2907e-01   1.3451e+02   1.2641e-01   3.7867e-02   1.5462e-02
   2.3726e-01   1.3932e+02   1.2291e-01   3.6407e-02   1.3716e-02
   2.4544e-01   1.4412e+02   1.1925e-01   3.5577e-02   1.1985e-02
   2.5362e-01   1.4892e+02   1.1545e-01   3.5189e-02   1.0376e-02
   2.6180e-01   1.5373e+02   1.1154e-01   3.5058e-02   8.9566e-03
   2.6998e-01   1.5853e+02   1.0759e-01   3.5019e-02   7.7428e-03
   2.7816e-01   1.6334e+02   1.0370e-01   3.4955e-02   6.7146e-03
   2.8634e-01   1.6814e+02   9.9933e-02   3.4816e-02   5.8279e-03
   2.9452e-01   1.7294e+02   9.6365e-02   3.4616e-02   5.0390e-03
   3.0271e-01   1.7775e+02   9.3074e-02   3.4426e-02   4.3375e-03
   3.1089e-01   1.8255e+02   9.0115e-02   3.4334e-02   3.7459e-03
   3.1907e-01   1.8735e+02   8.7509e-02   3.4410e-02   3.2828e-03
   3.2725e-01   1.9216e+02   8.5242e-02   3.4680e-02   2.9229e-03
   3.3543e-01   1.9696e+02   8.3258e-02   3.5126e-02   2.6109e-03
   3.4361e-01   2.0177e+02   8.1441e-02   3.5694e-02   2.2895e-03
   3.5179e-01   2.0657e+02   7.9670e-02   3.6307e-02   1.9193e-03
   3.5997e-01   2.1137e+02   7.7853e-02   3.6888e-02   1.4812e-03
   3.6816e-01   2.1618e+02   7.5943e-02   3.7384e-02   9.7660e-04
   3.7634e-01   2.2098e+02   7.3918e-02   3.7788e-02   4.2044e-04
   3.8452e-01   2.2579e+02   7.1792e-02   3.8129e-02  -1.6656e-04
   3.9270e-01   2.3059e+02   6.9611e-02   3.8463e-02  -7.6071e-04
   4.0088e-01   2.3539e+02   6.7426e-02   3.8832e-02  -1.3481e-03
   4.0906e-01   2.4020e+02   6.5265e-02   3.9228e-02  -1.9258e-03
   4.1724e-01   2.4500e+02   6.3144e-02   3.9580e-02  -2.4813e-03
   4.2542e-01   2.4981e+02   6.1072e-02   3.9799e-02  -2.9685e-03
   4.3361e-01   2.5461e+02   5.9048e-02   3.9822e-02  -3.3200e-03
   4.4179e-01   2.5941e+02   5.7075e-02   3.9645e-02  -3.4745e-03
   4.4997e-01   2.6422e+02   5.5170e-02   3.9298e-02  -3.3915e-03
   4.5815e-01   2.6902e+02   5.3351e-02   3.8821e-02  -3.0598e-03
   4.6633e-01   2.7383e+02   5.1637e-02   3.8237e-02  -2.5172e-03
   4.7451e-01   2.7863e+02   5.0057e-02   3.7572e-02  -1.8517e-03
   4.8269e-01   2.8343e+02   4.8668e-02   3.6861e-02  -1.1680e-03
   4.9087e-01   2.8824e+02   4.7509e-02   3.6168e-02  -5.4936e-04
   4.9906e-01   2.9304e+02   4.6569e-02   3.5562e-02  -4.9798e-05
   5.0724e-01   2.9785e+02   4.5783e-02   3.5089e-02   2.9358e-04
   5.1542e-01   3.0265e+02   4.5081e-02   3.4764e-02   4.6246e-04
   5.2360e-01   3.0745e+02   4.4410e-02   3.4586e-02   4.7132e-04
   5.3178e-01   3.1226e+02   4.3735e-02   3.4556e-02   3.8723e-04
   5.3996e-01   3.1706e+02   4.3002e-02   3.4683e-02   3.2871e-04
   5.4814e-01   3.2187e+02   4.2149e-02   3.4971e-02   4.3746e-04
   5.5632e-01   3.2667e+02   4.1130e-02   3.5406e-02   8.2861e-04
   5.6450e-01   3.3147e+02   3.9953e-02   3.5951e-02   1.5424e-03
   5.7269e-01   3.3628e+02   3.8658e-02   3.6561e-02   2.5280e-03
   5.8087e-01   3.4108e+02   3.7310e-02   3.7196e-02   3.6595e-03
   5.8905e-01   3.4589e+02   3.5975e-02   3.7838e-02   4.7744e-03
   5.9723e-01   3.5069e+02   3.4705e-02   3.8508e-02   5.7097e-03
   6.0541e-01   3.5549e+02   3.3521e-02   3.9271e-02   6.3478e-03
   6.1359e-01   3.6030e+02   3.2415e-02   4.0182e-02   6.6329e-03
   6.2177e-01   3.6510e+02   3.1340e-02   4.1255e-02   6.5659e-03
   6.2995e-01   3.6991e+02   3.0206e-02   4.2447e-02   6.1819e-03
   6.3814e-01   3.7471e+02   2.8936e-02   4.3709e-02   5.5318e-03
   6.4632e-01   3.7951e+02   2.7507e-02   4.5012e-02   4.6724e-03
   6.5450e-01   3.8432e+02   2.5939e-02   4.6355e-02   3.6747e-03
   6.6268e-01   3.8912e+02   2.4272e-02   4.7755e-02   2.6307e-03
   6.7086e-01   3.9393e+02   2.2562e-02   4.9225e-02   1.6363e-03
   6.7904e-01   3.9873e+02   2.0891e-02   5.0751e-02   7.4875e-04
   6.8722e-01   4.0353e+02   1.9349e-02   5.2300e-02  -2.2138e-05
   6.9540e-01   4.0834e+02   1.7991e-02   5.3846e-02  -6.9297e-04
   7.0359e-01   4.1314e+02   1.6808e-02   5.5387e-02  -1.2812e-03
   7.1177e-01   4.1795e+02   1.5746e-02   5.6929e-02  -1.7976e-03
   7.1995e-01   4.2275e+02   1.4730e-02   5.8474e-02  -2.2418e-03
   7.2813e-01   4.2755e+02   1.3695e-02   6.0028e-02  -2.6142e-03
   7.3631e-01   4.3236e+02   1.2618e-02   6.1601e-02  -2.9276e-03
   7.4449e-01   4.3716e+02   1.1542e-02   6.3192e-02  -3.2059e-03
   7.5267e-01   4.4197e+02   1.0527e-02   6.4781e-02  -3.4672e-03
   7.6085e-01   4.4677e+02   9.6149e-03   6.6331e-02  -3.7288e-03
   7.6904e-01   4.5157e+02   8.8114e-03   6.7807e-02  -4.0136e-03
   7.7722e-01   4.5638e+02   8.0926e-03   6.9205e-02  -4.3359e-03
   7.8540e-01   4.6118e+02   7.4090e-03   7.0542e-02  -4.6900e-03
   7.9358e-01   4.6599e+02   6.7166e-03   7.1810e-02  -5.0657e-03
   8.0176e-01   4.7079e+02   5.9937e-03   7.2963e-02  -5.4734e-03
   8.0994e-01   4.7559e+02   5.2525e-03   7.3963e-02  -5.9405e-03
   8.1812e-01   4.8040e+02   4.5139e-03   7.4840e-02  -6.4902e-03
   8.2630e-01   4.8520e+02   3.7914e-03   7.5673e-02  -7.1295e-03
   8.3449e-01   4.9001e+02   3.0642e-03   7.6548e-02  -7.8563e-03
   8.4267e-01   4.9481e+02   2.2919e-03   7.7505e-02  -8.6690e-03
   8.5085e-01   4.9961e+02   1.4348e-03   7.8524e-02  -9.5600e-03
   8.5903e-01   5.0442e+02   4.7751e-04   7.9548e-02  -1.0502e-02
   8.6721e-01   5.0922e+02  -5.7877e-04   8.0492e-02  -1.1440e-02
   8.7539e-01   5.1403e+02  -1.7028e-03   8.1261e-02  -1.2298e-02
   8.8357e-01   5.1883e+02  -2.8245e-03   8.1755e-02  -1.2992e-02
   8.9175e-01   5.2363e+02  -3.8506e-03   8.1889e-02  -1.3466e-02
   8.9994e-01   5.2844e+02  -4.7199e-03   8.1633e-02  -1.3691e-02
   9.0812e-01   5.3324e+02  -5.4121e-03   8.1051e-02  -1.3657e-02
   9.1630e-01   5.3805e+02  -5.9401e-03   8.0278e-02  -1.3375e-02
   9.2448e-01   5.4285e+02  -6.3288e-03   7.9461e-02  -1.2885e-02
   9.3266e-01   5.4765e+02  -6.6124e-03   7.8718e-02  -1.2243e-02
   9.4084e-01   5.5246e+02  -6.8242e-03   7.8127e-02  -1.1503e-02
   9.4902e-01   5.5726e+02  -6.9995e-03   7.7697e-02  -1.0708e-02
   9.5720e-01   5.6206e+02  -7.1648e-03   7.7352e-02  -9.8809e-03
   9.6539e-01   5.6687e+02  -7.3423e-03   7.6981e-02  -9.0388e-03
   9.7357e-01   5.7167e+02  -7.5252e-03   7.6507e-02  -8.2105e-03
   9.8175e-01   5.7648e+02  -7.6682e-03   7.5916e-02  -7.4506e-03
   9.8993e-01   5.8128e+02  -7.6993e-03   7.5218e-02  -6.8228e-03
   9.9811e-01   5.8608e+02  -7.5720e-03   7.4419e-02  -6.3753e-03
   1.0063e+00   5.9089e+02  -7.2866e-03   7.3512e-02  -6.1224e-03
   1.0145e+00   5.9569e+02  -6.8796e-03   7.2499e-02  -6.0463e-03
   1.0227e+00   6.0050e+02  -6.3866e-03   7.1404e-02  -6.1078e-03
   1.0308e+00   6.0530e+02  -5.8332e-03   7.0248e-02  -6.2655e-03
   1.0390e+00   6.1010e+02  -5.2270e-03   6.9018e-02  -6.4731e-03
   1.0472e+00   6.1491e+02  -4.5817e-03   6.7696e-02  -6.6703e-03
   1.0554e+00   6.1971e+02  -3.9326e-03   6.6306e-02  -6.7839e-03
   1.0636e+00   6.2452e+02  -3.3401e-03   6.4910e-02  -6.7514e-03
   1.0717e+00   6.2932e+02  -2.8596e-03   6.3562e-02  -6.5423e-03
   1.0799e+00   6.3412e+02  -2.5259e-03   6.2281e-02  -6.1701e-03
   1.0881e+00   6.3893e+02  -2.3591e-03   6.1078e-02  -5.6891e-03
   1.0963e+00   6.4373e+02  -2.3922e-03   5.9958e-02  -5.1881e-03
   1.1045e+00   6.4854e+02  -2.6482e-03   5.8927e-02  -4.7642e-03
   1.1126e+00   6.5334e+02  -3.1277e-03   5.7979e-02  -4.4999e-03
   1.1208e+00   6.5814e+02  -3.8085e-03   5.7096e-02  -4.4477e-03
   1.1290e+00   6.6295e+02  -4.6528e-03   5.6242e-02  -4.6082e-03
   1.1372e+00   6.6775e+02  -5.5893e-03   5.5386e-02  -4.9095e-03
   1.1454e+00   6.7256e+02  -6.5067e-03   5.4506e-02  -5.2278e-03
   1.1536e+00   6.7736e+02  -7.2834e-03   5.3589e-02  -5.4362e-03
   1.1617e+00   6.8216e+02  -7.8546e-03   5.2625e-02  -5.4377e-03
   1.1699e+00   6.8697e+02  -8.2249e-03   5.1610e-02  -5.1810e-03
   1.1781e+00   6.9177e+02  -8.4341e-03   5.0562e-02  -4.6770e-03
   1.1863e+00   6.9658e+02  -8.5114e-03   4.9524e-02  -3.9932e-03
   1.1945e+00   7.0138e+02  -8.4672e-03   4.8550e-02  -3.2258e-03
   1.2026e+00   7.0618e+02  -8.2829e-03   4.7684e-02  -2.4665e-03
   1.2108e+00   7.1099e+02  -7.9264e-03   4.6946e-02  -1.7832e-03
   1.2190e+00   7.1579e+02  -7.3779e-03   4.6338e-02  -1.2076e-03
   1.2272e+00   7.2060e+02  -6.6671e-03   4.5864e-02  -7.3347e-04
   1.2354e+00   7.2540e+02  -5.8778e-03   4.5541e-02  -3.2771e-04
   1.2435e+00   7.3020e+02  -5.1233e-03   4.5362e-02   4.2049e-05
   1.2517e+00   7.3501e+02  -4.4870e-03   4.5319e-02   3.7683e-04
   1.2599e+00   7.3981e+02  -4.0004e-03   4.5414e-02   6.5111e-04
   1.2681e+00   7.4462e+02  -3.6462e-03   4.5663e-02   8.4299e-04
   1.2763e+00   7.4942e+02  -3.3995e-03   4.6040e-02   9.5129e-04
   1.2845e+00   7.5422e+02  -3.2410e-03   4.6452e-02   9.8914e-04
   1.2926e+00   7.5903e+02  -3.1622e-03   4.6755e-02   9.7189e-04
   1.3008e+00   7.6383e+02  -3.1556e-03   4.6827e-02   9.0824e-04
   1.3090e+00   7.6864e+02  -3.2104e-03   4.6622e-02   7.8373e-04
   1.3172e+00   7.7344e+02  -3.3074e-03   4.6186e-02   5.6597e-04
   1.3254e+00   7.7824e+02  -3.4422e-03   4.5621e-02   2.2826e-04
   1.3335e+00   7.8305e+02  -3.6147e-03   4.5063e-02  -2.3110e-04
   1.3417e+00   7.8785e+02  -3.8159e-03   4.4650e-02  -7.9202e-04
   1.3499e+00   7.9266e+02  -4.0073e-03   4.4460e-02  -1.4231e-03
   1.3581e+00   7.9746e+02  -4.1436e-03   4.4485e-02  -2.0880e-03
   1.3663e+00   8.0226e+02  -4.2019e-03   4.4672e-02  -2.7542e-03
   1.3744e+00   8.0707e+02  -4.1927e-03   4.4972e-02  -3.4059e-03
   1.3826e+00   8.1187e+02  -4.1151e-03   4.5377e-02  -4.0384e-03
   1.3908e+00   8.1668e+02  -3.9684e-03   4.5906e-02  -4.6500e-03
   1.3990e+00   8.2148e+02  -3.7891e-03   4.6581e-02  -5.2393e-03
   1.4072e+00   8.2628e+02  -3.6622e-03   4.7398e-02  -5.8069e-03
   1.4154e+00   8.3109e+02  -3.6672e-03   4.8328e-02  -6.3515e-03
   1.4235e+00   8.3589e+02  -3.8403e-03   4.9314e-02  -6.8557e-03
   1.4317e+00   8.4070e+02  -4.1578e-03   5.0285e-02  -7.2656e-03
   1.4399e+00   8.4550e+02  -4.5649e-03   5.1156e-02  -7.5003e-03
   1.4481e+00   8.5030e+02  -4.9896e-03   5.1833e-02  -7.4835e-03
   1.4563e+00   8.5511e+02  -5.3536e-03   5.2247e-02  -7.1820e-03
   1.4644e+00   8.5991e+02  -5.5763e-03   5.2407e-02  -6.6237e-03
   1.4726e+00   8.6472e+02  -5.6069e-03   5.2384e-02  -5.8846e-03
   1.4808e+00   8.6952e+02  -5.4328e-03   5.2230e-02  -5.0681e-03
   1.4890e+00   8.7432e+02  -5.0928e-03   5.1945e-02  -4.2712e-03
   1.4972e+00   8.7913e+02  -4.6576e-03   5.1509e-02  -3.5473e-03
   1.5053e+00   8.8393e+02  -4.1993e-03   5.0932e-02  -2.8903e-03
   1.5135e+00   8.8874e+02  -3.7527e-03   5.0232e-02  -2.2428e-03
   1.5217e+00   8.9354e+02  -3.3367e-03   4.9432e-02  -1.5205e-03
   1.5299e+00   8.9834e+02  -2.9643e-03   4.8550e-02  -6.4792e-04
   1.5381e+00   9.0315e+02  -2.6341e-03   4.7594e-02   4.0768e-04
   1.5463e+00   9.0795e+02  -2.3304e-03   4.6569e-02   1.6179e-03
   1.5544e+00   9.1276e+02  -2.0723e-03   4.5494e-02   2.9117e-03
   1.5626e+00   9.1756e+02  -1.9296e-03   4.4429e-02   4.2195e-03
   1.5708e+00   9.2236e+02  -1.9969e-03   4.3463e-02   5.4956e-03
   1.5790e+00   9.2717e+02  -2.3330e-03   4.2701e-02   6.7139e-03
   1.5872e+00   9.3197e+02  -2.9601e-03   4.2236e-02   7.8497e-03
   1.5953e+00   9.3677e+02  -3.8742e-03   4.2123e-02   8.8663e-03
   1.6035e+00   9.4158e+02  -5.0485e-03   4.2376e-02   9.7162e-03
   1.6117e+00   9.4638e+02  -6.4379e-03   4.2950e-02   1.0340e-02
   1.6199e+00   9.5119e+02  -7.9971e-03   4.3746e-02   1.0683e-02
   1.6281e+00   9.5599e+02  -9.6525e-03   4.4653e-02   1.0717e-02
   1.6362e+00   9.6079e+02  -1.1297e-02   4.5608e-02   1.0453e-02
   1.6444e+00   9.6560e+02  -1.2808e-02   4.6630e-02   9.9392e-03
   1.6526e+00   9.7040e+02  -1.4076e-02   4.7765e-02   9.2304e-03
   1.6608e+00   9.7521e+02  -1.5019e-02   4.9036e-02   8.3734e-03
   1.6690e+00   9.8001e+02  -1.5593e-02   5.0432e-02   7.4107e-03
   1.6772e+00   9.8481e+02  -1.5796e-02   5.1916e-02   6.3763e-03
   1.6853e+00   9.8962e+02  -1.5660e-02   5.3441e-02   5.2953e-03
   1.6935e+00   9.9442e+02  -1.5230e-02   5.4970e-02   4.1860e-03
   1.7017e+00   9.9923e+02  -1.4579e-02   5.6488e-02   3.0559e-03
   1.7099e+00   1.0040e+03  -1.3803e-02   5.7996e-02   1.8961e-03
   1.7181e+00   1.0088e+03  -1.3013e-02   5.9515e-02   7.0018e-04
   1.7262e+00   1.0136e+03  -1.2289e-02   6.1068e-02  -5.1034e-04
   1.7344e+00   1.0184e+03  -1.1655e-02   6.2638e-02  -1.6762e-03
   1.7426e+00   1.0232e+03  -1.1081e-02   6.4140e-02  -2.7066e-03
   1.7508e+00   1.0281e+03  -1.0536e-02   6.5438e-02  -3.5005e-03
   1.7590e+00   1.0329e+03  -9.9939e-03   6.6408e-02  -3.9772e-03
   1.7671e+00   1.0377e+03  -9.4413e-03   6.7008e-02  -4.1006e-03
   1.7753e+00   1.0425e+03  -8.8674e-03   6.7281e-02  -3.8916e-03
   1.7835e+00   1.0473e+03  -8.2557e-03   6.7324e-02  -3.4134e-03
   1.7917e+00   1.0521e+03  -7.5704e-03   6.7233e-02  -2.7397e-03
   1.7999e+00   1.0569e+03  -6.8056e-03   6.7082e-02  -1.9431e-03
   1.8081e+00   1.0617e+03  -5.9898e-03   6.6915e-02  -1.1014e-03
   1.8162e+00   1.0665e+03  -5.1452e-03   6.6755e-02  -2.9862e-04
   1.8244e+00   1.0713e+03  -4.2847e-03   6.6630e-02   3.9408e-04
   1.8326e+00   1.0761e+03  -3.4633e-03   6.6573e-02   9.2172e-04
   1.8408e+00   1.0809e+03  -2.7657e-03   6.6611e-02   1.2346e-03
   1.8490e+00   1.0857e+03  -2.2695e-03   6.6751e-02   1.2862e-03
   1.8571e+00   1.0905e+03  -2.0164e-03   6.6997e-02   1.0424e-03
   1.8653e+00   1.0953e+03  -2.0336e-03   6.7345e-02   5.0251e-04
   1.8735e+00   1.1001e+03  -2.3336e-03   6.7769e-02  -2.9151e-04
   1.8817e+00   1.1049e+03  -2.8917e-03   6.8215e-02  -1.2655e-03
   1.8899e+00   1.1097e+03  -3.6240e-03   6.8651e-02  -2.3318e-03
   1.8980e+00   1.1145e+03  -4.4208e-03   6.9086e-02  -3.4126e-03
   1.9062e+00   1.1193e+03  -5.1770e-03   6.9561e-02  -4.4481e-03
   1.9144e+00   1.1241e+03  -5.8111e-03   7.0093e-02  -5.4051e-03
   1.9226e+00   1.1289e+03  -6.2667e-03   7.0655e-02  -6.2791e-03
   1.9308e+00   1.1337e+03  -6.5157e-03   7.1188e-02  -7.0854e-03
   1.9390e+00   1.1385e+03  -6.5334e-03   7.1624e-02  -7.8460e-03
   1.9471e+00   1.1433e+03  -6.3034e-03   7.1877e-02  -8.5998e-03
   1.9553e+00   1.1481e+03  -5.8341e-03   7.1873e-02  -9.3839e-03
   1.9635e+00   1.1530e+03  -5.1740e-03   7.1596e-02  -1.0205e-02
   1.9717e+00   1.1578e+03  -4.3865e-03   7.1066e-02  -1.1030e-02
   1.9799e+00   1.1626e+03  -3.5187e-03   7.0314e-02  -1.1791e-02
   1.9880e+00   1.1674e+03  -2.5756e-03   6.9371e-02  -1.2403e-02
   1.9962e+00   1.1722e+03  -1.5472e-03   6.8258e-02  -1.2801e-02
   2.0044e+00   1.1770e+03  -4.3764e-04   6.6989e-02  -1.2955e-02
   2.0126e+00   1.1818e+03   7.0347e-04   6.5600e-02  -1.2876e-02
   2.0208e+00   1.1866e+03   1.8014e-03   6.4167e-02  -1.2604e-02
   2.0289e+00   1.1914e+03   2.7958e-03   6.2777e-02  -1.2190e-02
   2.0371e+00   1.1962e+03   3.6616e-03   6.1483e-02  -1.1686e-02
   2.0453e+00   1.2010e+03   4.3891e-03   6.0305e-02  -1.1134e-02
   2.0535e+00   1.2058e+03   4.9893e-03   5.9258e-02  -1.0572e-02
   2.0617e+00   1.2106e+03   5.4896e-03   5.8350e-02  -1.0026e-02
   2.0699e+00   1.2154e+03   5.9304e-03   5.7606e-02  -9.5016e-03
   2.0780e+00   1.2202e+03   6.3434e-03   5.7075e-02  -8.9918e-03
   2.0862e+00   1.2250e+03   6.7538e-03   5.6810e-02  -8.5138e-03
   2.0944e+00   1.2298e+03   7.1726e-03   5.6835e-02  -8.1249e-03
   2.1026e+00   1.2346e+03   7.6104e-03   5.7117e-02  -7.8810e-03
   2.1108e+00   1.2394e+03   8.0659e-03   5.7570e-02  -7.7931e-03
   2.1189e+00   1.2442e+03   8.5238e-03   5.8086e-02  -7.8184e-03
   2.1271e+00   1.2490e+03   8.9485e-03   5.8564e-02  -7.8871e-03
   2.1353e+00   1.2538e+03   9.3211e-03   5.8947e-02  -7.9260e-03
   2.1435e+00   1.2586e+03   9.6531e-03   5.9247e-02  -7.8886e-03
   2.1517e+00   1.2634e+03   9.9768e-03   5.9523e-02  -7.7617e-03
   2.1598e+00   1.2682e+03   1.0321e-02   5.9832e-02  -7.5640e-03
   2.1680e+00   1.2731e+03   1.0701e-02   6.0167e-02  -7.3199e-03
   2.1762e+00   1.2779e+03   1.1101e-02   6.0465e-02  -7.0359e-03
   2.1844e+00   1.2827e+03   1.1497e-02   6.0657e-02  -6.6909e-03
   2.1926e+00   1.2875e+03   1.1873e-02   6.0710e-02  -6.2634e-03
   2.2008e+00   1.2923e+03   1.2227e-02   6.0628e-02  -5.7609e-03
   2.2089e+00   1.2971e+03   1.2561e-02   6.0456e-02  -5.2295e-03
   2.2171e+00   1.3019e+03   1.2878e-02   6.0269e-02  -4.7343e-03
   2.2253e+00   1.3067e+03   1.3171e-02   6.0153e-02  -4.3239e-03
   2.2335e+00   1.3115e+03   1.3424e-02   6.0171e-02  -4.0187e-03
   2.2417e+00   1.3163e+03   1.3613e-02   6.0335e-02  -3.8081e-03
   2.2498e+00   1.3211e+03   1.3718e-02   6.0629e-02  -3.6584e-03
   2.2580e+00   1.3259e+03   1.3721e-02   6.1031e-02  -3.5205e-03
   2.2662e+00   1.3307e+03   1.3622e-02   6.1495e-02  -3.3443e-03
   2.2744e+00   1.3355e+03   1.3435e-02   6.1959e-02  -3.0987e-03
   2.2826e+00   1.3403e+03   1.3180e-02   6.2376e-02  -2.7879e-03
   2.2907e+00   1.3451e+03   1.2870e-02   6.2737e-02  -2.4526e-03
   2.2989e+00   1.3499e+03   1.2530e-02   6.3078e-02  -2.1387e-03
   2.3071e+00   1.3547e+03   1.2196e-02   6.3447e-02  -1.8709e-03
   2.3153e+00   1.3595e+03   1.1907e-02   6.3863e-02  -1.6569e-03
   2.3235e+00   1.3643e+03   1.1674e-02   6.4338e-02  -1.5016e-03
   2.3317e+00   1.3691e+03   1.1486e-02   6.4888e-02  -1.4155e-03
   2.3398e+00   1.3739e+03   1.1327e-02   6.5528e-02  -1.4174e-03
   2.3480e+00   1.3787e+03   1.1192e-02   6.6230e-02  -1.5342e-03
   2.3562e+00   1.3835e+03   1.1081e-02   6.6934e-02  -1.7849e-03
   2.3644e+00   1.3883e+03   1.1007e-02   6.7577e-02  -2.1680e-03
   2.3726e+00   1.3932e+03   1.0962e-02   6.8123e-02  -2.6633e-03
   2.3807e+00   1.3980e+03   1.0901e-02   6.8572e-02  -3.2555e-03
   2.3889e+00   1.4028e+03   1.0741e-02   6.8939e-02  -3.9459e-03
   2.3971e+00   1.4076e+03   1.0437e-02   6.9244e-02  -4.7380e-03
   2.4053e+00   1.4124e+03   1.0021e-02   6.9493e-02  -5.6042e-03
   2.4135e+00   1.4172e+03   9.5959e-03   6.9690e-02  -6.4782e-03
   2.4216e+00   1.4220e+03   9.2799e-03   6.9861e-02  -7.2835e-03
   2.4298e+00   1.4268e+03   9.1713e-03   7.0061e-02  -7.9612e-03
   2.4380e+00   1.4316e+03   9.3039e-03   7.0340e-02  -8.4718e-03
   2.4462e+00   1.4364e+03   9.6714e-03   7.0696e-02  -8.7964e-03
   2.4544e+00   1.4412e+03   1.0256e-02   7.1079e-02  -8.9492e-03
   2.4626e+00   1.4460e+03   1.1044e-02   7.1419e-02  -8.9735e-03
   2.4707e+00   1.4508e+03   1.2012e-02   7.1652e-02  -8.9285e-03
   2.4789e+00   1.4556e+03   1.3124e-02   7.1735e-02  -8.8776e-03
   2.4871e+00   1.4604e+03   1.4337e-02   7.1633e-02  -8.8777e-03
   2.4953e+00   1.4652e+03   1.5630e-02   7.1301e-02  -8.9551e-03
   2.5035e+00   1.4700e+03   1.7001e-02   7.0691e-02  -9.0868e-03
   2.5116e+00   1.4748e+03   1.8462e-02   6.9778e-02  -9.2076e-03
   2.5198e+00   1.4796e+03   2.0002e-02   6.8582e-02  -9.2549e-03
   2.5280e+00   1.4844e+03   2.1601e-02   6.7172e-02  -9.1946e-03
   2.5362e+00   1.4892e+03   2.3233e-02   6.5639e-02  -9.0348e-03
   2.5444e+00   1.4940e+03   2.4892e-02   6.4064e-02  -8.8123e-03
   2.5525e+00   1.4988e+03   2.6581e-02   6.2498e-02  -8.5767e-03
   2.5607e+00   1.5036e+03   2.8320e-02   6.0973e-02  -8.3630e-03
   2.5689e+00   1.5084e+03   3.0141e-02   5.9490e-02  -8.1758e-03
   2.5771e+00   1.5133e+03   3.2079e-02   5.8027e-02  -7.9966e-03
   2.5853e+00   1.5181e+03   3.4134e-02   5.6549e-02  -7.8023e-03
   2.5935e+00   1.5229e+03   3.6257e-02   5.5040e-02  -7.5679e-03
   2.6016e+00   1.5277e+03   3.8360e-02   5.3500e-02  -7.2570e-03
   2.6098e+00   1.5325e+03   4.0367e-02   5.1937e-02  -6.8201e-03
   2.6180e+00   1.5373e+03   4.2237e-02   5.0364e-02  -6.2305e-03
   2.6262e+00   1.5421e+03   4.3967e-02   4.8798e-02  -5.5082e-03
   2.6344e+00   1.5469e+03   4.5570e-02   4.7246e-02  -4.6999e-03
   2.6425e+00   1.5517e+03   4.7068e-02   4.5701e-02  -3.8540e-03
   2.6507e+00   1.5565e+03   4.8461e-02   4.4161e-02  -3.0183e-03
   2.6589e+00   1.5613e+03   4.9740e-02   4.2647e-02  -2.2318e-03
   2.6671e+00   1.5661e+03   5.0913e-02   4.1200e-02  -1.5104e-03
   2.6753e+00   1.5709e+03   5.2020e-02   3.9865e-02  -8.4875e-04
   2.6834e+00   1.5757e+03   5.3113e-02   3.8664e-02  -2.3802e-04
   2.6916e+00   1.5805e+03   5.4275e-02   3.7579e-02   3.2727e-04
   2.6998e+00   1.5853e+03   5.5612e-02   3.6561e-02   8.4282e-04
   2.7080e+00   1.5901e+03   5.7241e-02   3.5557e-02   1.2903e-03
   2.7162e+00   1.5949e+03   5.9242e-02   3.4510e-02   1.6471e-03
   2.7243e+00   1.5997e+03   6.1641e-02   3.3376e-02   1.9134e-03
   2.7325e+00   1.6045e+03   6.4396e-02   3.2139e-02   2.1302e-03
   2.7407e+00   1.6093e+03   6.7418e-02   3.0813e-02   2.3556e-03
   2.7489e+00   1.6141e+03   7.0569e-02   2.9425e-02   2.6202e-03
   2.7571e+00   1.6189e+03   7.3691e-02   2.7999e-02   2.9232e-03
   2.7653e+00   1.6237e+03   7.6658e-02   2.6574e-02   3.2545e-03
   2.7734e+00   1.6285e+03   7.9405e-02   2.5191e-02   3.6159e-03
   2.7816e+00   1.6334e+03   8.1924e-02   2.3880e-02   4.0206e-03
   2.7898e+00   1.6382e+03   8.4270e-02   2.2659e-02   4.4923e-03
   2.7980e+00   1.6430e+03   8.6520e-02   2.1521e-02   5.0523e-03
   2.8062e+00   1.6478e+03   8.8768e-02   2.0432e-02   5.7062e-03
   2.8143e+00   1.6526e+03   9.1116e-02   1.9335e-02   6.4457e-03
   2.8225e+00   1.6574e+03   9.3676e-02   1.8195e-02   7.2650e-03
   2.8307e+00   1.6622e+03   9.6532e-02   1.7029e-02   8.1623e-03
   2.8389e+00   1.6670e+03   9.9716e-02   1.5895e-02   9.1324e-03
   2.8471e+00   1.6718e+03   1.0320e-01   1.4861e-02   1.0158e-02
   2.8552e+00   1.6766e+03   1.0695e-01   1.3987e-02   1.1209e-02
   2.8634e+00   1.6814e+03   1.1092e-01   1.3351e-02   1.2247e-02
   2.8716e+00   1.6862e+03   1.1506e-01   1.3038e-02   1.3228e-02
   2.8798e+00   1.6910e+03   1.1933e-01   1.3133e-02   1.4125e-02
   2.8880e+00   1.6958e+03   1.2367e-01   1.3709e-02   1.4938e-02
   2.8962e+00   1.7006e+03   1.2799e-01   1.4830e-02   1.5691e-02
   2.9043e+00   1.7054e+03   1.3220e-01   1.6562e-02   1.6403e-02
   2.9125e+00   1.7102e+03   1.3623e-01   1.8995e-02   1.7071e-02
   2.9207e+00   1.7150e+03   1.4003e-01   2.2244e-02   1.7665e-02
   2.9289e+00   1.7198e+03   1.4351e-01   2.6450e-02   1.8138e-02
   2.9371e+00   1.7246e+03   1.4664e-01   3.1764e-02   1.8438e-02
   2.9452e+00   1.7294e+03   1.4938e-01   3.8340e-02   1.8526e-02
   2.9534e+00   1.7342e+03   1.5165e-01   4.6326e-02   1.8367e-02
   2.9616e+00   1.7390e+03   1.5332e-01   5.5872e-02   1.7910e-02
   2.9698e+00   1.7438e+03   1.5419e-01   6.7159e-02   1.7062e-02
   2.9780e+00   1.7486e+03   1.5397e-01   8.0435e-02   1.5689e-02
   2.9861e+00   1.7535e+03   1.5229e-01   9.6023e-02   1.3619e-02
   2.9943e+00   1.7583e+03   1.4863e-01   1.1430e-01   1.0644e-02
   3.0025e+00   1.7631e+03   1.4239e-01   1.3566e-01   6.5261e-03
   3.0107e+00   1.7679e+03   1.3286e-01   1.6041e-01   1.0204e-03
   3.0189e+00   1.7727e+03   1.1923e-01   1.8879e-01  -6.0958e-03
   3.0271e+00   1.7775e+03   1.0048e-01   2.2091e-01  -1.4986e-02
   3.0352e+00   1.7823e+03   7.5464e-02   2.5675e-01  -2.5744e-02
   3.0434e+00   1.7871e+03   4.2899e-02   2.9616e-01  -3.8376e-02
   3.0516e+00   1.7919e+03   1.4415e-03   3.3883e-01  -5.2756e-02
   3.0598e+00   1.7967e+03  -5.0229e-02   3.8428e-01  -6.8560e-02
   3.0680e+00   1.8015e+03  -1.1326e-01   4.3181e-01  -8.5233e-02
   3.0761e+00   1.8063e+03  -1.8842e-01   4.8039e-01  -1.0197e-01
   3.0843e+00   1.8111e+03  -2.7575e-01   5.2866e-01  -1.1772e-01
   3.0925e+00   1.8159e+03  -3.7412e-01   5.7494e-01  -1.3129e-01
   3.1007e+00   1.8207e+03  -4.8050e-01   6.1735e-01  -1.4152e-01
   3.1089e+00   1.8255e+03  -5.8933e-01   6.5401e-01  -1.4760e-01
   3.1170e+00   1.8303e+03  -6.9196e-01   6.8328e-01  -1.4954e-01
   3.1252e+00   1.8351e+03  -7.7711e-01   7.0424e-01  -1.4855e-01
   3.1334e+00   1.8399e+03  -8.3328e-01   7.1694e-01  -1.4704e-01
