# The data in this file was extracted from a direct numerical
# simulation of fully developed plane turbulent channel
# flow. Particulars are listed below. Note that some of the statistical
# quantities provided in this data set should be zero due to
# (statistical) symmetries in the flow. These quantities are reported
# here none-the-less as an indicator of the quality of the statistics.
# more statistics from this data set are available at 
# http://www.tam.uiuc.edu/Faculty/Moser/channel 
#
# Authors: Moser, Kim & Mansour
# Reference: DNS of Turbulent Channel Flow up to Re_tau=590, 1999,
#            Physics of Fluids, vol 11, 943-945.
# Numerical Method: Kim, Moin & Moser, 1987, J. Fluid Mech. vol 177, 133-166 
# Re_tau = 587.19
# Normalization: U_tau, h 
# Description: Spanwise (z) Two-point cross correlations of velocity and pressure at indicated y-location 
# Filename: chan590/correlations/chan590.zccorr.452 
# Date File Created: Feb 29, 2000 
#
#---End of Header---
# 
# nz = 384,  Re = 587.19,  y = 0.76894,  y+ = 451.52
#      dz           dz+         R_uv         R_up         R_vp
#
   0.0000e+00   0.0000e+00  -2.1963e-01   1.5925e-01  -2.3399e-02
   8.1812e-03   4.8040e+00  -2.1849e-01   1.5872e-01  -2.4066e-02
   1.6362e-02   9.6079e+00  -2.1584e-01   1.5769e-01  -2.4828e-02
   2.4544e-02   1.4412e+01  -2.1175e-01   1.5620e-01  -2.5634e-02
   3.2725e-02   1.9216e+01  -2.0639e-01   1.5432e-01  -2.6429e-02
   4.0906e-02   2.4020e+01  -1.9993e-01   1.5209e-01  -2.7160e-02
   4.9087e-02   2.8824e+01  -1.9259e-01   1.4957e-01  -2.7789e-02
   5.7269e-02   3.3628e+01  -1.8457e-01   1.4681e-01  -2.8288e-02
   6.5450e-02   3.8432e+01  -1.7607e-01   1.4383e-01  -2.8644e-02
   7.3631e-02   4.3236e+01  -1.6726e-01   1.4068e-01  -2.8853e-02
   8.1812e-02   4.8040e+01  -1.5829e-01   1.3738e-01  -2.8916e-02
   8.9994e-02   5.2844e+01  -1.4930e-01   1.3396e-01  -2.8842e-02
   9.8175e-02   5.7648e+01  -1.4036e-01   1.3044e-01  -2.8642e-02
   1.0636e-01   6.2452e+01  -1.3155e-01   1.2683e-01  -2.8329e-02
   1.1454e-01   6.7256e+01  -1.2293e-01   1.2315e-01  -2.7917e-02
   1.2272e-01   7.2060e+01  -1.1454e-01   1.1942e-01  -2.7420e-02
   1.3090e-01   7.6864e+01  -1.0640e-01   1.1564e-01  -2.6853e-02
   1.3908e-01   8.1668e+01  -9.8530e-02   1.1182e-01  -2.6228e-02
   1.4726e-01   8.6472e+01  -9.0935e-02   1.0799e-01  -2.5558e-02
   1.5544e-01   9.1275e+01  -8.3619e-02   1.0413e-01  -2.4853e-02
   1.6362e-01   9.6079e+01  -7.6582e-02   1.0027e-01  -2.4124e-02
   1.7181e-01   1.0088e+02  -6.9821e-02   9.6413e-02  -2.3379e-02
   1.7999e-01   1.0569e+02  -6.3332e-02   9.2563e-02  -2.2627e-02
   1.8817e-01   1.1049e+02  -5.7111e-02   8.8730e-02  -2.1876e-02
   1.9635e-01   1.1530e+02  -5.1154e-02   8.4921e-02  -2.1133e-02
   2.0453e-01   1.2010e+02  -4.5454e-02   8.1143e-02  -2.0405e-02
   2.1271e-01   1.2490e+02  -4.0004e-02   7.7404e-02  -1.9699e-02
   2.2089e-01   1.2971e+02  -3.4796e-02   7.3709e-02  -1.9020e-02
   2.2907e-01   1.3451e+02  -2.9822e-02   7.0063e-02  -1.8370e-02
   2.3726e-01   1.3932e+02  -2.5074e-02   6.6470e-02  -1.7753e-02
   2.4544e-01   1.4412e+02  -2.0545e-02   6.2933e-02  -1.7169e-02
   2.5362e-01   1.4892e+02  -1.6230e-02   5.9453e-02  -1.6619e-02
   2.6180e-01   1.5373e+02  -1.2122e-02   5.6034e-02  -1.6102e-02
   2.6998e-01   1.5853e+02  -8.2187e-03   5.2674e-02  -1.5614e-02
   2.7816e-01   1.6334e+02  -4.5143e-03   4.9374e-02  -1.5152e-02
   2.8634e-01   1.6814e+02  -1.0038e-03   4.6132e-02  -1.4710e-02
   2.9452e-01   1.7294e+02   2.3189e-03   4.2946e-02  -1.4285e-02
   3.0271e-01   1.7775e+02   5.4611e-03   3.9814e-02  -1.3874e-02
   3.1089e-01   1.8255e+02   8.4314e-03   3.6733e-02  -1.3476e-02
   3.1907e-01   1.8735e+02   1.1239e-02   3.3703e-02  -1.3088e-02
   3.2725e-01   1.9216e+02   1.3894e-02   3.0722e-02  -1.2713e-02
   3.3543e-01   1.9696e+02   1.6405e-02   2.7789e-02  -1.2349e-02
   3.4361e-01   2.0177e+02   1.8782e-02   2.4905e-02  -1.1999e-02
   3.5179e-01   2.0657e+02   2.1031e-02   2.2071e-02  -1.1665e-02
   3.5997e-01   2.1137e+02   2.3159e-02   1.9289e-02  -1.1348e-02
   3.6816e-01   2.1618e+02   2.5173e-02   1.6563e-02  -1.1051e-02
   3.7634e-01   2.2098e+02   2.7078e-02   1.3894e-02  -1.0774e-02
   3.8452e-01   2.2579e+02   2.8877e-02   1.1287e-02  -1.0518e-02
   3.9270e-01   2.3059e+02   3.0573e-02   8.7452e-03  -1.0284e-02
   4.0088e-01   2.3539e+02   3.2168e-02   6.2700e-03  -1.0069e-02
   4.0906e-01   2.4020e+02   3.3663e-02   3.8637e-03  -9.8736e-03
   4.1724e-01   2.4500e+02   3.5058e-02   1.5275e-03  -9.6933e-03
   4.2542e-01   2.4981e+02   3.6356e-02  -7.3807e-04  -9.5248e-03
   4.3361e-01   2.5461e+02   3.7560e-02  -2.9328e-03  -9.3640e-03
   4.4179e-01   2.5941e+02   3.8674e-02  -5.0570e-03  -9.2071e-03
   4.4997e-01   2.6422e+02   3.9703e-02  -7.1112e-03  -9.0511e-03
   4.5815e-01   2.6902e+02   4.0651e-02  -9.0963e-03  -8.8939e-03
   4.6633e-01   2.7383e+02   4.1521e-02  -1.1014e-02  -8.7340e-03
   4.7451e-01   2.7863e+02   4.2320e-02  -1.2865e-02  -8.5702e-03
   4.8269e-01   2.8343e+02   4.3050e-02  -1.4651e-02  -8.4017e-03
   4.9087e-01   2.8824e+02   4.3716e-02  -1.6374e-02  -8.2272e-03
   4.9906e-01   2.9304e+02   4.4320e-02  -1.8034e-02  -8.0459e-03
   5.0724e-01   2.9785e+02   4.4864e-02  -1.9629e-02  -7.8566e-03
   5.1542e-01   3.0265e+02   4.5348e-02  -2.1160e-02  -7.6586e-03
   5.2360e-01   3.0745e+02   4.5771e-02  -2.2625e-02  -7.4520e-03
   5.3178e-01   3.1226e+02   4.6131e-02  -2.4024e-02  -7.2372e-03
   5.3996e-01   3.1706e+02   4.6428e-02  -2.5358e-02  -7.0158e-03
   5.4814e-01   3.2187e+02   4.6662e-02  -2.6627e-02  -6.7900e-03
   5.5632e-01   3.2667e+02   4.6834e-02  -2.7836e-02  -6.5623e-03
   5.6450e-01   3.3147e+02   4.6947e-02  -2.8989e-02  -6.3350e-03
   5.7269e-01   3.3628e+02   4.7005e-02  -3.0091e-02  -6.1102e-03
   5.8087e-01   3.4108e+02   4.7012e-02  -3.1147e-02  -5.8893e-03
   5.8905e-01   3.4589e+02   4.6969e-02  -3.2162e-02  -5.6731e-03
   5.9723e-01   3.5069e+02   4.6880e-02  -3.3139e-02  -5.4625e-03
   6.0541e-01   3.5549e+02   4.6744e-02  -3.4082e-02  -5.2577e-03
   6.1359e-01   3.6030e+02   4.6562e-02  -3.4993e-02  -5.0597e-03
   6.2177e-01   3.6510e+02   4.6336e-02  -3.5874e-02  -4.8694e-03
   6.2995e-01   3.6991e+02   4.6065e-02  -3.6724e-02  -4.6888e-03
   6.3814e-01   3.7471e+02   4.5750e-02  -3.7544e-02  -4.5198e-03
   6.4632e-01   3.7951e+02   4.5390e-02  -3.8332e-02  -4.3646e-03
   6.5450e-01   3.8432e+02   4.4985e-02  -3.9087e-02  -4.2248e-03
   6.6268e-01   3.8912e+02   4.4536e-02  -3.9806e-02  -4.1019e-03
   6.7086e-01   3.9393e+02   4.4046e-02  -4.0488e-02  -3.9970e-03
   6.7904e-01   3.9873e+02   4.3517e-02  -4.1129e-02  -3.9107e-03
   6.8722e-01   4.0353e+02   4.2956e-02  -4.1730e-02  -3.8433e-03
   6.9540e-01   4.0834e+02   4.2366e-02  -4.2288e-02  -3.7946e-03
   7.0359e-01   4.1314e+02   4.1754e-02  -4.2803e-02  -3.7638e-03
   7.1177e-01   4.1795e+02   4.1125e-02  -4.3276e-02  -3.7494e-03
   7.1995e-01   4.2275e+02   4.0486e-02  -4.3709e-02  -3.7494e-03
   7.2813e-01   4.2755e+02   3.9839e-02  -4.4103e-02  -3.7614e-03
   7.3631e-01   4.3236e+02   3.9189e-02  -4.4460e-02  -3.7827e-03
   7.4449e-01   4.3716e+02   3.8537e-02  -4.4783e-02  -3.8104e-03
   7.5267e-01   4.4197e+02   3.7883e-02  -4.5075e-02  -3.8418e-03
   7.6085e-01   4.4677e+02   3.7228e-02  -4.5337e-02  -3.8743e-03
   7.6904e-01   4.5157e+02   3.6572e-02  -4.5572e-02  -3.9053e-03
   7.7722e-01   4.5638e+02   3.5915e-02  -4.5782e-02  -3.9328e-03
   7.8540e-01   4.6118e+02   3.5259e-02  -4.5968e-02  -3.9548e-03
   7.9358e-01   4.6599e+02   3.4604e-02  -4.6132e-02  -3.9699e-03
   8.0176e-01   4.7079e+02   3.3951e-02  -4.6273e-02  -3.9768e-03
   8.0994e-01   4.7559e+02   3.3300e-02  -4.6392e-02  -3.9752e-03
   8.1812e-01   4.8040e+02   3.2647e-02  -4.6488e-02  -3.9655e-03
   8.2630e-01   4.8520e+02   3.1991e-02  -4.6560e-02  -3.9483e-03
   8.3449e-01   4.9001e+02   3.1327e-02  -4.6609e-02  -3.9246e-03
   8.4267e-01   4.9481e+02   3.0653e-02  -4.6634e-02  -3.8950e-03
   8.5085e-01   4.9961e+02   2.9967e-02  -4.6633e-02  -3.8596e-03
   8.5903e-01   5.0442e+02   2.9267e-02  -4.6608e-02  -3.8177e-03
   8.6721e-01   5.0922e+02   2.8552e-02  -4.6557e-02  -3.7678e-03
   8.7539e-01   5.1403e+02   2.7822e-02  -4.6482e-02  -3.7084e-03
   8.8357e-01   5.1883e+02   2.7076e-02  -4.6384e-02  -3.6374e-03
   8.9175e-01   5.2363e+02   2.6313e-02  -4.6263e-02  -3.5535e-03
   8.9994e-01   5.2844e+02   2.5532e-02  -4.6124e-02  -3.4554e-03
   9.0812e-01   5.3324e+02   2.4734e-02  -4.5966e-02  -3.3430e-03
   9.1630e-01   5.3805e+02   2.3921e-02  -4.5794e-02  -3.2167e-03
   9.2448e-01   5.4285e+02   2.3096e-02  -4.5609e-02  -3.0782e-03
   9.3266e-01   5.4765e+02   2.2262e-02  -4.5413e-02  -2.9298e-03
   9.4084e-01   5.5246e+02   2.1425e-02  -4.5210e-02  -2.7747e-03
   9.4902e-01   5.5726e+02   2.0589e-02  -4.5001e-02  -2.6164e-03
   9.5720e-01   5.6206e+02   1.9759e-02  -4.4786e-02  -2.4583e-03
   9.6539e-01   5.6687e+02   1.8940e-02  -4.4567e-02  -2.3038e-03
   9.7357e-01   5.7167e+02   1.8137e-02  -4.4342e-02  -2.1557e-03
   9.8175e-01   5.7648e+02   1.7354e-02  -4.4110e-02  -2.0163e-03
   9.8993e-01   5.8128e+02   1.6595e-02  -4.3868e-02  -1.8875e-03
   9.9811e-01   5.8608e+02   1.5865e-02  -4.3616e-02  -1.7702e-03
   1.0063e+00   5.9089e+02   1.5169e-02  -4.3349e-02  -1.6646e-03
   1.0145e+00   5.9569e+02   1.4508e-02  -4.3066e-02  -1.5700e-03
   1.0227e+00   6.0050e+02   1.3886e-02  -4.2766e-02  -1.4851e-03
   1.0308e+00   6.0530e+02   1.3302e-02  -4.2448e-02  -1.4080e-03
   1.0390e+00   6.1010e+02   1.2756e-02  -4.2113e-02  -1.3364e-03
   1.0472e+00   6.1491e+02   1.2248e-02  -4.1762e-02  -1.2681e-03
   1.0554e+00   6.1971e+02   1.1779e-02  -4.1395e-02  -1.2007e-03
   1.0636e+00   6.2452e+02   1.1346e-02  -4.1014e-02  -1.1327e-03
   1.0717e+00   6.2932e+02   1.0948e-02  -4.0621e-02  -1.0633e-03
   1.0799e+00   6.3412e+02   1.0582e-02  -4.0218e-02  -9.9208e-04
   1.0881e+00   6.3893e+02   1.0244e-02  -3.9808e-02  -9.1877e-04
   1.0963e+00   6.4373e+02   9.9307e-03  -3.9393e-02  -8.4316e-04
   1.1045e+00   6.4854e+02   9.6370e-03  -3.8974e-02  -7.6489e-04
   1.1126e+00   6.5334e+02   9.3591e-03  -3.8556e-02  -6.8347e-04
   1.1208e+00   6.5814e+02   9.0933e-03  -3.8140e-02  -5.9843e-04
   1.1290e+00   6.6295e+02   8.8363e-03  -3.7731e-02  -5.0946e-04
   1.1372e+00   6.6775e+02   8.5855e-03  -3.7330e-02  -4.1640e-04
   1.1454e+00   6.7256e+02   8.3386e-03  -3.6940e-02  -3.1934e-04
   1.1536e+00   6.7736e+02   8.0937e-03  -3.6562e-02  -2.1858e-04
   1.1617e+00   6.8216e+02   7.8492e-03  -3.6194e-02  -1.1480e-04
   1.1699e+00   6.8697e+02   7.6033e-03  -3.5838e-02  -9.2211e-06
   1.1781e+00   6.9177e+02   7.3535e-03  -3.5491e-02   9.6189e-05
   1.1863e+00   6.9658e+02   7.0972e-03  -3.5151e-02   1.9872e-04
   1.1945e+00   7.0138e+02   6.8322e-03  -3.4818e-02   2.9503e-04
   1.2026e+00   7.0618e+02   6.5572e-03  -3.4491e-02   3.8135e-04
   1.2108e+00   7.1099e+02   6.2725e-03  -3.4169e-02   4.5376e-04
   1.2190e+00   7.1579e+02   5.9808e-03  -3.3852e-02   5.0857e-04
   1.2272e+00   7.2060e+02   5.6866e-03  -3.3539e-02   5.4272e-04
   1.2354e+00   7.2540e+02   5.3958e-03  -3.3230e-02   5.5398e-04
   1.2435e+00   7.3020e+02   5.1143e-03  -3.2924e-02   5.4120e-04
   1.2517e+00   7.3501e+02   4.8471e-03  -3.2621e-02   5.0422e-04
   1.2599e+00   7.3981e+02   4.5976e-03  -3.2323e-02   4.4382e-04
   1.2681e+00   7.4462e+02   4.3670e-03  -3.2030e-02   3.6156e-04
   1.2763e+00   7.4942e+02   4.1554e-03  -3.1743e-02   2.5982e-04
   1.2845e+00   7.5422e+02   3.9619e-03  -3.1465e-02   1.4176e-04
   1.2926e+00   7.5903e+02   3.7854e-03  -3.1194e-02   1.1271e-05
   1.3008e+00   7.6383e+02   3.6248e-03  -3.0931e-02  -1.2738e-04
   1.3090e+00   7.6864e+02   3.4789e-03  -3.0673e-02  -2.6979e-04
   1.3172e+00   7.7344e+02   3.3467e-03  -3.0419e-02  -4.1165e-04
   1.3254e+00   7.7824e+02   3.2269e-03  -3.0166e-02  -5.4883e-04
   1.3335e+00   7.8305e+02   3.1180e-03  -2.9911e-02  -6.7731e-04
   1.3417e+00   7.8785e+02   3.0173e-03  -2.9652e-02  -7.9342e-04
   1.3499e+00   7.9266e+02   2.9211e-03  -2.9385e-02  -8.9398e-04
   1.3581e+00   7.9746e+02   2.8249e-03  -2.9110e-02  -9.7661e-04
   1.3663e+00   8.0226e+02   2.7241e-03  -2.8826e-02  -1.0399e-03
   1.3744e+00   8.0707e+02   2.6141e-03  -2.8531e-02  -1.0834e-03
   1.3826e+00   8.1187e+02   2.4914e-03  -2.8226e-02  -1.1076e-03
   1.3908e+00   8.1668e+02   2.3532e-03  -2.7912e-02  -1.1143e-03
   1.3990e+00   8.2148e+02   2.1984e-03  -2.7588e-02  -1.1054e-03
   1.4072e+00   8.2628e+02   2.0272e-03  -2.7257e-02  -1.0834e-03
   1.4154e+00   8.3109e+02   1.8416e-03  -2.6917e-02  -1.0510e-03
   1.4235e+00   8.3589e+02   1.6449e-03  -2.6569e-02  -1.0104e-03
   1.4317e+00   8.4070e+02   1.4411e-03  -2.6214e-02  -9.6370e-04
   1.4399e+00   8.4550e+02   1.2346e-03  -2.5853e-02  -9.1261e-04
   1.4481e+00   8.5030e+02   1.0292e-03  -2.5487e-02  -8.5827e-04
   1.4563e+00   8.5511e+02   8.2776e-04  -2.5119e-02  -8.0154e-04
   1.4644e+00   8.5991e+02   6.3197e-04  -2.4752e-02  -7.4336e-04
   1.4726e+00   8.6472e+02   4.4258e-04  -2.4389e-02  -6.8509e-04
   1.4808e+00   8.6952e+02   2.5997e-04  -2.4032e-02  -6.2868e-04
   1.4890e+00   8.7432e+02   8.4538e-05  -2.3683e-02  -5.7664e-04
   1.4972e+00   8.7913e+02  -8.3319e-05  -2.3343e-02  -5.3169e-04
   1.5053e+00   8.8393e+02  -2.4338e-04  -2.3015e-02  -4.9621e-04
   1.5135e+00   8.8874e+02  -3.9573e-04  -2.2700e-02  -4.7168e-04
   1.5217e+00   8.9354e+02  -5.4065e-04  -2.2402e-02  -4.5816e-04
   1.5299e+00   8.9834e+02  -6.7833e-04  -2.2122e-02  -4.5428e-04
   1.5381e+00   9.0315e+02  -8.0881e-04  -2.1865e-02  -4.5756e-04
   1.5463e+00   9.0795e+02  -9.3208e-04  -2.1633e-02  -4.6477e-04
   1.5544e+00   9.1276e+02  -1.0482e-03  -2.1430e-02  -4.7245e-04
   1.5626e+00   9.1756e+02  -1.1573e-03  -2.1257e-02  -4.7726e-04
   1.5708e+00   9.2236e+02  -1.2596e-03  -2.1114e-02  -4.7638e-04
   1.5790e+00   9.2717e+02  -1.3551e-03  -2.1004e-02  -4.6761e-04
   1.5872e+00   9.3197e+02  -1.4434e-03  -2.0926e-02  -4.4939e-04
   1.5953e+00   9.3677e+02  -1.5234e-03  -2.0880e-02  -4.2057e-04
   1.6035e+00   9.4158e+02  -1.5935e-03  -2.0866e-02  -3.8022e-04
   1.6117e+00   9.4638e+02  -1.6514e-03  -2.0884e-02  -3.2756e-04
   1.6199e+00   9.5119e+02  -1.6942e-03  -2.0934e-02  -2.6196e-04
   1.6281e+00   9.5599e+02  -1.7194e-03  -2.1014e-02  -1.8294e-04
   1.6362e+00   9.6079e+02  -1.7247e-03  -2.1124e-02  -9.0082e-05
   1.6444e+00   9.6560e+02  -1.7086e-03  -2.1264e-02   1.7116e-05
   1.6526e+00   9.7040e+02  -1.6699e-03  -2.1434e-02   1.3923e-04
   1.6608e+00   9.7521e+02  -1.6080e-03  -2.1635e-02   2.7667e-04
   1.6690e+00   9.8001e+02  -1.5226e-03  -2.1866e-02   4.2939e-04
   1.6772e+00   9.8481e+02  -1.4143e-03  -2.2130e-02   5.9664e-04
   1.6853e+00   9.8962e+02  -1.2841e-03  -2.2425e-02   7.7682e-04
   1.6935e+00   9.9442e+02  -1.1340e-03  -2.2752e-02   9.6750e-04
   1.7017e+00   9.9923e+02  -9.6626e-04  -2.3110e-02   1.1656e-03
   1.7099e+00   1.0040e+03  -7.8364e-04  -2.3497e-02   1.3674e-03
   1.7181e+00   1.0088e+03  -5.8858e-04  -2.3912e-02   1.5692e-03
   1.7262e+00   1.0136e+03  -3.8280e-04  -2.4354e-02   1.7672e-03
   1.7344e+00   1.0184e+03  -1.6672e-04  -2.4821e-02   1.9580e-03
   1.7426e+00   1.0232e+03   6.0756e-05  -2.5312e-02   2.1387e-03
   1.7508e+00   1.0281e+03   3.0199e-04  -2.5826e-02   2.3080e-03
   1.7590e+00   1.0329e+03   5.6006e-04  -2.6363e-02   2.4655e-03
   1.7671e+00   1.0377e+03   8.3810e-04  -2.6920e-02   2.6120e-03
   1.7753e+00   1.0425e+03   1.1389e-03  -2.7495e-02   2.7491e-03
   1.7835e+00   1.0473e+03   1.4647e-03  -2.8085e-02   2.8788e-03
   1.7917e+00   1.0521e+03   1.8172e-03  -2.8689e-02   3.0033e-03
   1.7999e+00   1.0569e+03   2.1972e-03  -2.9301e-02   3.1241e-03
   1.8081e+00   1.0617e+03   2.6053e-03  -2.9919e-02   3.2421e-03
   1.8162e+00   1.0665e+03   3.0413e-03  -3.0538e-02   3.3576e-03
   1.8244e+00   1.0713e+03   3.5042e-03  -3.1157e-02   3.4700e-03
   1.8326e+00   1.0761e+03   3.9919e-03  -3.1773e-02   3.5784e-03
   1.8408e+00   1.0809e+03   4.5012e-03  -3.2386e-02   3.6815e-03
   1.8490e+00   1.0857e+03   5.0281e-03  -3.2995e-02   3.7776e-03
   1.8571e+00   1.0905e+03   5.5681e-03  -3.3601e-02   3.8644e-03
   1.8653e+00   1.0953e+03   6.1167e-03  -3.4208e-02   3.9391e-03
   1.8735e+00   1.1001e+03   6.6694e-03  -3.4815e-02   3.9991e-03
   1.8817e+00   1.1049e+03   7.2217e-03  -3.5424e-02   4.0426e-03
   1.8899e+00   1.1097e+03   7.7690e-03  -3.6037e-02   4.0686e-03
   1.8980e+00   1.1145e+03   8.3065e-03  -3.6652e-02   4.0780e-03
   1.9062e+00   1.1193e+03   8.8296e-03  -3.7270e-02   4.0727e-03
   1.9144e+00   1.1241e+03   9.3341e-03  -3.7887e-02   4.0562e-03
   1.9226e+00   1.1289e+03   9.8169e-03  -3.8502e-02   4.0329e-03
   1.9308e+00   1.1337e+03   1.0276e-02  -3.9112e-02   4.0076e-03
   1.9390e+00   1.1385e+03   1.0712e-02  -3.9714e-02   3.9850e-03
   1.9471e+00   1.1433e+03   1.1124e-02  -4.0306e-02   3.9693e-03
   1.9553e+00   1.1481e+03   1.1513e-02  -4.0887e-02   3.9637e-03
   1.9635e+00   1.1530e+03   1.1882e-02  -4.1458e-02   3.9703e-03
   1.9717e+00   1.1578e+03   1.2232e-02  -4.2020e-02   3.9903e-03
   1.9799e+00   1.1626e+03   1.2564e-02  -4.2572e-02   4.0241e-03
   1.9880e+00   1.1674e+03   1.2878e-02  -4.3117e-02   4.0714e-03
   1.9962e+00   1.1722e+03   1.3175e-02  -4.3655e-02   4.1311e-03
   2.0044e+00   1.1770e+03   1.3456e-02  -4.4186e-02   4.2018e-03
   2.0126e+00   1.1818e+03   1.3720e-02  -4.4711e-02   4.2818e-03
   2.0208e+00   1.1866e+03   1.3969e-02  -4.5230e-02   4.3692e-03
   2.0289e+00   1.1914e+03   1.4205e-02  -4.5744e-02   4.4623e-03
   2.0371e+00   1.1962e+03   1.4429e-02  -4.6252e-02   4.5599e-03
   2.0453e+00   1.2010e+03   1.4642e-02  -4.6754e-02   4.6611e-03
   2.0535e+00   1.2058e+03   1.4849e-02  -4.7251e-02   4.7652e-03
   2.0617e+00   1.2106e+03   1.5052e-02  -4.7743e-02   4.8709e-03
   2.0699e+00   1.2154e+03   1.5255e-02  -4.8230e-02   4.9764e-03
   2.0780e+00   1.2202e+03   1.5461e-02  -4.8712e-02   5.0790e-03
   2.0862e+00   1.2250e+03   1.5676e-02  -4.9187e-02   5.1756e-03
   2.0944e+00   1.2298e+03   1.5901e-02  -4.9655e-02   5.2630e-03
   2.1026e+00   1.2346e+03   1.6140e-02  -5.0116e-02   5.3386e-03
   2.1108e+00   1.2394e+03   1.6394e-02  -5.0569e-02   5.4002e-03
   2.1189e+00   1.2442e+03   1.6665e-02  -5.1015e-02   5.4461e-03
   2.1271e+00   1.2490e+03   1.6951e-02  -5.1453e-02   5.4753e-03
   2.1353e+00   1.2538e+03   1.7251e-02  -5.1885e-02   5.4875e-03
   2.1435e+00   1.2586e+03   1.7563e-02  -5.2312e-02   5.4827e-03
   2.1517e+00   1.2634e+03   1.7885e-02  -5.2733e-02   5.4619e-03
   2.1598e+00   1.2682e+03   1.8213e-02  -5.3148e-02   5.4259e-03
   2.1680e+00   1.2731e+03   1.8544e-02  -5.3557e-02   5.3760e-03
   2.1762e+00   1.2779e+03   1.8876e-02  -5.3957e-02   5.3134e-03
   2.1844e+00   1.2827e+03   1.9205e-02  -5.4348e-02   5.2396e-03
   2.1926e+00   1.2875e+03   1.9530e-02  -5.4728e-02   5.1568e-03
   2.2008e+00   1.2923e+03   1.9852e-02  -5.5095e-02   5.0676e-03
   2.2089e+00   1.2971e+03   2.0169e-02  -5.5447e-02   4.9755e-03
   2.2171e+00   1.3019e+03   2.0482e-02  -5.5784e-02   4.8850e-03
   2.2253e+00   1.3067e+03   2.0791e-02  -5.6105e-02   4.8009e-03
   2.2335e+00   1.3115e+03   2.1094e-02  -5.6408e-02   4.7282e-03
   2.2417e+00   1.3163e+03   2.1386e-02  -5.6695e-02   4.6715e-03
   2.2498e+00   1.3211e+03   2.1665e-02  -5.6965e-02   4.6344e-03
   2.2580e+00   1.3259e+03   2.1927e-02  -5.7216e-02   4.6191e-03
   2.2662e+00   1.3307e+03   2.2167e-02  -5.7447e-02   4.6261e-03
   2.2744e+00   1.3355e+03   2.2387e-02  -5.7658e-02   4.6544e-03
   2.2826e+00   1.3403e+03   2.2585e-02  -5.7847e-02   4.7018e-03
   2.2907e+00   1.3451e+03   2.2763e-02  -5.8013e-02   4.7649e-03
   2.2989e+00   1.3499e+03   2.2924e-02  -5.8156e-02   4.8399e-03
   2.3071e+00   1.3547e+03   2.3069e-02  -5.8276e-02   4.9224e-03
   2.3153e+00   1.3595e+03   2.3203e-02  -5.8372e-02   5.0078e-03
   2.3235e+00   1.3643e+03   2.3327e-02  -5.8444e-02   5.0915e-03
   2.3317e+00   1.3691e+03   2.3446e-02  -5.8492e-02   5.1688e-03
   2.3398e+00   1.3739e+03   2.3564e-02  -5.8515e-02   5.2351e-03
   2.3480e+00   1.3787e+03   2.3687e-02  -5.8510e-02   5.2864e-03
   2.3562e+00   1.3835e+03   2.3821e-02  -5.8477e-02   5.3195e-03
   2.3644e+00   1.3883e+03   2.3971e-02  -5.8414e-02   5.3321e-03
   2.3726e+00   1.3932e+03   2.4144e-02  -5.8317e-02   5.3231e-03
   2.3807e+00   1.3980e+03   2.4341e-02  -5.8184e-02   5.2922e-03
   2.3889e+00   1.4028e+03   2.4565e-02  -5.8013e-02   5.2400e-03
   2.3971e+00   1.4076e+03   2.4813e-02  -5.7800e-02   5.1679e-03
   2.4053e+00   1.4124e+03   2.5084e-02  -5.7544e-02   5.0777e-03
   2.4135e+00   1.4172e+03   2.5372e-02  -5.7242e-02   4.9720e-03
   2.4216e+00   1.4220e+03   2.5672e-02  -5.6889e-02   4.8536e-03
   2.4298e+00   1.4268e+03   2.5979e-02  -5.6484e-02   4.7249e-03
   2.4380e+00   1.4316e+03   2.6288e-02  -5.6022e-02   4.5875e-03
   2.4462e+00   1.4364e+03   2.6593e-02  -5.5501e-02   4.4419e-03
   2.4544e+00   1.4412e+03   2.6890e-02  -5.4917e-02   4.2876e-03
   2.4626e+00   1.4460e+03   2.7174e-02  -5.4267e-02   4.1231e-03
   2.4707e+00   1.4508e+03   2.7442e-02  -5.3548e-02   3.9463e-03
   2.4789e+00   1.4556e+03   2.7692e-02  -5.2758e-02   3.7549e-03
   2.4871e+00   1.4604e+03   2.7922e-02  -5.1893e-02   3.5468e-03
   2.4953e+00   1.4652e+03   2.8131e-02  -5.0953e-02   3.3205e-03
   2.5035e+00   1.4700e+03   2.8317e-02  -4.9938e-02   3.0751e-03
   2.5116e+00   1.4748e+03   2.8481e-02  -4.8846e-02   2.8107e-03
   2.5198e+00   1.4796e+03   2.8621e-02  -4.7681e-02   2.5278e-03
   2.5280e+00   1.4844e+03   2.8737e-02  -4.6444e-02   2.2279e-03
   2.5362e+00   1.4892e+03   2.8826e-02  -4.5141e-02   1.9129e-03
   2.5444e+00   1.4940e+03   2.8887e-02  -4.3776e-02   1.5851e-03
   2.5525e+00   1.4988e+03   2.8918e-02  -4.2352e-02   1.2469e-03
   2.5607e+00   1.5036e+03   2.8917e-02  -4.0873e-02   9.0080e-04
   2.5689e+00   1.5084e+03   2.8880e-02  -3.9343e-02   5.4868e-04
   2.5771e+00   1.5133e+03   2.8806e-02  -3.7762e-02   1.9244e-04
   2.5853e+00   1.5181e+03   2.8689e-02  -3.6131e-02  -1.6621e-04
   2.5935e+00   1.5229e+03   2.8529e-02  -3.4451e-02  -5.2581e-04
   2.6016e+00   1.5277e+03   2.8322e-02  -3.2722e-02  -8.8515e-04
   2.6098e+00   1.5325e+03   2.8066e-02  -3.0944e-02  -1.2433e-03
   2.6180e+00   1.5373e+03   2.7758e-02  -2.9115e-02  -1.5994e-03
   2.6262e+00   1.5421e+03   2.7396e-02  -2.7237e-02  -1.9534e-03
   2.6344e+00   1.5469e+03   2.6976e-02  -2.5309e-02  -2.3054e-03
   2.6425e+00   1.5517e+03   2.6491e-02  -2.3331e-02  -2.6565e-03
   2.6507e+00   1.5565e+03   2.5937e-02  -2.1302e-02  -3.0081e-03
   2.6589e+00   1.5613e+03   2.5306e-02  -1.9223e-02  -3.3628e-03
   2.6671e+00   1.5661e+03   2.4595e-02  -1.7094e-02  -3.7238e-03
   2.6753e+00   1.5709e+03   2.3799e-02  -1.4915e-02  -4.0944e-03
   2.6834e+00   1.5757e+03   2.2917e-02  -1.2687e-02  -4.4781e-03
   2.6916e+00   1.5805e+03   2.1946e-02  -1.0409e-02  -4.8770e-03
   2.6998e+00   1.5853e+03   2.0888e-02  -8.0829e-03  -5.2919e-03
   2.7080e+00   1.5901e+03   1.9742e-02  -5.7075e-03  -5.7220e-03
   2.7162e+00   1.5949e+03   1.8512e-02  -3.2835e-03  -6.1651e-03
   2.7243e+00   1.5997e+03   1.7202e-02  -8.1059e-04  -6.6182e-03
   2.7325e+00   1.6045e+03   1.5815e-02   1.7117e-03  -7.0786e-03
   2.7407e+00   1.6093e+03   1.4356e-02   4.2848e-03  -7.5437e-03
   2.7489e+00   1.6141e+03   1.2823e-02   6.9104e-03  -8.0119e-03
   2.7571e+00   1.6189e+03   1.1215e-02   9.5905e-03  -8.4821e-03
   2.7653e+00   1.6237e+03   9.5274e-03   1.2327e-02  -8.9531e-03
   2.7734e+00   1.6285e+03   7.7515e-03   1.5120e-02  -9.4236e-03
   2.7816e+00   1.6334e+03   5.8787e-03   1.7971e-02  -9.8915e-03
   2.7898e+00   1.6382e+03   3.8999e-03   2.0879e-02  -1.0354e-02
   2.7980e+00   1.6430e+03   1.8070e-03   2.3844e-02  -1.0809e-02
   2.8062e+00   1.6478e+03  -4.0764e-04   2.6866e-02  -1.1254e-02
   2.8143e+00   1.6526e+03  -2.7501e-03   2.9945e-02  -1.1689e-02
   2.8225e+00   1.6574e+03  -5.2256e-03   3.3082e-02  -1.2114e-02
   2.8307e+00   1.6622e+03  -7.8380e-03   3.6277e-02  -1.2530e-02
   2.8389e+00   1.6670e+03  -1.0591e-02   3.9533e-02  -1.2940e-02
   2.8471e+00   1.6718e+03  -1.3488e-02   4.2851e-02  -1.3346e-02
   2.8552e+00   1.6766e+03  -1.6534e-02   4.6232e-02  -1.3748e-02
   2.8634e+00   1.6814e+03  -1.9735e-02   4.9677e-02  -1.4149e-02
   2.8716e+00   1.6862e+03  -2.3100e-02   5.3185e-02  -1.4548e-02
   2.8798e+00   1.6910e+03  -2.6641e-02   5.6756e-02  -1.4947e-02
   2.8880e+00   1.6958e+03  -3.0369e-02   6.0388e-02  -1.5344e-02
   2.8962e+00   1.7006e+03  -3.4299e-02   6.4078e-02  -1.5740e-02
   2.9043e+00   1.7054e+03  -3.8441e-02   6.7822e-02  -1.6131e-02
   2.9125e+00   1.7102e+03  -4.2807e-02   7.1617e-02  -1.6515e-02
   2.9207e+00   1.7150e+03  -4.7407e-02   7.5459e-02  -1.6890e-02
   2.9289e+00   1.7198e+03  -5.2248e-02   7.9342e-02  -1.7252e-02
   2.9371e+00   1.7246e+03  -5.7340e-02   8.3262e-02  -1.7597e-02
   2.9452e+00   1.7294e+03  -6.2691e-02   8.7213e-02  -1.7923e-02
   2.9534e+00   1.7342e+03  -6.8310e-02   9.1190e-02  -1.8229e-02
   2.9616e+00   1.7390e+03  -7.4204e-02   9.5185e-02  -1.8511e-02
   2.9698e+00   1.7438e+03  -8.0381e-02   9.9188e-02  -1.8771e-02
   2.9780e+00   1.7486e+03  -8.6847e-02   1.0319e-01  -1.9008e-02
   2.9861e+00   1.7535e+03  -9.3604e-02   1.0718e-01  -1.9223e-02
   2.9943e+00   1.7583e+03  -1.0065e-01   1.1116e-01  -1.9416e-02
   3.0025e+00   1.7631e+03  -1.0799e-01   1.1510e-01  -1.9592e-02
   3.0107e+00   1.7679e+03  -1.1560e-01   1.1899e-01  -1.9753e-02
   3.0189e+00   1.7727e+03  -1.2348e-01   1.2283e-01  -1.9905e-02
   3.0271e+00   1.7775e+03  -1.3159e-01   1.2660e-01  -2.0053e-02
   3.0352e+00   1.7823e+03  -1.3989e-01   1.3029e-01  -2.0202e-02
   3.0434e+00   1.7871e+03  -1.4835e-01   1.3387e-01  -2.0357e-02
   3.0516e+00   1.7919e+03  -1.5688e-01   1.3734e-01  -2.0521e-02
   3.0598e+00   1.7967e+03  -1.6542e-01   1.4066e-01  -2.0695e-02
   3.0680e+00   1.8015e+03  -1.7384e-01   1.4383e-01  -2.0876e-02
   3.0761e+00   1.8063e+03  -1.8204e-01   1.4681e-01  -2.1062e-02
   3.0843e+00   1.8111e+03  -1.8986e-01   1.4958e-01  -2.1250e-02
   3.0925e+00   1.8159e+03  -1.9715e-01   1.5210e-01  -2.1440e-02
   3.1007e+00   1.8207e+03  -2.0374e-01   1.5432e-01  -2.1638e-02
   3.1089e+00   1.8255e+03  -2.0942e-01   1.5621e-01  -2.1854e-02
   3.1170e+00   1.8303e+03  -2.1400e-01   1.5769e-01  -2.2110e-02
   3.1252e+00   1.8351e+03  -2.1732e-01   1.5872e-01  -2.2433e-02
   3.1334e+00   1.8399e+03  -2.1923e-01   1.5925e-01  -2.2855e-02
