# The data in this file was extracted from a direct numerical
# simulation of fully developed plane turbulent channel
# flow. Particulars are listed below. Note that some of the statistical
# quantities provided in this data set should be zero due to
# (statistical) symmetries in the flow. These quantities are reported
# here none-the-less as an indicator of the quality of the statistics.
# more statistics from this data set are available at 
# http://www.tam.uiuc.edu/Faculty/Moser/channel 
#
# Authors: Moser, Kim & Mansour
# Reference: DNS of Turbulent Channel Flow up to Re_tau=590, 1999,
#            Physics of Fluids, vol 11, 943-945.
# Numerical Method: Kim, Moin & Moser, 1987, J. Fluid Mech. vol 177, 133-166 
# Re_tau = 587.19
# Normalization: U_tau, h 
# Description: Spanwise (z) Two-point cross correlations of velocity and pressure at indicated y-location 
# Filename: chan590/correlations/chan590.zccorr.80 
# Date File Created: Feb 29, 2000 
#
#---End of Header---
# 
# nz = 384,  Re = 587.19,  y = 0.13603,  y+ =  79.87
#      dz           dz+         R_uv         R_up         R_vp
#
   0.0000e+00   0.0000e+00  -8.2766e-01   6.2093e-01  -1.5327e-01
   8.1812e-03   4.8040e+00  -8.1431e-01   6.1899e-01  -1.5808e-01
   1.6362e-02   9.6079e+00  -7.7588e-01   6.1074e-01  -1.6404e-01
   2.4544e-02   1.4412e+01  -7.1673e-01   5.9662e-01  -1.6912e-01
   3.2725e-02   1.9216e+01  -6.4347e-01   5.7735e-01  -1.7161e-01
   4.0906e-02   2.4020e+01  -5.6284e-01   5.5385e-01  -1.7057e-01
   4.9087e-02   2.8824e+01  -4.8035e-01   5.2707e-01  -1.6583e-01
   5.7269e-02   3.3628e+01  -4.0001e-01   4.9788e-01  -1.5774e-01
   6.5450e-02   3.8432e+01  -3.2444e-01   4.6706e-01  -1.4692e-01
   7.3631e-02   4.3236e+01  -2.5519e-01   4.3528e-01  -1.3412e-01
   8.1812e-02   4.8040e+01  -1.9300e-01   4.0315e-01  -1.2005e-01
   8.9994e-02   5.2844e+01  -1.3802e-01   3.7124e-01  -1.0537e-01
   9.8175e-02   5.7648e+01  -9.0028e-02   3.4003e-01  -9.0658e-02
   1.0636e-01   6.2452e+01  -4.8581e-02   3.0992e-01  -7.6373e-02
   1.1454e-01   6.7256e+01  -1.3129e-02   2.8126e-01  -6.2876e-02
   1.2272e-01   7.2060e+01   1.6927e-02   2.5430e-01  -5.0439e-02
   1.3090e-01   7.6864e+01   4.2194e-02   2.2924e-01  -3.9245e-02
   1.3908e-01   8.1668e+01   6.3267e-02   2.0621e-01  -2.9388e-02
   1.4726e-01   8.6472e+01   8.0718e-02   1.8526e-01  -2.0880e-02
   1.5544e-01   9.1275e+01   9.5068e-02   1.6638e-01  -1.3678e-02
   1.6362e-01   9.6079e+01   1.0678e-01   1.4953e-01  -7.7019e-03
   1.7181e-01   1.0088e+02   1.1624e-01   1.3460e-01  -2.8563e-03
   1.7999e-01   1.0569e+02   1.2380e-01   1.2146e-01   9.6535e-04
   1.8817e-01   1.1049e+02   1.2976e-01   1.1000e-01   3.8735e-03
   1.9635e-01   1.1530e+02   1.3438e-01   1.0007e-01   5.9801e-03
   2.0453e-01   1.2010e+02   1.3784e-01   9.1548e-02   7.3916e-03
   2.1271e-01   1.2490e+02   1.4027e-01   8.4306e-02   8.2109e-03
   2.2089e-01   1.2971e+02   1.4177e-01   7.8182e-02   8.5505e-03
   2.2907e-01   1.3451e+02   1.4246e-01   7.2997e-02   8.5373e-03
   2.3726e-01   1.3932e+02   1.4242e-01   6.8563e-02   8.3038e-03
   2.4544e-01   1.4412e+02   1.4175e-01   6.4704e-02   7.9783e-03
   2.5362e-01   1.4892e+02   1.4056e-01   6.1269e-02   7.6646e-03
   2.6180e-01   1.5373e+02   1.3895e-01   5.8145e-02   7.4279e-03
   2.6998e-01   1.5853e+02   1.3702e-01   5.5273e-02   7.2984e-03
   2.7816e-01   1.6334e+02   1.3487e-01   5.2639e-02   7.2855e-03
   2.8634e-01   1.6814e+02   1.3256e-01   5.0244e-02   7.3755e-03
   2.9452e-01   1.7294e+02   1.3016e-01   4.8080e-02   7.5313e-03
   3.0271e-01   1.7775e+02   1.2773e-01   4.6125e-02   7.7083e-03
   3.1089e-01   1.8255e+02   1.2534e-01   4.4349e-02   7.8727e-03
   3.1907e-01   1.8735e+02   1.2304e-01   4.2725e-02   7.9984e-03
   3.2725e-01   1.9216e+02   1.2084e-01   4.1235e-02   8.0532e-03
   3.3543e-01   1.9696e+02   1.1871e-01   3.9878e-02   7.9992e-03
   3.4361e-01   2.0177e+02   1.1659e-01   3.8671e-02   7.8105e-03
   3.5179e-01   2.0657e+02   1.1443e-01   3.7636e-02   7.4873e-03
   3.5997e-01   2.1137e+02   1.1219e-01   3.6785e-02   7.0512e-03
   3.6816e-01   2.1618e+02   1.0988e-01   3.6109e-02   6.5344e-03
   3.7634e-01   2.2098e+02   1.0750e-01   3.5577e-02   5.9766e-03
   3.8452e-01   2.2579e+02   1.0504e-01   3.5146e-02   5.4246e-03
   3.9270e-01   2.3059e+02   1.0251e-01   3.4776e-02   4.9288e-03
   4.0088e-01   2.3539e+02   9.9885e-02   3.4429e-02   4.5292e-03
   4.0906e-01   2.4020e+02   9.7207e-02   3.4075e-02   4.2472e-03
   4.1724e-01   2.4500e+02   9.4524e-02   3.3687e-02   4.0886e-03
   4.2542e-01   2.4981e+02   9.1894e-02   3.3259e-02   4.0469e-03
   4.3361e-01   2.5461e+02   8.9372e-02   3.2804e-02   4.0975e-03
   4.4179e-01   2.5941e+02   8.6993e-02   3.2357e-02   4.2005e-03
   4.4997e-01   2.6422e+02   8.4770e-02   3.1966e-02   4.3109e-03
   4.5815e-01   2.6902e+02   8.2697e-02   3.1681e-02   4.3931e-03
   4.6633e-01   2.7383e+02   8.0763e-02   3.1536e-02   4.4304e-03
   4.7451e-01   2.7863e+02   7.8948e-02   3.1559e-02   4.4243e-03
   4.8269e-01   2.8343e+02   7.7236e-02   3.1761e-02   4.3828e-03
   4.9087e-01   2.8824e+02   7.5616e-02   3.2138e-02   4.3092e-03
   4.9906e-01   2.9304e+02   7.4075e-02   3.2668e-02   4.2042e-03
   5.0724e-01   2.9785e+02   7.2590e-02   3.3305e-02   4.0695e-03
   5.1542e-01   3.0265e+02   7.1118e-02   3.3980e-02   3.9128e-03
   5.2360e-01   3.0745e+02   6.9613e-02   3.4629e-02   3.7518e-03
   5.3178e-01   3.1226e+02   6.8044e-02   3.5221e-02   3.6157e-03
   5.3996e-01   3.1706e+02   6.6404e-02   3.5758e-02   3.5477e-03
   5.4814e-01   3.2187e+02   6.4696e-02   3.6249e-02   3.6011e-03
   5.5632e-01   3.2667e+02   6.2921e-02   3.6691e-02   3.8196e-03
   5.6450e-01   3.3147e+02   6.1089e-02   3.7074e-02   4.2156e-03
   5.7269e-01   3.3628e+02   5.9212e-02   3.7404e-02   4.7611e-03
   5.8087e-01   3.4108e+02   5.7314e-02   3.7702e-02   5.3946e-03
   5.8905e-01   3.4589e+02   5.5442e-02   3.7995e-02   6.0363e-03
   5.9723e-01   3.5069e+02   5.3657e-02   3.8305e-02   6.6050e-03
   6.0541e-01   3.5549e+02   5.2002e-02   3.8643e-02   7.0326e-03
   6.1359e-01   3.6030e+02   5.0475e-02   3.9002e-02   7.2757e-03
   6.2177e-01   3.6510e+02   4.9025e-02   3.9375e-02   7.3229e-03
   6.2995e-01   3.6991e+02   4.7585e-02   3.9783e-02   7.1982e-03
   6.3814e-01   3.7471e+02   4.6103e-02   4.0267e-02   6.9572e-03
   6.4632e-01   3.7951e+02   4.4550e-02   4.0871e-02   6.6681e-03
   6.5450e-01   3.8432e+02   4.2916e-02   4.1614e-02   6.3861e-03
   6.6268e-01   3.8912e+02   4.1195e-02   4.2493e-02   6.1381e-03
   6.7086e-01   3.9393e+02   3.9388e-02   4.3491e-02   5.9195e-03
   6.7904e-01   3.9873e+02   3.7523e-02   4.4600e-02   5.7044e-03
   6.8722e-01   4.0353e+02   3.5661e-02   4.5834e-02   5.4656e-03
   6.9540e-01   4.0834e+02   3.3874e-02   4.7213e-02   5.1889e-03
   7.0359e-01   4.1314e+02   3.2210e-02   4.8751e-02   4.8745e-03
   7.1177e-01   4.1795e+02   3.0688e-02   5.0448e-02   4.5237e-03
   7.1995e-01   4.2275e+02   2.9297e-02   5.2309e-02   4.1178e-03
   7.2813e-01   4.2755e+02   2.8006e-02   5.4336e-02   3.6124e-03
   7.3631e-01   4.3236e+02   2.6770e-02   5.6528e-02   2.9570e-03
   7.4449e-01   4.3716e+02   2.5549e-02   5.8881e-02   2.1186e-03
   7.5267e-01   4.4197e+02   2.4320e-02   6.1386e-02   1.0991e-03
   7.6085e-01   4.4677e+02   2.3083e-02   6.4013e-02  -7.1386e-05
   7.6904e-01   4.5157e+02   2.1856e-02   6.6712e-02  -1.3559e-03
   7.7722e-01   4.5638e+02   2.0654e-02   6.9428e-02  -2.7273e-03
   7.8540e-01   4.6118e+02   1.9480e-02   7.2112e-02  -4.1677e-03
   7.9358e-01   4.6599e+02   1.8332e-02   7.4729e-02  -5.6635e-03
   8.0176e-01   4.7079e+02   1.7213e-02   7.7250e-02  -7.1986e-03
   8.0994e-01   4.7559e+02   1.6134e-02   7.9653e-02  -8.7417e-03
   8.1812e-01   4.8040e+02   1.5103e-02   8.1934e-02  -1.0242e-02
   8.2630e-01   4.8520e+02   1.4115e-02   8.4086e-02  -1.1648e-02
   8.3449e-01   4.9001e+02   1.3143e-02   8.6090e-02  -1.2925e-02
   8.4267e-01   4.9481e+02   1.2134e-02   8.7915e-02  -1.4059e-02
   8.5085e-01   4.9961e+02   1.1039e-02   8.9544e-02  -1.5038e-02
   8.5903e-01   5.0442e+02   9.8260e-03   9.0972e-02  -1.5848e-02
   8.6721e-01   5.0922e+02   8.5015e-03   9.2196e-02  -1.6475e-02
   8.7539e-01   5.1403e+02   7.1028e-03   9.3210e-02  -1.6912e-02
   8.8357e-01   5.1883e+02   5.6734e-03   9.4004e-02  -1.7158e-02
   8.9175e-01   5.2363e+02   4.2345e-03   9.4559e-02  -1.7216e-02
   8.9994e-01   5.2844e+02   2.7876e-03   9.4834e-02  -1.7084e-02
   9.0812e-01   5.3324e+02   1.3430e-03   9.4792e-02  -1.6747e-02
   9.1630e-01   5.3805e+02  -7.3213e-05   9.4436e-02  -1.6182e-02
   9.2448e-01   5.4285e+02  -1.4372e-03   9.3831e-02  -1.5372e-02
   9.3266e-01   5.4765e+02  -2.7486e-03   9.3081e-02  -1.4346e-02
   9.4084e-01   5.5246e+02  -4.0236e-03   9.2283e-02  -1.3173e-02
   9.4902e-01   5.5726e+02  -5.2717e-03   9.1519e-02  -1.1944e-02
   9.5720e-01   5.6206e+02  -6.4832e-03   9.0833e-02  -1.0741e-02
   9.6539e-01   5.6687e+02  -7.6356e-03   9.0244e-02  -9.6299e-03
   9.7357e-01   5.7167e+02  -8.6972e-03   8.9755e-02  -8.6484e-03
   9.8175e-01   5.7648e+02  -9.6369e-03   8.9362e-02  -7.8138e-03
   9.8993e-01   5.8128e+02  -1.0421e-02   8.9052e-02  -7.1386e-03
   9.9811e-01   5.8608e+02  -1.1017e-02   8.8800e-02  -6.6425e-03
   1.0063e+00   5.9089e+02  -1.1403e-02   8.8580e-02  -6.3373e-03
   1.0145e+00   5.9569e+02  -1.1577e-02   8.8370e-02  -6.2115e-03
   1.0227e+00   6.0050e+02  -1.1548e-02   8.8149e-02  -6.2263e-03
   1.0308e+00   6.0530e+02  -1.1327e-02   8.7900e-02  -6.3219e-03
   1.0390e+00   6.1010e+02  -1.0923e-02   8.7617e-02  -6.4321e-03
   1.0472e+00   6.1491e+02  -1.0372e-02   8.7299e-02  -6.5051e-03
   1.0554e+00   6.1971e+02  -9.7340e-03   8.6931e-02  -6.5117e-03
   1.0636e+00   6.2452e+02  -9.0728e-03   8.6476e-02  -6.4398e-03
   1.0717e+00   6.2932e+02  -8.4450e-03   8.5889e-02  -6.2886e-03
   1.0799e+00   6.3412e+02  -7.8938e-03   8.5131e-02  -6.0677e-03
   1.0881e+00   6.3893e+02  -7.4339e-03   8.4174e-02  -5.7998e-03
   1.0963e+00   6.4373e+02  -7.0617e-03   8.3016e-02  -5.5184e-03
   1.1045e+00   6.4854e+02  -6.7782e-03   8.1671e-02  -5.2558e-03
   1.1126e+00   6.5334e+02  -6.5982e-03   8.0156e-02  -5.0325e-03
   1.1208e+00   6.5814e+02  -6.5282e-03   7.8493e-02  -4.8459e-03
   1.1290e+00   6.6295e+02  -6.5569e-03   7.6713e-02  -4.6674e-03
   1.1372e+00   6.6775e+02  -6.6632e-03   7.4855e-02  -4.4527e-03
   1.1454e+00   6.7256e+02  -6.8365e-03   7.2967e-02  -4.1565e-03
   1.1536e+00   6.7736e+02  -7.0703e-03   7.1098e-02  -3.7484e-03
   1.1617e+00   6.8216e+02  -7.3471e-03   6.9277e-02  -3.2276e-03
   1.1699e+00   6.8697e+02  -7.6311e-03   6.7511e-02  -2.6195e-03
   1.1781e+00   6.9177e+02  -7.8737e-03   6.5794e-02  -1.9562e-03
   1.1863e+00   6.9658e+02  -8.0181e-03   6.4122e-02  -1.2611e-03
   1.1945e+00   7.0138e+02  -8.0139e-03   6.2516e-02  -5.5211e-04
   1.2026e+00   7.0618e+02  -7.8309e-03   6.1018e-02   1.4175e-04
   1.2108e+00   7.1099e+02  -7.4706e-03   5.9676e-02   7.8198e-04
   1.2190e+00   7.1579e+02  -6.9640e-03   5.8524e-02   1.3464e-03
   1.2272e+00   7.2060e+02  -6.3613e-03   5.7574e-02   1.8458e-03
   1.2354e+00   7.2540e+02  -5.7120e-03   5.6836e-02   2.3131e-03
   1.2435e+00   7.3020e+02  -5.0628e-03   5.6319e-02   2.7807e-03
   1.2517e+00   7.3501e+02  -4.4603e-03   5.6013e-02   3.2612e-03
   1.2599e+00   7.3981e+02  -3.9525e-03   5.5867e-02   3.7447e-03
   1.2681e+00   7.4462e+02  -3.5790e-03   5.5807e-02   4.2005e-03
   1.2763e+00   7.4942e+02  -3.3606e-03   5.5765e-02   4.5838e-03
   1.2845e+00   7.5422e+02  -3.2850e-03   5.5697e-02   4.8465e-03
   1.2926e+00   7.5903e+02  -3.3053e-03   5.5586e-02   4.9510e-03
   1.3008e+00   7.6383e+02  -3.3566e-03   5.5435e-02   4.8785e-03
   1.3090e+00   7.6864e+02  -3.3925e-03   5.5275e-02   4.6261e-03
   1.3172e+00   7.7344e+02  -3.4042e-03   5.5158e-02   4.1974e-03
   1.3254e+00   7.7824e+02  -3.4119e-03   5.5131e-02   3.5942e-03
   1.3335e+00   7.8305e+02  -3.4430e-03   5.5218e-02   2.8134e-03
   1.3417e+00   7.8785e+02  -3.5221e-03   5.5424e-02   1.8632e-03
   1.3499e+00   7.9266e+02  -3.6623e-03   5.5732e-02   7.7472e-04
   1.3581e+00   7.9746e+02  -3.8676e-03   5.6117e-02  -3.9952e-04
   1.3663e+00   8.0226e+02  -4.1245e-03   5.6546e-02  -1.5972e-03
   1.3744e+00   8.0707e+02  -4.4017e-03   5.6989e-02  -2.7564e-03
   1.3826e+00   8.1187e+02  -4.6627e-03   5.7418e-02  -3.8256e-03
   1.3908e+00   8.1668e+02  -4.8934e-03   5.7805e-02  -4.7679e-03
   1.3990e+00   8.2148e+02  -5.1026e-03   5.8101e-02  -5.5632e-03
   1.4072e+00   8.2628e+02  -5.3114e-03   5.8241e-02  -6.2044e-03
   1.4154e+00   8.3109e+02  -5.5413e-03   5.8171e-02  -6.6897e-03
   1.4235e+00   8.3589e+02  -5.8146e-03   5.7878e-02  -7.0129e-03
   1.4317e+00   8.4070e+02  -6.1450e-03   5.7395e-02  -7.1625e-03
   1.4399e+00   8.4550e+02  -6.5275e-03   5.6782e-02  -7.1312e-03
   1.4481e+00   8.5030e+02  -6.9384e-03   5.6094e-02  -6.9255e-03
   1.4563e+00   8.5511e+02  -7.3535e-03   5.5389e-02  -6.5592e-03
   1.4644e+00   8.5991e+02  -7.7545e-03   5.4723e-02  -6.0422e-03
   1.4726e+00   8.6472e+02  -8.1409e-03   5.4143e-02  -5.3736e-03
   1.4808e+00   8.6952e+02  -8.5316e-03   5.3669e-02  -4.5551e-03
   1.4890e+00   8.7432e+02  -8.9472e-03   5.3304e-02  -3.6076e-03
   1.4972e+00   8.7913e+02  -9.3900e-03   5.3044e-02  -2.5707e-03
   1.5053e+00   8.8393e+02  -9.8489e-03   5.2887e-02  -1.4824e-03
   1.5135e+00   8.8874e+02  -1.0311e-02   5.2807e-02  -3.6444e-04
   1.5217e+00   8.9354e+02  -1.0774e-02   5.2751e-02   7.7457e-04
   1.5299e+00   8.9834e+02  -1.1242e-02   5.2663e-02   1.9185e-03
   1.5381e+00   9.0315e+02  -1.1726e-02   5.2514e-02   3.0349e-03
   1.5463e+00   9.0795e+02  -1.2244e-02   5.2319e-02   4.0850e-03
   1.5544e+00   9.1276e+02  -1.2822e-02   5.2130e-02   5.0414e-03
   1.5626e+00   9.1756e+02  -1.3474e-02   5.2006e-02   5.8978e-03
   1.5708e+00   9.2236e+02  -1.4210e-02   5.1994e-02   6.6660e-03
   1.5790e+00   9.2717e+02  -1.5022e-02   5.2121e-02   7.3705e-03
   1.5872e+00   9.3197e+02  -1.5886e-02   5.2398e-02   8.0352e-03
   1.5953e+00   9.3677e+02  -1.6756e-02   5.2833e-02   8.6690e-03
   1.6035e+00   9.4158e+02  -1.7581e-02   5.3422e-02   9.2522e-03
   1.6117e+00   9.4638e+02  -1.8308e-02   5.4156e-02   9.7303e-03
   1.6199e+00   9.5119e+02  -1.8887e-02   5.5014e-02   1.0027e-02
   1.6281e+00   9.5599e+02  -1.9283e-02   5.5977e-02   1.0079e-02
   1.6362e+00   9.6079e+02  -1.9482e-02   5.7016e-02   9.8600e-03
   1.6444e+00   9.6560e+02  -1.9497e-02   5.8100e-02   9.3863e-03
   1.6526e+00   9.7040e+02  -1.9350e-02   5.9190e-02   8.7066e-03
   1.6608e+00   9.7521e+02  -1.9045e-02   6.0250e-02   7.8831e-03
   1.6690e+00   9.8001e+02  -1.8558e-02   6.1263e-02   6.9780e-03
   1.6772e+00   9.8481e+02  -1.7861e-02   6.2236e-02   6.0438e-03
   1.6853e+00   9.8962e+02  -1.6956e-02   6.3180e-02   5.1213e-03
   1.6935e+00   9.9442e+02  -1.5888e-02   6.4089e-02   4.2438e-03
   1.7017e+00   9.9923e+02  -1.4731e-02   6.4932e-02   3.4364e-03
   1.7099e+00   1.0040e+03  -1.3563e-02   6.5664e-02   2.7159e-03
   1.7181e+00   1.0088e+03  -1.2437e-02   6.6237e-02   2.0843e-03
   1.7262e+00   1.0136e+03  -1.1372e-02   6.6625e-02   1.5359e-03
   1.7344e+00   1.0184e+03  -1.0363e-02   6.6832e-02   1.0744e-03
   1.7426e+00   1.0232e+03  -9.3938e-03   6.6899e-02   7.1767e-04
   1.7508e+00   1.0281e+03  -8.4519e-03   6.6883e-02   4.8492e-04
   1.7590e+00   1.0329e+03  -7.5427e-03   6.6847e-02   3.8094e-04
   1.7671e+00   1.0377e+03  -6.6851e-03   6.6847e-02   3.8987e-04
   1.7753e+00   1.0425e+03  -5.8936e-03   6.6925e-02   4.8352e-04
   1.7835e+00   1.0473e+03  -5.1609e-03   6.7091e-02   6.3911e-04
   1.7917e+00   1.0521e+03  -4.4651e-03   6.7323e-02   8.4673e-04
   1.7999e+00   1.0569e+03  -3.7978e-03   6.7584e-02   1.1019e-03
   1.8081e+00   1.0617e+03  -3.1659e-03   6.7846e-02   1.3937e-03
   1.8162e+00   1.0665e+03  -2.5794e-03   6.8110e-02   1.6931e-03
   1.8244e+00   1.0713e+03  -2.0389e-03   6.8406e-02   1.9507e-03
   1.8326e+00   1.0761e+03  -1.5334e-03   6.8785e-02   2.1026e-03
   1.8408e+00   1.0809e+03  -1.0429e-03   6.9296e-02   2.0862e-03
   1.8490e+00   1.0857e+03  -5.5918e-04   6.9963e-02   1.8506e-03
   1.8571e+00   1.0905e+03  -9.8818e-05   7.0778e-02   1.3613e-03
   1.8653e+00   1.0953e+03   2.9685e-04   7.1703e-02   6.0300e-04
   1.8735e+00   1.1001e+03   5.8628e-04   7.2698e-02  -4.1344e-04
   1.8817e+00   1.1049e+03   7.5298e-04   7.3726e-02  -1.6384e-03
   1.8899e+00   1.1097e+03   8.1065e-04   7.4754e-02  -2.9772e-03
   1.8980e+00   1.1145e+03   7.7701e-04   7.5745e-02  -4.3147e-03
   1.9062e+00   1.1193e+03   6.5775e-04   7.6662e-02  -5.5559e-03
   1.9144e+00   1.1241e+03   4.4846e-04   7.7474e-02  -6.6519e-03
   1.9226e+00   1.1289e+03   1.5376e-04   7.8155e-02  -7.5961e-03
   1.9308e+00   1.1337e+03  -2.0308e-04   7.8663e-02  -8.4033e-03
   1.9390e+00   1.1385e+03  -5.9083e-04   7.8939e-02  -9.0925e-03
   1.9471e+00   1.1433e+03  -9.8059e-04   7.8928e-02  -9.6837e-03
   1.9553e+00   1.1481e+03  -1.3316e-03   7.8579e-02  -1.0206e-02
   1.9635e+00   1.1530e+03  -1.5936e-03   7.7853e-02  -1.0697e-02
   1.9717e+00   1.1578e+03  -1.7205e-03   7.6737e-02  -1.1187e-02
   1.9799e+00   1.1626e+03  -1.6894e-03   7.5262e-02  -1.1678e-02
   1.9880e+00   1.1674e+03  -1.5014e-03   7.3493e-02  -1.2141e-02
   1.9962e+00   1.1722e+03  -1.1750e-03   7.1535e-02  -1.2535e-02
   2.0044e+00   1.1770e+03  -7.3309e-04   6.9523e-02  -1.2823e-02
   2.0126e+00   1.1818e+03  -1.9842e-04   6.7590e-02  -1.2985e-02
   2.0208e+00   1.1866e+03   4.0868e-04   6.5822e-02  -1.3018e-02
   2.0289e+00   1.1914e+03   1.0681e-03   6.4235e-02  -1.2940e-02
   2.0371e+00   1.1962e+03   1.7599e-03   6.2794e-02  -1.2778e-02
   2.0453e+00   1.2010e+03   2.4596e-03   6.1453e-02  -1.2559e-02
   2.0535e+00   1.2058e+03   3.1451e-03   6.0168e-02  -1.2302e-02
   2.0617e+00   1.2106e+03   3.8077e-03   5.8902e-02  -1.2014e-02
   2.0699e+00   1.2154e+03   4.4611e-03   5.7625e-02  -1.1695e-02
   2.0780e+00   1.2202e+03   5.1308e-03   5.6325e-02  -1.1359e-02
   2.0862e+00   1.2250e+03   5.8397e-03   5.5007e-02  -1.1026e-02
   2.0944e+00   1.2298e+03   6.5907e-03   5.3683e-02  -1.0713e-02
   2.1026e+00   1.2346e+03   7.3666e-03   5.2361e-02  -1.0420e-02
   2.1108e+00   1.2394e+03   8.1368e-03   5.1037e-02  -1.0135e-02
   2.1189e+00   1.2442e+03   8.8655e-03   4.9686e-02  -9.8317e-03
   2.1271e+00   1.2490e+03   9.5135e-03   4.8280e-02  -9.4796e-03
   2.1353e+00   1.2538e+03   1.0053e-02   4.6795e-02  -9.0482e-03
   2.1435e+00   1.2586e+03   1.0489e-02   4.5215e-02  -8.5183e-03
   2.1517e+00   1.2634e+03   1.0863e-02   4.3541e-02  -7.8913e-03
   2.1598e+00   1.2682e+03   1.1221e-02   4.1812e-02  -7.1890e-03
   2.1680e+00   1.2731e+03   1.1590e-02   4.0096e-02  -6.4415e-03
   2.1762e+00   1.2779e+03   1.1977e-02   3.8472e-02  -5.6682e-03
   2.1844e+00   1.2827e+03   1.2385e-02   3.7001e-02  -4.8699e-03
   2.1926e+00   1.2875e+03   1.2814e-02   3.5707e-02  -4.0387e-03
   2.2008e+00   1.2923e+03   1.3267e-02   3.4583e-02  -3.1778e-03
   2.2089e+00   1.2971e+03   1.3751e-02   3.3617e-02  -2.3199e-03
   2.2171e+00   1.3019e+03   1.4264e-02   3.2823e-02  -1.5261e-03
   2.2253e+00   1.3067e+03   1.4785e-02   3.2236e-02  -8.6351e-04
   2.2335e+00   1.3115e+03   1.5286e-02   3.1893e-02  -3.7301e-04
   2.2417e+00   1.3163e+03   1.5750e-02   3.1802e-02  -5.2599e-05
   2.2498e+00   1.3211e+03   1.6183e-02   3.1928e-02   1.3325e-04
   2.2580e+00   1.3259e+03   1.6591e-02   3.2199e-02   2.3231e-04
   2.2662e+00   1.3307e+03   1.6968e-02   3.2527e-02   2.8696e-04
   2.2744e+00   1.3355e+03   1.7300e-02   3.2833e-02   3.3257e-04
   2.2826e+00   1.3403e+03   1.7581e-02   3.3069e-02   3.9452e-04
   2.2907e+00   1.3451e+03   1.7820e-02   3.3237e-02   4.7741e-04
   2.2989e+00   1.3499e+03   1.8046e-02   3.3389e-02   5.5840e-04
   2.3071e+00   1.3547e+03   1.8287e-02   3.3606e-02   5.9616e-04
   2.3153e+00   1.3595e+03   1.8557e-02   3.3972e-02   5.4695e-04
   2.3235e+00   1.3643e+03   1.8849e-02   3.4545e-02   3.7414e-04
   2.3317e+00   1.3691e+03   1.9153e-02   3.5339e-02   5.4013e-05
   2.3398e+00   1.3739e+03   1.9459e-02   3.6328e-02  -4.1290e-04
   2.3480e+00   1.3787e+03   1.9750e-02   3.7464e-02  -9.9746e-04
   2.3562e+00   1.3835e+03   2.0017e-02   3.8682e-02  -1.6553e-03
   2.3644e+00   1.3883e+03   2.0271e-02   3.9905e-02  -2.3452e-03
   2.3726e+00   1.3932e+03   2.0549e-02   4.1053e-02  -3.0371e-03
   2.3807e+00   1.3980e+03   2.0890e-02   4.2072e-02  -3.7126e-03
   2.3889e+00   1.4028e+03   2.1305e-02   4.2941e-02  -4.3646e-03
   2.3971e+00   1.4076e+03   2.1767e-02   4.3660e-02  -4.9972e-03
   2.4053e+00   1.4124e+03   2.2233e-02   4.4235e-02  -5.6154e-03
   2.4135e+00   1.4172e+03   2.2678e-02   4.4680e-02  -6.2079e-03
   2.4216e+00   1.4220e+03   2.3124e-02   4.5012e-02  -6.7420e-03
   2.4298e+00   1.4268e+03   2.3637e-02   4.5241e-02  -7.1747e-03
   2.4380e+00   1.4316e+03   2.4297e-02   4.5356e-02  -7.4710e-03
   2.4462e+00   1.4364e+03   2.5161e-02   4.5313e-02  -7.6171e-03
   2.4544e+00   1.4412e+03   2.6244e-02   4.5061e-02  -7.6272e-03
   2.4626e+00   1.4460e+03   2.7522e-02   4.4567e-02  -7.5371e-03
   2.4707e+00   1.4508e+03   2.8948e-02   4.3835e-02  -7.3890e-03
   2.4789e+00   1.4556e+03   3.0479e-02   4.2898e-02  -7.2254e-03
   2.4871e+00   1.4604e+03   3.2090e-02   4.1796e-02  -7.0897e-03
   2.4953e+00   1.4652e+03   3.3775e-02   4.0572e-02  -7.0240e-03
   2.5035e+00   1.4700e+03   3.5528e-02   3.9257e-02  -7.0550e-03
   2.5116e+00   1.4748e+03   3.7345e-02   3.7872e-02  -7.1762e-03
   2.5198e+00   1.4796e+03   3.9221e-02   3.6441e-02  -7.3415e-03
   2.5280e+00   1.4844e+03   4.1152e-02   3.4974e-02  -7.4782e-03
   2.5362e+00   1.4892e+03   4.3134e-02   3.3466e-02  -7.5094e-03
   2.5444e+00   1.4940e+03   4.5177e-02   3.1912e-02  -7.3741e-03
   2.5525e+00   1.4988e+03   4.7293e-02   3.0324e-02  -7.0399e-03
   2.5607e+00   1.5036e+03   4.9486e-02   2.8718e-02  -6.5146e-03
   2.5689e+00   1.5084e+03   5.1742e-02   2.7111e-02  -5.8429e-03
   2.5771e+00   1.5133e+03   5.4034e-02   2.5518e-02  -5.0867e-03
   2.5853e+00   1.5181e+03   5.6336e-02   2.3966e-02  -4.3024e-03
   2.5935e+00   1.5229e+03   5.8622e-02   2.2487e-02  -3.5252e-03
   2.6016e+00   1.5277e+03   6.0872e-02   2.1109e-02  -2.7689e-03
   2.6098e+00   1.5325e+03   6.3073e-02   1.9852e-02  -2.0390e-03
   2.6180e+00   1.5373e+03   6.5210e-02   1.8717e-02  -1.3459e-03
   2.6262e+00   1.5421e+03   6.7278e-02   1.7685e-02  -7.0460e-04
   2.6344e+00   1.5469e+03   6.9285e-02   1.6738e-02  -1.2449e-04
   2.6425e+00   1.5517e+03   7.1264e-02   1.5868e-02   3.9564e-04
   2.6507e+00   1.5565e+03   7.3250e-02   1.5078e-02   8.6004e-04
   2.6589e+00   1.5613e+03   7.5264e-02   1.4379e-02   1.2712e-03
   2.6671e+00   1.5661e+03   7.7313e-02   1.3771e-02   1.6329e-03
   2.6753e+00   1.5709e+03   7.9394e-02   1.3247e-02   1.9480e-03
   2.6834e+00   1.5757e+03   8.1506e-02   1.2784e-02   2.2152e-03
   2.6916e+00   1.5805e+03   8.3664e-02   1.2349e-02   2.4425e-03
   2.6998e+00   1.5853e+03   8.5902e-02   1.1895e-02   2.6619e-03
   2.7080e+00   1.5901e+03   8.8254e-02   1.1375e-02   2.9264e-03
   2.7162e+00   1.5949e+03   9.0736e-02   1.0744e-02   3.2922e-03
   2.7243e+00   1.5997e+03   9.3335e-02   9.9818e-03   3.7944e-03
   2.7325e+00   1.6045e+03   9.6022e-02   9.0917e-03   4.4288e-03
   2.7407e+00   1.6093e+03   9.8768e-02   8.1063e-03   5.1629e-03
   2.7489e+00   1.6141e+03   1.0155e-01   7.0794e-03   5.9596e-03
   2.7571e+00   1.6189e+03   1.0432e-01   6.0640e-03   6.7967e-03
   2.7653e+00   1.6237e+03   1.0703e-01   5.0965e-03   7.6624e-03
   2.7734e+00   1.6285e+03   1.0965e-01   4.1985e-03   8.5440e-03
   2.7816e+00   1.6334e+03   1.1218e-01   3.3925e-03   9.4270e-03
   2.7898e+00   1.6382e+03   1.1464e-01   2.7153e-03   1.0298e-02
   2.7980e+00   1.6430e+03   1.1708e-01   2.2256e-03   1.1144e-02
   2.8062e+00   1.6478e+03   1.1953e-01   2.0005e-03   1.1954e-02
   2.8143e+00   1.6526e+03   1.2201e-01   2.1235e-03   1.2716e-02
   2.8225e+00   1.6574e+03   1.2451e-01   2.6662e-03   1.3425e-02
   2.8307e+00   1.6622e+03   1.2703e-01   3.6676e-03   1.4086e-02
   2.8389e+00   1.6670e+03   1.2953e-01   5.1228e-03   1.4714e-02
   2.8471e+00   1.6718e+03   1.3199e-01   6.9931e-03   1.5326e-02
   2.8552e+00   1.6766e+03   1.3435e-01   9.2341e-03   1.5928e-02
   2.8634e+00   1.6814e+03   1.3657e-01   1.1824e-02   1.6501e-02
   2.8716e+00   1.6862e+03   1.3858e-01   1.4785e-02   1.7010e-02
   2.8798e+00   1.6910e+03   1.4030e-01   1.8182e-02   1.7401e-02
   2.8880e+00   1.6958e+03   1.4165e-01   2.2106e-02   1.7627e-02
   2.8962e+00   1.7006e+03   1.4255e-01   2.6658e-02   1.7650e-02
   2.9043e+00   1.7054e+03   1.4292e-01   3.1935e-02   1.7460e-02
   2.9125e+00   1.7102e+03   1.4272e-01   3.8015e-02   1.7056e-02
   2.9207e+00   1.7150e+03   1.4186e-01   4.4966e-02   1.6435e-02
   2.9289e+00   1.7198e+03   1.4027e-01   5.2844e-02   1.5568e-02
   2.9371e+00   1.7246e+03   1.3781e-01   6.1704e-02   1.4411e-02
   2.9452e+00   1.7294e+03   1.3432e-01   7.1613e-02   1.2911e-02
   2.9534e+00   1.7342e+03   1.2962e-01   8.2661e-02   1.1004e-02
   2.9616e+00   1.7390e+03   1.2350e-01   9.4973e-02   8.6082e-03
   2.9698e+00   1.7438e+03   1.1574e-01   1.0870e-01   5.6255e-03
   2.9780e+00   1.7486e+03   1.0606e-01   1.2401e-01   1.9516e-03
   2.9861e+00   1.7535e+03   9.4152e-02   1.4106e-01  -2.5154e-03
   2.9943e+00   1.7583e+03   7.9624e-02   1.5996e-01  -7.8797e-03
   3.0025e+00   1.7631e+03   6.2027e-02   1.8080e-01  -1.4251e-02
   3.0107e+00   1.7679e+03   4.0864e-02   2.0365e-01  -2.1729e-02
   3.0189e+00   1.7727e+03   1.5591e-02   2.2852e-01  -3.0379e-02
   3.0271e+00   1.7775e+03  -1.4382e-02   2.5535e-01  -4.0210e-02
   3.0352e+00   1.7823e+03  -4.9684e-02   2.8406e-01  -5.1165e-02
   3.0434e+00   1.7871e+03  -9.0954e-02   3.1443e-01  -6.3104e-02
   3.0516e+00   1.7919e+03  -1.3879e-01   3.4622e-01  -7.5778e-02
   3.0598e+00   1.7967e+03  -1.9365e-01   3.7908e-01  -8.8828e-02
   3.0680e+00   1.8015e+03  -2.5575e-01   4.1261e-01  -1.0180e-01
   3.0761e+00   1.8063e+03  -3.2495e-01   4.4629e-01  -1.1417e-01
   3.0843e+00   1.8111e+03  -4.0053e-01   4.7944e-01  -1.2537e-01
   3.0925e+00   1.8159e+03  -4.8094e-01   5.1124e-01  -1.3480e-01
   3.1007e+00   1.8207e+03  -5.6354e-01   5.4074e-01  -1.4198e-01
   3.1089e+00   1.8255e+03  -6.4425e-01   5.6694e-01  -1.4665e-01
   3.1170e+00   1.8303e+03  -7.1750e-01   5.8885e-01  -1.4901e-01
   3.1252e+00   1.8351e+03  -7.7651e-01   6.0558e-01  -1.4987e-01
   3.1334e+00   1.8399e+03  -8.1466e-01   6.1642e-01  -1.5074e-01
