# The data in this file was extracted from a direct numerical
# simulation of fully developed plane turbulent channel
# flow. Particulars are listed below. Note that some of the statistical
# quantities provided in this data set should be zero due to
# (statistical) symmetries in the flow. These quantities are reported
# here none-the-less as an indicator of the quality of the statistics.
# more statistics from this data set are available at 
# http://www.tam.uiuc.edu/Faculty/Moser/channel 
#
# Authors: Moser, Kim & Mansour
# Reference: DNS of Turbulent Channel Flow up to Re_tau=590, 1999,
#            Physics of Fluids, vol 11, 943-945.
# Numerical Method: Kim, Moin & Moser, 1987, J. Fluid Mech. vol 177, 133-166 
# Re_tau = 587.19
# Normalization: U_tau, h 
# Description: Spanwise (z) Two-point cross correlations of velocity and pressure at indicated y-location 
# Filename: chan590/correlations/chan590.zccorr.587 
# Date File Created: Feb 29, 2000 
#
#---End of Header---
# 
# nz = 384,  Re = 587.19,  y = 1.00000,  y+ = 587.19
#      dz           dz+         R_uv         R_up         R_vp
#
   0.0000e+00   0.0000e+00   5.6622e-03   3.5147e-02  -4.2438e-03
   8.1812e-03   4.8040e+00   6.0446e-03   3.4786e-02  -4.8383e-03
   1.6362e-02   9.6079e+00   6.4134e-03   3.4163e-02  -5.4143e-03
   2.4544e-02   1.4412e+01   6.7608e-03   3.3313e-02  -5.9726e-03
   3.2725e-02   1.9216e+01   7.0805e-03   3.2272e-02  -6.5152e-03
   4.0906e-02   2.4020e+01   7.3694e-03   3.1076e-02  -7.0441e-03
   4.9087e-02   2.8824e+01   7.6285e-03   2.9754e-02  -7.5607e-03
   5.7269e-02   3.3628e+01   7.8623e-03   2.8330e-02  -8.0649e-03
   6.5450e-02   3.8432e+01   8.0781e-03   2.6826e-02  -8.5556e-03
   7.3631e-02   4.3236e+01   8.2844e-03   2.5258e-02  -9.0307e-03
   8.1812e-02   4.8040e+01   8.4902e-03   2.3639e-02  -9.4877e-03
   8.9994e-02   5.2844e+01   8.7043e-03   2.1984e-02  -9.9246e-03
   9.8175e-02   5.7648e+01   8.9348e-03   2.0302e-02  -1.0339e-02
   1.0636e-01   6.2452e+01   9.1883e-03   1.8606e-02  -1.0730e-02
   1.1454e-01   6.7256e+01   9.4694e-03   1.6904e-02  -1.1095e-02
   1.2272e-01   7.2060e+01   9.7807e-03   1.5207e-02  -1.1433e-02
   1.3090e-01   7.6864e+01   1.0122e-02   1.3521e-02  -1.1742e-02
   1.3908e-01   8.1668e+01   1.0493e-02   1.1856e-02  -1.2021e-02
   1.4726e-01   8.6472e+01   1.0889e-02   1.0217e-02  -1.2267e-02
   1.5544e-01   9.1275e+01   1.1305e-02   8.6106e-03  -1.2480e-02
   1.6362e-01   9.6079e+01   1.1735e-02   7.0397e-03  -1.2660e-02
   1.7181e-01   1.0088e+02   1.2169e-02   5.5077e-03  -1.2805e-02
   1.7999e-01   1.0569e+02   1.2600e-02   4.0158e-03  -1.2915e-02
   1.8817e-01   1.1049e+02   1.3019e-02   2.5643e-03  -1.2990e-02
   1.9635e-01   1.1530e+02   1.3419e-02   1.1526e-03  -1.3028e-02
   2.0453e-01   1.2010e+02   1.3793e-02  -2.2001e-04  -1.3030e-02
   2.1271e-01   1.2490e+02   1.4138e-02  -1.5549e-03  -1.2994e-02
   2.2089e-01   1.2971e+02   1.4451e-02  -2.8537e-03  -1.2920e-02
   2.2907e-01   1.3451e+02   1.4731e-02  -4.1183e-03  -1.2808e-02
   2.3726e-01   1.3932e+02   1.4979e-02  -5.3505e-03  -1.2658e-02
   2.4544e-01   1.4412e+02   1.5196e-02  -6.5520e-03  -1.2472e-02
   2.5362e-01   1.4892e+02   1.5383e-02  -7.7242e-03  -1.2250e-02
   2.6180e-01   1.5373e+02   1.5541e-02  -8.8675e-03  -1.1994e-02
   2.6998e-01   1.5853e+02   1.5673e-02  -9.9819e-03  -1.1706e-02
   2.7816e-01   1.6334e+02   1.5781e-02  -1.1067e-02  -1.1388e-02
   2.8634e-01   1.6814e+02   1.5868e-02  -1.2121e-02  -1.1044e-02
   2.9452e-01   1.7294e+02   1.5936e-02  -1.3143e-02  -1.0678e-02
   3.0271e-01   1.7775e+02   1.5992e-02  -1.4133e-02  -1.0293e-02
   3.1089e-01   1.8255e+02   1.6039e-02  -1.5089e-02  -9.8969e-03
   3.1907e-01   1.8735e+02   1.6080e-02  -1.6011e-02  -9.4936e-03
   3.2725e-01   1.9216e+02   1.6117e-02  -1.6900e-02  -9.0886e-03
   3.3543e-01   1.9696e+02   1.6148e-02  -1.7756e-02  -8.6862e-03
   3.4361e-01   2.0177e+02   1.6174e-02  -1.8579e-02  -8.2899e-03
   3.5179e-01   2.0657e+02   1.6193e-02  -1.9370e-02  -7.9017e-03
   3.5997e-01   2.1137e+02   1.6202e-02  -2.0132e-02  -7.5232e-03
   3.6816e-01   2.1618e+02   1.6201e-02  -2.0866e-02  -7.1553e-03
   3.7634e-01   2.2098e+02   1.6188e-02  -2.1576e-02  -6.7984e-03
   3.8452e-01   2.2579e+02   1.6160e-02  -2.2264e-02  -6.4534e-03
   3.9270e-01   2.3059e+02   1.6118e-02  -2.2934e-02  -6.1209e-03
   4.0088e-01   2.3539e+02   1.6061e-02  -2.3587e-02  -5.8020e-03
   4.0906e-01   2.4020e+02   1.5986e-02  -2.4226e-02  -5.4977e-03
   4.1724e-01   2.4500e+02   1.5894e-02  -2.4852e-02  -5.2093e-03
   4.2542e-01   2.4981e+02   1.5784e-02  -2.5468e-02  -4.9377e-03
   4.3361e-01   2.5461e+02   1.5653e-02  -2.6074e-02  -4.6836e-03
   4.4179e-01   2.5941e+02   1.5503e-02  -2.6670e-02  -4.4475e-03
   4.4997e-01   2.6422e+02   1.5331e-02  -2.7257e-02  -4.2294e-03
   4.5815e-01   2.6902e+02   1.5139e-02  -2.7832e-02  -4.0294e-03
   4.6633e-01   2.7383e+02   1.4928e-02  -2.8396e-02  -3.8472e-03
   4.7451e-01   2.7863e+02   1.4699e-02  -2.8946e-02  -3.6824e-03
   4.8269e-01   2.8343e+02   1.4455e-02  -2.9480e-02  -3.5347e-03
   4.9087e-01   2.8824e+02   1.4200e-02  -2.9996e-02  -3.4039e-03
   4.9906e-01   2.9304e+02   1.3939e-02  -3.0493e-02  -3.2904e-03
   5.0724e-01   2.9785e+02   1.3676e-02  -3.0969e-02  -3.1948e-03
   5.1542e-01   3.0265e+02   1.3416e-02  -3.1422e-02  -3.1184e-03
   5.2360e-01   3.0745e+02   1.3161e-02  -3.1851e-02  -3.0630e-03
   5.3178e-01   3.1226e+02   1.2912e-02  -3.2256e-02  -3.0303e-03
   5.3996e-01   3.1706e+02   1.2670e-02  -3.2636e-02  -3.0214e-03
   5.4814e-01   3.2187e+02   1.2432e-02  -3.2990e-02  -3.0367e-03
   5.5632e-01   3.2667e+02   1.2196e-02  -3.3320e-02  -3.0757e-03
   5.6450e-01   3.3147e+02   1.1960e-02  -3.3626e-02  -3.1370e-03
   5.7269e-01   3.3628e+02   1.1721e-02  -3.3911e-02  -3.2182e-03
   5.8087e-01   3.4108e+02   1.1477e-02  -3.4175e-02  -3.3170e-03
   5.8905e-01   3.4589e+02   1.1226e-02  -3.4421e-02  -3.4307e-03
   5.9723e-01   3.5069e+02   1.0966e-02  -3.4653e-02  -3.5561e-03
   6.0541e-01   3.5549e+02   1.0698e-02  -3.4872e-02  -3.6896e-03
   6.1359e-01   3.6030e+02   1.0418e-02  -3.5081e-02  -3.8272e-03
   6.2177e-01   3.6510e+02   1.0126e-02  -3.5282e-02  -3.9644e-03
   6.2995e-01   3.6991e+02   9.8210e-03  -3.5476e-02  -4.0970e-03
   6.3814e-01   3.7471e+02   9.5032e-03  -3.5662e-02  -4.2211e-03
   6.4632e-01   3.7951e+02   9.1723e-03  -3.5840e-02  -4.3333e-03
   6.5450e-01   3.8432e+02   8.8290e-03  -3.6007e-02  -4.4314e-03
   6.6268e-01   3.8912e+02   8.4738e-03  -3.6163e-02  -4.5136e-03
   6.7086e-01   3.9393e+02   8.1074e-03  -3.6305e-02  -4.5788e-03
   6.7904e-01   3.9873e+02   7.7312e-03  -3.6430e-02  -4.6263e-03
   6.8722e-01   4.0353e+02   7.3467e-03  -3.6537e-02  -4.6557e-03
   6.9540e-01   4.0834e+02   6.9563e-03  -3.6623e-02  -4.6669e-03
   7.0359e-01   4.1314e+02   6.5626e-03  -3.6685e-02  -4.6596e-03
   7.1177e-01   4.1795e+02   6.1680e-03  -3.6721e-02  -4.6340e-03
   7.1995e-01   4.2275e+02   5.7748e-03  -3.6728e-02  -4.5898e-03
   7.2813e-01   4.2755e+02   5.3851e-03  -3.6705e-02  -4.5274e-03
   7.3631e-01   4.3236e+02   5.0015e-03  -3.6648e-02  -4.4470e-03
   7.4449e-01   4.3716e+02   4.6265e-03  -3.6557e-02  -4.3494e-03
   7.5267e-01   4.4197e+02   4.2631e-03  -3.6430e-02  -4.2352e-03
   7.6085e-01   4.4677e+02   3.9141e-03  -3.6268e-02  -4.1053e-03
   7.6904e-01   4.5157e+02   3.5823e-03  -3.6073e-02  -3.9607e-03
   7.7722e-01   4.5638e+02   3.2703e-03  -3.5846e-02  -3.8029e-03
   7.8540e-01   4.6118e+02   2.9805e-03  -3.5591e-02  -3.6336e-03
   7.9358e-01   4.6599e+02   2.7141e-03  -3.5309e-02  -3.4550e-03
   8.0176e-01   4.7079e+02   2.4715e-03  -3.5002e-02  -3.2702e-03
   8.0994e-01   4.7559e+02   2.2518e-03  -3.4673e-02  -3.0821e-03
   8.1812e-01   4.8040e+02   2.0531e-03  -3.4324e-02  -2.8941e-03
   8.2630e-01   4.8520e+02   1.8723e-03  -3.3958e-02  -2.7094e-03
   8.3449e-01   4.9001e+02   1.7060e-03  -3.3576e-02  -2.5311e-03
   8.4267e-01   4.9481e+02   1.5503e-03  -3.3181e-02  -2.3617e-03
   8.5085e-01   4.9961e+02   1.4016e-03  -3.2777e-02  -2.2033e-03
   8.5903e-01   5.0442e+02   1.2567e-03  -3.2365e-02  -2.0572e-03
   8.6721e-01   5.0922e+02   1.1136e-03  -3.1948e-02  -1.9241e-03
   8.7539e-01   5.1403e+02   9.7168e-04  -3.1527e-02  -1.8040e-03
   8.8357e-01   5.1883e+02   8.3138e-04  -3.1104e-02  -1.6965e-03
   8.9175e-01   5.2363e+02   6.9409e-04  -3.0681e-02  -1.6011e-03
   8.9994e-01   5.2844e+02   5.6157e-04  -3.0258e-02  -1.5176e-03
   9.0812e-01   5.3324e+02   4.3544e-04  -2.9836e-02  -1.4463e-03
   9.1630e-01   5.3805e+02   3.1683e-04  -2.9418e-02  -1.3879e-03
   9.2448e-01   5.4285e+02   2.0645e-04  -2.9002e-02  -1.3438e-03
   9.3266e-01   5.4765e+02   1.0472e-04  -2.8591e-02  -1.3155e-03
   9.4084e-01   5.5246e+02   1.1986e-05  -2.8184e-02  -1.3044e-03
   9.4902e-01   5.5726e+02  -7.1256e-05  -2.7781e-02  -1.3114e-03
   9.5720e-01   5.6206e+02  -1.4430e-04  -2.7383e-02  -1.3363e-03
   9.6539e-01   5.6687e+02  -2.0626e-04  -2.6989e-02  -1.3780e-03
   9.7357e-01   5.7167e+02  -2.5624e-04  -2.6600e-02  -1.4344e-03
   9.8175e-01   5.7648e+02  -2.9362e-04  -2.6217e-02  -1.5027e-03
   9.8993e-01   5.8128e+02  -3.1816e-04  -2.5840e-02  -1.5798e-03
   9.9811e-01   5.8608e+02  -3.3005e-04  -2.5471e-02  -1.6627e-03
   1.0063e+00   5.9089e+02  -3.2990e-04  -2.5113e-02  -1.7489e-03
   1.0145e+00   5.9569e+02  -3.1873e-04  -2.4767e-02  -1.8362e-03
   1.0227e+00   6.0050e+02  -2.9799e-04  -2.4436e-02  -1.9234e-03
   1.0308e+00   6.0530e+02  -2.6944e-04  -2.4121e-02  -2.0093e-03
   1.0390e+00   6.1010e+02  -2.3482e-04  -2.3823e-02  -2.0927e-03
   1.0472e+00   6.1491e+02  -1.9544e-04  -2.3545e-02  -2.1727e-03
   1.0554e+00   6.1971e+02  -1.5169e-04  -2.3289e-02  -2.2477e-03
   1.0636e+00   6.2452e+02  -1.0275e-04  -2.3054e-02  -2.3163e-03
   1.0717e+00   6.2932e+02  -4.6496e-05  -2.2842e-02  -2.3770e-03
   1.0799e+00   6.3412e+02   2.0191e-05  -2.2653e-02  -2.4280e-03
   1.0881e+00   6.3893e+02   1.0080e-04  -2.2485e-02  -2.4679e-03
   1.0963e+00   6.4373e+02   1.9843e-04  -2.2335e-02  -2.4955e-03
   1.1045e+00   6.4854e+02   3.1518e-04  -2.2201e-02  -2.5099e-03
   1.1126e+00   6.5334e+02   4.5187e-04  -2.2078e-02  -2.5109e-03
   1.1208e+00   6.5814e+02   6.0806e-04  -2.1962e-02  -2.4986e-03
   1.1290e+00   6.6295e+02   7.8240e-04  -2.1850e-02  -2.4737e-03
   1.1372e+00   6.6775e+02   9.7266e-04  -2.1739e-02  -2.4373e-03
   1.1454e+00   6.7256e+02   1.1757e-03  -2.1627e-02  -2.3906e-03
   1.1536e+00   6.7736e+02   1.3872e-03  -2.1513e-02  -2.3355e-03
   1.1617e+00   6.8216e+02   1.6020e-03  -2.1395e-02  -2.2737e-03
   1.1699e+00   6.8697e+02   1.8143e-03  -2.1272e-02  -2.2078e-03
   1.1781e+00   6.9177e+02   2.0187e-03  -2.1144e-02  -2.1403e-03
   1.1863e+00   6.9658e+02   2.2101e-03  -2.1009e-02  -2.0740e-03
   1.1945e+00   7.0138e+02   2.3849e-03  -2.0867e-02  -2.0112e-03
   1.2026e+00   7.0618e+02   2.5402e-03  -2.0715e-02  -1.9542e-03
   1.2108e+00   7.1099e+02   2.6744e-03  -2.0552e-02  -1.9042e-03
   1.2190e+00   7.1579e+02   2.7865e-03  -2.0378e-02  -1.8619e-03
   1.2272e+00   7.2060e+02   2.8766e-03  -2.0190e-02  -1.8268e-03
   1.2354e+00   7.2540e+02   2.9453e-03  -1.9988e-02  -1.7979e-03
   1.2435e+00   7.3020e+02   2.9937e-03  -1.9770e-02  -1.7733e-03
   1.2517e+00   7.3501e+02   3.0227e-03  -1.9535e-02  -1.7509e-03
   1.2599e+00   7.3981e+02   3.0333e-03  -1.9283e-02  -1.7283e-03
   1.2681e+00   7.4462e+02   3.0261e-03  -1.9014e-02  -1.7037e-03
   1.2763e+00   7.4942e+02   3.0016e-03  -1.8727e-02  -1.6761e-03
   1.2845e+00   7.5422e+02   2.9600e-03  -1.8424e-02  -1.6450e-03
   1.2926e+00   7.5903e+02   2.9010e-03  -1.8108e-02  -1.6107e-03
   1.3008e+00   7.6383e+02   2.8235e-03  -1.7780e-02  -1.5742e-03
   1.3090e+00   7.6864e+02   2.7263e-03  -1.7445e-02  -1.5369e-03
   1.3172e+00   7.7344e+02   2.6076e-03  -1.7106e-02  -1.5000e-03
   1.3254e+00   7.7824e+02   2.4663e-03  -1.6769e-02  -1.4648e-03
   1.3335e+00   7.8305e+02   2.3018e-03  -1.6436e-02  -1.4326e-03
   1.3417e+00   7.8785e+02   2.1141e-03  -1.6112e-02  -1.4043e-03
   1.3499e+00   7.9266e+02   1.9044e-03  -1.5800e-02  -1.3804e-03
   1.3581e+00   7.9746e+02   1.6741e-03  -1.5503e-02  -1.3609e-03
   1.3663e+00   8.0226e+02   1.4247e-03  -1.5222e-02  -1.3451e-03
   1.3744e+00   8.0707e+02   1.1573e-03  -1.4958e-02  -1.3320e-03
   1.3826e+00   8.1187e+02   8.7253e-04  -1.4711e-02  -1.3201e-03
   1.3908e+00   8.1668e+02   5.7083e-04  -1.4481e-02  -1.3080e-03
   1.3990e+00   8.2148e+02   2.5286e-04  -1.4268e-02  -1.2945e-03
   1.4072e+00   8.2628e+02  -7.9914e-05  -1.4070e-02  -1.2786e-03
   1.4154e+00   8.3109e+02  -4.2496e-04  -1.3887e-02  -1.2594e-03
   1.4235e+00   8.3589e+02  -7.7853e-04  -1.3719e-02  -1.2365e-03
   1.4317e+00   8.4070e+02  -1.1359e-03  -1.3565e-02  -1.2093e-03
   1.4399e+00   8.4550e+02  -1.4916e-03  -1.3424e-02  -1.1772e-03
   1.4481e+00   8.5030e+02  -1.8406e-03  -1.3297e-02  -1.1398e-03
   1.4563e+00   8.5511e+02  -2.1777e-03  -1.3181e-02  -1.0962e-03
   1.4644e+00   8.5991e+02  -2.4989e-03  -1.3077e-02  -1.0455e-03
   1.4726e+00   8.6472e+02  -2.8012e-03  -1.2982e-02  -9.8653e-04
   1.4808e+00   8.6952e+02  -3.0823e-03  -1.2895e-02  -9.1810e-04
   1.4890e+00   8.7432e+02  -3.3404e-03  -1.2814e-02  -8.3920e-04
   1.4972e+00   8.7913e+02  -3.5738e-03  -1.2737e-02  -7.4906e-04
   1.5053e+00   8.8393e+02  -3.7813e-03  -1.2660e-02  -6.4727e-04
   1.5135e+00   8.8874e+02  -3.9621e-03  -1.2581e-02  -5.3375e-04
   1.5217e+00   8.9354e+02  -4.1158e-03  -1.2497e-02  -4.0875e-04
   1.5299e+00   8.9834e+02  -4.2433e-03  -1.2405e-02  -2.7274e-04
   1.5381e+00   9.0315e+02  -4.3459e-03  -1.2303e-02  -1.2635e-04
   1.5463e+00   9.0795e+02  -4.4264e-03  -1.2192e-02   2.9706e-05
   1.5544e+00   9.1276e+02  -4.4880e-03  -1.2072e-02   1.9464e-04
   1.5626e+00   9.1756e+02  -4.5348e-03  -1.1943e-02   3.6768e-04
   1.5708e+00   9.2236e+02  -4.5711e-03  -1.1809e-02   5.4821e-04
   1.5790e+00   9.2717e+02  -4.6011e-03  -1.1673e-02   7.3590e-04
   1.5872e+00   9.3197e+02  -4.6286e-03  -1.1536e-02   9.3074e-04
   1.5953e+00   9.3677e+02  -4.6570e-03  -1.1401e-02   1.1329e-03
   1.6035e+00   9.4158e+02  -4.6897e-03  -1.1271e-02   1.3426e-03
   1.6117e+00   9.4638e+02  -4.7294e-03  -1.1148e-02   1.5600e-03
   1.6199e+00   9.5119e+02  -4.7784e-03  -1.1032e-02   1.7849e-03
   1.6281e+00   9.5599e+02  -4.8385e-03  -1.0925e-02   2.0166e-03
   1.6362e+00   9.6079e+02  -4.9105e-03  -1.0826e-02   2.2542e-03
   1.6444e+00   9.6560e+02  -4.9951e-03  -1.0736e-02   2.4964e-03
   1.6526e+00   9.7040e+02  -5.0920e-03  -1.0656e-02   2.7415e-03
   1.6608e+00   9.7521e+02  -5.2007e-03  -1.0586e-02   2.9878e-03
   1.6690e+00   9.8001e+02  -5.3195e-03  -1.0525e-02   3.2334e-03
   1.6772e+00   9.8481e+02  -5.4461e-03  -1.0473e-02   3.4769e-03
   1.6853e+00   9.8962e+02  -5.5775e-03  -1.0428e-02   3.7173e-03
   1.6935e+00   9.9442e+02  -5.7107e-03  -1.0388e-02   3.9537e-03
   1.7017e+00   9.9923e+02  -5.8431e-03  -1.0351e-02   4.1859e-03
   1.7099e+00   1.0040e+03  -5.9724e-03  -1.0315e-02   4.4135e-03
   1.7181e+00   1.0088e+03  -6.0970e-03  -1.0276e-02   4.6366e-03
   1.7262e+00   1.0136e+03  -6.2161e-03  -1.0234e-02   4.8555e-03
   1.7344e+00   1.0184e+03  -6.3290e-03  -1.0184e-02   5.0709e-03
   1.7426e+00   1.0232e+03  -6.4355e-03  -1.0127e-02   5.2840e-03
   1.7508e+00   1.0281e+03  -6.5359e-03  -1.0061e-02   5.4961e-03
   1.7590e+00   1.0329e+03  -6.6305e-03  -9.9840e-03   5.7087e-03
   1.7671e+00   1.0377e+03  -6.7198e-03  -9.8968e-03   5.9233e-03
   1.7753e+00   1.0425e+03  -6.8042e-03  -9.7994e-03   6.1409e-03
   1.7835e+00   1.0473e+03  -6.8835e-03  -9.6922e-03   6.3624e-03
   1.7917e+00   1.0521e+03  -6.9565e-03  -9.5764e-03   6.5884e-03
   1.7999e+00   1.0569e+03  -7.0214e-03  -9.4532e-03   6.8195e-03
   1.8081e+00   1.0617e+03  -7.0758e-03  -9.3239e-03   7.0558e-03
   1.8162e+00   1.0665e+03  -7.1174e-03  -9.1902e-03   7.2974e-03
   1.8244e+00   1.0713e+03  -7.1439e-03  -9.0540e-03   7.5437e-03
   1.8326e+00   1.0761e+03  -7.1536e-03  -8.9173e-03   7.7934e-03
   1.8408e+00   1.0809e+03  -7.1451e-03  -8.7825e-03   8.0448e-03
   1.8490e+00   1.0857e+03  -7.1176e-03  -8.6517e-03   8.2949e-03
   1.8571e+00   1.0905e+03  -7.0704e-03  -8.5271e-03   8.5404e-03
   1.8653e+00   1.0953e+03  -7.0031e-03  -8.4106e-03   8.7778e-03
   1.8735e+00   1.1001e+03  -6.9152e-03  -8.3035e-03   9.0035e-03
   1.8817e+00   1.1049e+03  -6.8063e-03  -8.2067e-03   9.2142e-03
   1.8899e+00   1.1097e+03  -6.6758e-03  -8.1207e-03   9.4075e-03
   1.8980e+00   1.1145e+03  -6.5229e-03  -8.0451e-03   9.5816e-03
   1.9062e+00   1.1193e+03  -6.3468e-03  -7.9795e-03   9.7354e-03
   1.9144e+00   1.1241e+03  -6.1469e-03  -7.9234e-03   9.8685e-03
   1.9226e+00   1.1289e+03  -5.9234e-03  -7.8770e-03   9.9806e-03
   1.9308e+00   1.1337e+03  -5.6778e-03  -7.8415e-03   1.0072e-02
   1.9390e+00   1.1385e+03  -5.4131e-03  -7.8188e-03   1.0142e-02
   1.9471e+00   1.1433e+03  -5.1340e-03  -7.8119e-03   1.0191e-02
   1.9553e+00   1.1481e+03  -4.8461e-03  -7.8240e-03   1.0219e-02
   1.9635e+00   1.1530e+03  -4.5555e-03  -7.8580e-03   1.0227e-02
   1.9717e+00   1.1578e+03  -4.2683e-03  -7.9166e-03   1.0214e-02
   1.9799e+00   1.1626e+03  -3.9903e-03  -8.0014e-03   1.0181e-02
   1.9880e+00   1.1674e+03  -3.7262e-03  -8.1133e-03   1.0128e-02
   1.9962e+00   1.1722e+03  -3.4802e-03  -8.2519e-03   1.0057e-02
   2.0044e+00   1.1770e+03  -3.2554e-03  -8.4166e-03   9.9685e-03
   2.0126e+00   1.1818e+03  -3.0538e-03  -8.6056e-03   9.8645e-03
   2.0208e+00   1.1866e+03  -2.8765e-03  -8.8171e-03   9.7469e-03
   2.0289e+00   1.1914e+03  -2.7233e-03  -9.0484e-03   9.6182e-03
   2.0371e+00   1.1962e+03  -2.5936e-03  -9.2967e-03   9.4808e-03
   2.0453e+00   1.2010e+03  -2.4857e-03  -9.5587e-03   9.3369e-03
   2.0535e+00   1.2058e+03  -2.3979e-03  -9.8310e-03   9.1881e-03
   2.0617e+00   1.2106e+03  -2.3282e-03  -1.0110e-02   9.0354e-03
   2.0699e+00   1.2154e+03  -2.2746e-03  -1.0393e-02   8.8796e-03
   2.0780e+00   1.2202e+03  -2.2355e-03  -1.0676e-02   8.7208e-03
   2.0862e+00   1.2250e+03  -2.2099e-03  -1.0958e-02   8.5593e-03
   2.0944e+00   1.2298e+03  -2.1971e-03  -1.1236e-02   8.3955e-03
   2.1026e+00   1.2346e+03  -2.1967e-03  -1.1508e-02   8.2301e-03
   2.1108e+00   1.2394e+03  -2.2085e-03  -1.1772e-02   8.0643e-03
   2.1189e+00   1.2442e+03  -2.2323e-03  -1.2026e-02   7.8996e-03
   2.1271e+00   1.2490e+03  -2.2682e-03  -1.2267e-02   7.7377e-03
   2.1353e+00   1.2538e+03  -2.3160e-03  -1.2494e-02   7.5803e-03
   2.1435e+00   1.2586e+03  -2.3749e-03  -1.2705e-02   7.4288e-03
   2.1517e+00   1.2634e+03  -2.4437e-03  -1.2900e-02   7.2839e-03
   2.1598e+00   1.2682e+03  -2.5204e-03  -1.3080e-02   7.1461e-03
   2.1680e+00   1.2731e+03  -2.6025e-03  -1.3246e-02   7.0156e-03
   2.1762e+00   1.2779e+03  -2.6872e-03  -1.3402e-02   6.8919e-03
   2.1844e+00   1.2827e+03  -2.7718e-03  -1.3551e-02   6.7748e-03
   2.1926e+00   1.2875e+03  -2.8530e-03  -1.3695e-02   6.6642e-03
   2.2008e+00   1.2923e+03  -2.9278e-03  -1.3839e-02   6.5601e-03
   2.2089e+00   1.2971e+03  -2.9928e-03  -1.3986e-02   6.4627e-03
   2.2171e+00   1.3019e+03  -3.0447e-03  -1.4139e-02   6.3725e-03
   2.2253e+00   1.3067e+03  -3.0808e-03  -1.4303e-02   6.2900e-03
   2.2335e+00   1.3115e+03  -3.0990e-03  -1.4482e-02   6.2159e-03
   2.2417e+00   1.3163e+03  -3.0984e-03  -1.4680e-02   6.1516e-03
   2.2498e+00   1.3211e+03  -3.0792e-03  -1.4898e-02   6.0988e-03
   2.2580e+00   1.3259e+03  -3.0428e-03  -1.5139e-02   6.0595e-03
   2.2662e+00   1.3307e+03  -2.9913e-03  -1.5403e-02   6.0361e-03
   2.2744e+00   1.3355e+03  -2.9268e-03  -1.5689e-02   6.0311e-03
   2.2826e+00   1.3403e+03  -2.8510e-03  -1.5997e-02   6.0469e-03
   2.2907e+00   1.3451e+03  -2.7650e-03  -1.6323e-02   6.0852e-03
   2.2989e+00   1.3499e+03  -2.6686e-03  -1.6666e-02   6.1473e-03
   2.3071e+00   1.3547e+03  -2.5610e-03  -1.7022e-02   6.2338e-03
   2.3153e+00   1.3595e+03  -2.4408e-03  -1.7387e-02   6.3443e-03
   2.3235e+00   1.3643e+03  -2.3063e-03  -1.7757e-02   6.4776e-03
   2.3317e+00   1.3691e+03  -2.1563e-03  -1.8128e-02   6.6317e-03
   2.3398e+00   1.3739e+03  -1.9899e-03  -1.8495e-02   6.8034e-03
   2.3480e+00   1.3787e+03  -1.8068e-03  -1.8854e-02   6.9890e-03
   2.3562e+00   1.3835e+03  -1.6071e-03  -1.9201e-02   7.1839e-03
   2.3644e+00   1.3883e+03  -1.3913e-03  -1.9531e-02   7.3835e-03
   2.3726e+00   1.3932e+03  -1.1605e-03  -1.9844e-02   7.5831e-03
   2.3807e+00   1.3980e+03  -9.1582e-04  -2.0136e-02   7.7789e-03
   2.3889e+00   1.4028e+03  -6.5878e-04  -2.0406e-02   7.9680e-03
   2.3971e+00   1.4076e+03  -3.9095e-04  -2.0654e-02   8.1481e-03
   2.4053e+00   1.4124e+03  -1.1390e-04  -2.0879e-02   8.3182e-03
   2.4135e+00   1.4172e+03   1.7096e-04  -2.1084e-02   8.4774e-03
   2.4216e+00   1.4220e+03   4.6238e-04  -2.1267e-02   8.6253e-03
   2.4298e+00   1.4268e+03   7.5931e-04  -2.1432e-02   8.7621e-03
   2.4380e+00   1.4316e+03   1.0609e-03  -2.1578e-02   8.8879e-03
   2.4462e+00   1.4364e+03   1.3665e-03  -2.1707e-02   9.0034e-03
   2.4544e+00   1.4412e+03   1.6750e-03  -2.1820e-02   9.1093e-03
   2.4626e+00   1.4460e+03   1.9854e-03  -2.1918e-02   9.2067e-03
   2.4707e+00   1.4508e+03   2.2957e-03  -2.2002e-02   9.2965e-03
   2.4789e+00   1.4556e+03   2.6035e-03  -2.2072e-02   9.3799e-03
   2.4871e+00   1.4604e+03   2.9062e-03  -2.2131e-02   9.4577e-03
   2.4953e+00   1.4652e+03   3.2012e-03  -2.2179e-02   9.5305e-03
   2.5035e+00   1.4700e+03   3.4859e-03  -2.2218e-02   9.5988e-03
   2.5116e+00   1.4748e+03   3.7583e-03  -2.2248e-02   9.6628e-03
   2.5198e+00   1.4796e+03   4.0169e-03  -2.2270e-02   9.7223e-03
   2.5280e+00   1.4844e+03   4.2609e-03  -2.2285e-02   9.7774e-03
   2.5362e+00   1.4892e+03   4.4906e-03  -2.2292e-02   9.8280e-03
   2.5444e+00   1.4940e+03   4.7077e-03  -2.2292e-02   9.8742e-03
   2.5525e+00   1.4988e+03   4.9146e-03  -2.2284e-02   9.9161e-03
   2.5607e+00   1.5036e+03   5.1150e-03  -2.2268e-02   9.9541e-03
   2.5689e+00   1.5084e+03   5.3129e-03  -2.2244e-02   9.9886e-03
   2.5771e+00   1.5133e+03   5.5118e-03  -2.2209e-02   1.0020e-02
   2.5853e+00   1.5181e+03   5.7146e-03  -2.2164e-02   1.0051e-02
   2.5935e+00   1.5229e+03   5.9234e-03  -2.2108e-02   1.0081e-02
   2.6016e+00   1.5277e+03   6.1395e-03  -2.2040e-02   1.0112e-02
   2.6098e+00   1.5325e+03   6.3636e-03  -2.1962e-02   1.0145e-02
   2.6180e+00   1.5373e+03   6.5964e-03  -2.1874e-02   1.0182e-02
   2.6262e+00   1.5421e+03   6.8379e-03  -2.1778e-02   1.0224e-02
   2.6344e+00   1.5469e+03   7.0877e-03  -2.1674e-02   1.0271e-02
   2.6425e+00   1.5517e+03   7.3438e-03  -2.1563e-02   1.0322e-02
   2.6507e+00   1.5565e+03   7.6024e-03  -2.1446e-02   1.0377e-02
   2.6589e+00   1.5613e+03   7.8584e-03  -2.1322e-02   1.0433e-02
   2.6671e+00   1.5661e+03   8.1055e-03  -2.1190e-02   1.0490e-02
   2.6753e+00   1.5709e+03   8.3373e-03  -2.1048e-02   1.0546e-02
   2.6834e+00   1.5757e+03   8.5479e-03  -2.0893e-02   1.0597e-02
   2.6916e+00   1.5805e+03   8.7323e-03  -2.0725e-02   1.0643e-02
   2.6998e+00   1.5853e+03   8.8864e-03  -2.0539e-02   1.0683e-02
   2.7080e+00   1.5901e+03   9.0076e-03  -2.0335e-02   1.0716e-02
   2.7162e+00   1.5949e+03   9.0943e-03  -2.0109e-02   1.0741e-02
   2.7243e+00   1.5997e+03   9.1467e-03  -1.9861e-02   1.0759e-02
   2.7325e+00   1.6045e+03   9.1661e-03  -1.9590e-02   1.0769e-02
   2.7407e+00   1.6093e+03   9.1546e-03  -1.9296e-02   1.0771e-02
   2.7489e+00   1.6141e+03   9.1145e-03  -1.8977e-02   1.0765e-02
   2.7571e+00   1.6189e+03   9.0480e-03  -1.8633e-02   1.0747e-02
   2.7653e+00   1.6237e+03   8.9568e-03  -1.8264e-02   1.0716e-02
   2.7734e+00   1.6285e+03   8.8414e-03  -1.7868e-02   1.0670e-02
   2.7816e+00   1.6334e+03   8.7016e-03  -1.7443e-02   1.0607e-02
   2.7898e+00   1.6382e+03   8.5362e-03  -1.6986e-02   1.0525e-02
   2.7980e+00   1.6430e+03   8.3433e-03  -1.6494e-02   1.0423e-02
   2.8062e+00   1.6478e+03   8.1214e-03  -1.5965e-02   1.0303e-02
   2.8143e+00   1.6526e+03   7.8688e-03  -1.5396e-02   1.0165e-02
   2.8225e+00   1.6574e+03   7.5842e-03  -1.4784e-02   1.0010e-02
   2.8307e+00   1.6622e+03   7.2667e-03  -1.4126e-02   9.8422e-03
   2.8389e+00   1.6670e+03   6.9162e-03  -1.3422e-02   9.6631e-03
   2.8471e+00   1.6718e+03   6.5337e-03  -1.2669e-02   9.4752e-03
   2.8552e+00   1.6766e+03   6.1218e-03  -1.1866e-02   9.2801e-03
   2.8634e+00   1.6814e+03   5.6848e-03  -1.1012e-02   9.0791e-03
   2.8716e+00   1.6862e+03   5.2276e-03  -1.0107e-02   8.8723e-03
   2.8798e+00   1.6910e+03   4.7562e-03  -9.1480e-03   8.6594e-03
   2.8880e+00   1.6958e+03   4.2770e-03  -8.1344e-03   8.4396e-03
   2.8962e+00   1.7006e+03   3.7968e-03  -7.0641e-03   8.2117e-03
   2.9043e+00   1.7054e+03   3.3229e-03  -5.9351e-03   7.9751e-03
   2.9125e+00   1.7102e+03   2.8631e-03  -4.7454e-03   7.7293e-03
   2.9207e+00   1.7150e+03   2.4254e-03  -3.4932e-03   7.4745e-03
   2.9289e+00   1.7198e+03   2.0173e-03  -2.1777e-03   7.2112e-03
   2.9371e+00   1.7246e+03   1.6461e-03  -7.9869e-04   6.9402e-03
   2.9452e+00   1.7294e+03   1.3177e-03   6.4303e-04   6.6622e-03
   2.9534e+00   1.7342e+03   1.0372e-03   2.1457e-03   6.3779e-03
   2.9616e+00   1.7390e+03   8.0875e-04   3.7066e-03   6.0879e-03
   2.9698e+00   1.7438e+03   6.3479e-04   5.3228e-03   5.7920e-03
   2.9780e+00   1.7486e+03   5.1656e-04   6.9904e-03   5.4899e-03
   2.9861e+00   1.7535e+03   4.5385e-04   8.7050e-03   5.1805e-03
   2.9943e+00   1.7583e+03   4.4524e-04   1.0462e-02   4.8622e-03
   3.0025e+00   1.7631e+03   4.8852e-04   1.2254e-02   4.5326e-03
   3.0107e+00   1.7679e+03   5.8112e-04   1.4075e-02   4.1890e-03
   3.0189e+00   1.7727e+03   7.2024e-04   1.5917e-02   3.8283e-03
   3.0271e+00   1.7775e+03   9.0271e-04   1.7769e-02   3.4473e-03
   3.0352e+00   1.7823e+03   1.1247e-03   1.9623e-02   3.0433e-03
   3.0434e+00   1.7871e+03   1.3815e-03   2.1466e-02   2.6138e-03
   3.0516e+00   1.7919e+03   1.6675e-03   2.3284e-02   2.1573e-03
   3.0598e+00   1.7967e+03   1.9768e-03   2.5063e-02   1.6731e-03
   3.0680e+00   1.8015e+03   2.3039e-03   2.6785e-02   1.1611e-03
   3.0761e+00   1.8063e+03   2.6444e-03   2.8428e-02   6.2226e-04
   3.0843e+00   1.8111e+03   2.9959e-03   2.9968e-02   5.8495e-05
   3.0925e+00   1.8159e+03   3.3573e-03   3.1376e-02  -5.2755e-04
   3.1007e+00   1.8207e+03   3.7281e-03   3.2618e-02  -1.1323e-03
   3.1089e+00   1.8255e+03   4.1071e-03   3.3659e-02  -1.7514e-03
   3.1170e+00   1.8303e+03   4.4927e-03   3.4459e-02  -2.3790e-03
   3.1252e+00   1.8351e+03   4.8824e-03   3.4987e-02  -3.0085e-03
   3.1334e+00   1.8399e+03   5.2732e-03   3.5218e-02  -3.6323e-03
