# The data in this file was extracted from a direct numerical
# simulation of fully developed plane turbulent channel
# flow. Particulars are listed below. Note that some of the statistical
# quantities provided in this data set should be zero due to
# (statistical) symmetries in the flow. These quantities are reported
# here none-the-less as an indicator of the quality of the statistics.
# more statistics from this data set are available at 
# http://www.tam.uiuc.edu/Faculty/Moser/channel 
#
# Authors: Moser, Kim & Mansour
# Reference: DNS of Turbulent Channel Flow up to Re_tau=590, 1999,
#            Physics of Fluids, vol 11, 943-945.
# Numerical Method: Kim, Moin & Moser, 1987, J. Fluid Mech. vol 177, 133-166 
# Re_tau = 587.19
# Normalization: U_tau, h 
# Description: Spanwise (z) Two-point cross correlations of velocity and pressure at indicated y-location 
# Filename: chan590/correlations/chan590.zccorr.99 
# Date File Created: Feb 29, 2000 
#
#---End of Header---
# 
# nz = 384,  Re = 587.19,  y = 0.16853,  y+ =  98.96
#      dz           dz+         R_uv         R_up         R_vp
#
   0.0000e+00   0.0000e+00  -7.9745e-01   5.3598e-01  -1.4801e-01
   8.1812e-03   4.8040e+00  -7.8725e-01   5.3505e-01  -1.5297e-01
   1.6362e-02   9.6079e+00  -7.5835e-01   5.2946e-01  -1.5855e-01
   2.4544e-02   1.4412e+01  -7.1365e-01   5.1973e-01  -1.6332e-01
   3.2725e-02   1.9216e+01  -6.5743e-01   5.0658e-01  -1.6606e-01
   4.0906e-02   2.4020e+01  -5.9419e-01   4.9065e-01  -1.6608e-01
   4.9087e-02   2.8824e+01  -5.2781e-01   4.7248e-01  -1.6324e-01
   5.7269e-02   3.3628e+01  -4.6127e-01   4.5250e-01  -1.5771e-01
   6.5450e-02   3.8432e+01  -3.9672e-01   4.3111e-01  -1.4991e-01
   7.3631e-02   4.3236e+01  -3.3558e-01   4.0868e-01  -1.4033e-01
   8.1812e-02   4.8040e+01  -2.7872e-01   3.8561e-01  -1.2950e-01
   8.9994e-02   5.2844e+01  -2.2659e-01   3.6228e-01  -1.1792e-01
   9.8175e-02   5.7648e+01  -1.7931e-01   3.3902e-01  -1.0601e-01
   1.0636e-01   6.2452e+01  -1.3678e-01   3.1613e-01  -9.4111e-02
   1.1454e-01   6.7256e+01  -9.8767e-02   2.9385e-01  -8.2495e-02
   1.2272e-01   7.2060e+01  -6.4944e-02   2.7236e-01  -7.1370e-02
   1.3090e-01   7.6864e+01  -3.4964e-02   2.5179e-01  -6.0904e-02
   1.3908e-01   8.1668e+01  -8.4793e-03   2.3224e-01  -5.1238e-02
   1.4726e-01   8.6472e+01   1.4839e-02   2.1375e-01  -4.2475e-02
   1.5544e-01   9.1275e+01   3.5297e-02   1.9635e-01  -3.4670e-02
   1.6362e-01   9.6079e+01   5.3177e-02   1.8008e-01  -2.7814e-02
   1.7181e-01   1.0088e+02   6.8731e-02   1.6493e-01  -2.1851e-02
   1.7999e-01   1.0569e+02   8.2182e-02   1.5092e-01  -1.6703e-02
   1.8817e-01   1.1049e+02   9.3732e-02   1.3801e-01  -1.2289e-02
   1.9635e-01   1.1530e+02   1.0357e-01   1.2616e-01  -8.5303e-03
   2.0453e-01   1.2010e+02   1.1188e-01   1.1532e-01  -5.3548e-03
   2.1271e-01   1.2490e+02   1.1884e-01   1.0545e-01  -2.6956e-03
   2.2089e-01   1.2971e+02   1.2462e-01   9.6515e-02  -4.9227e-04
   2.2907e-01   1.3451e+02   1.2938e-01   8.8462e-02   1.3115e-03
   2.3726e-01   1.3932e+02   1.3327e-01   8.1244e-02   2.7694e-03
   2.4544e-01   1.4412e+02   1.3641e-01   7.4800e-02   3.9393e-03
   2.5362e-01   1.4892e+02   1.3888e-01   6.9054e-02   4.8892e-03
   2.6180e-01   1.5373e+02   1.4077e-01   6.3918e-02   5.6914e-03
   2.6998e-01   1.5853e+02   1.4212e-01   5.9294e-02   6.4070e-03
   2.7816e-01   1.6334e+02   1.4301e-01   5.5092e-02   7.0716e-03
   2.8634e-01   1.6814e+02   1.4348e-01   5.1238e-02   7.6928e-03
   2.9452e-01   1.7294e+02   1.4356e-01   4.7682e-02   8.2609e-03
   3.0271e-01   1.7775e+02   1.4330e-01   4.4397e-02   8.7665e-03
   3.1089e-01   1.8255e+02   1.4272e-01   4.1367e-02   9.2103e-03
   3.1907e-01   1.8735e+02   1.4184e-01   3.8582e-02   9.6002e-03
   3.2725e-01   1.9216e+02   1.4069e-01   3.6038e-02   9.9408e-03
   3.3543e-01   1.9696e+02   1.3932e-01   3.3744e-02   1.0228e-02
   3.4361e-01   2.0177e+02   1.3777e-01   3.1718e-02   1.0451e-02
   3.5179e-01   2.0657e+02   1.3610e-01   2.9976e-02   1.0591e-02
   3.5997e-01   2.1137e+02   1.3433e-01   2.8521e-02   1.0622e-02
   3.6816e-01   2.1618e+02   1.3247e-01   2.7342e-02   1.0524e-02
   3.7634e-01   2.2098e+02   1.3052e-01   2.6407e-02   1.0288e-02
   3.8452e-01   2.2579e+02   1.2847e-01   2.5672e-02   9.9249e-03
   3.9270e-01   2.3059e+02   1.2633e-01   2.5085e-02   9.4693e-03
   4.0088e-01   2.3539e+02   1.2411e-01   2.4598e-02   8.9820e-03
   4.0906e-01   2.4020e+02   1.2182e-01   2.4172e-02   8.5371e-03
   4.1724e-01   2.4500e+02   1.1947e-01   2.3786e-02   8.2070e-03
   4.2542e-01   2.4981e+02   1.1709e-01   2.3433e-02   8.0497e-03
   4.3361e-01   2.5461e+02   1.1472e-01   2.3115e-02   8.0968e-03
   4.4179e-01   2.5941e+02   1.1237e-01   2.2830e-02   8.3450e-03
   4.4997e-01   2.6422e+02   1.1006e-01   2.2576e-02   8.7596e-03
   4.5815e-01   2.6902e+02   1.0781e-01   2.2354e-02   9.2851e-03
   4.6633e-01   2.7383e+02   1.0561e-01   2.2175e-02   9.8576e-03
   4.7451e-01   2.7863e+02   1.0346e-01   2.2062e-02   1.0416e-02
   4.8269e-01   2.8343e+02   1.0134e-01   2.2054e-02   1.0907e-02
   4.9087e-01   2.8824e+02   9.9215e-02   2.2191e-02   1.1291e-02
   4.9906e-01   2.9304e+02   9.7091e-02   2.2507e-02   1.1537e-02
   5.0724e-01   2.9785e+02   9.4973e-02   2.3013e-02   1.1630e-02
   5.1542e-01   3.0265e+02   9.2877e-02   2.3695e-02   1.1571e-02
   5.2360e-01   3.0745e+02   9.0814e-02   2.4518e-02   1.1384e-02
   5.3178e-01   3.1226e+02   8.8787e-02   2.5426e-02   1.1101e-02
   5.3996e-01   3.1706e+02   8.6791e-02   2.6354e-02   1.0759e-02
   5.4814e-01   3.2187e+02   8.4821e-02   2.7249e-02   1.0394e-02
   5.5632e-01   3.2667e+02   8.2879e-02   2.8076e-02   1.0039e-02
   5.6450e-01   3.3147e+02   8.0980e-02   2.8822e-02   9.7235e-03
   5.7269e-01   3.3628e+02   7.9136e-02   2.9480e-02   9.4644e-03
   5.8087e-01   3.4108e+02   7.7348e-02   3.0041e-02   9.2629e-03
   5.8905e-01   3.4589e+02   7.5607e-02   3.0497e-02   9.1076e-03
   5.9723e-01   3.5069e+02   7.3894e-02   3.0846e-02   8.9822e-03
   6.0541e-01   3.5549e+02   7.2191e-02   3.1110e-02   8.8743e-03
   6.1359e-01   3.6030e+02   7.0487e-02   3.1327e-02   8.7818e-03
   6.2177e-01   3.6510e+02   6.8783e-02   3.1536e-02   8.7124e-03
   6.2995e-01   3.6991e+02   6.7088e-02   3.1763e-02   8.6752e-03
   6.3814e-01   3.7471e+02   6.5418e-02   3.2021e-02   8.6732e-03
   6.4632e-01   3.7951e+02   6.3787e-02   3.2320e-02   8.7024e-03
   6.5450e-01   3.8432e+02   6.2196e-02   3.2675e-02   8.7551e-03
   6.6268e-01   3.8912e+02   6.0627e-02   3.3108e-02   8.8214e-03
   6.7086e-01   3.9393e+02   5.9046e-02   3.3649e-02   8.8893e-03
   6.7904e-01   3.9873e+02   5.7408e-02   3.4322e-02   8.9443e-03
   6.8722e-01   4.0353e+02   5.5676e-02   3.5151e-02   8.9673e-03
   6.9540e-01   4.0834e+02   5.3838e-02   3.6161e-02   8.9336e-03
   7.0359e-01   4.1314e+02   5.1910e-02   3.7372e-02   8.8093e-03
   7.1177e-01   4.1795e+02   4.9926e-02   3.8801e-02   8.5525e-03
   7.1995e-01   4.2275e+02   4.7929e-02   4.0466e-02   8.1254e-03
   7.2813e-01   4.2755e+02   4.5967e-02   4.2383e-02   7.5034e-03
   7.3631e-01   4.3236e+02   4.4087e-02   4.4568e-02   6.6746e-03
   7.4449e-01   4.3716e+02   4.2310e-02   4.7030e-02   5.6349e-03
   7.5267e-01   4.4197e+02   4.0636e-02   4.9768e-02   4.3919e-03
   7.6085e-01   4.4677e+02   3.9048e-02   5.2756e-02   2.9738e-03
   7.6904e-01   4.5157e+02   3.7526e-02   5.5958e-02   1.4285e-03
   7.7722e-01   4.5638e+02   3.6050e-02   5.9324e-02  -1.8551e-04
   7.8540e-01   4.6118e+02   3.4607e-02   6.2800e-02  -1.8096e-03
   7.9358e-01   4.6599e+02   3.3184e-02   6.6315e-02  -3.3934e-03
   8.0176e-01   4.7079e+02   3.1772e-02   6.9787e-02  -4.9022e-03
   8.0994e-01   4.7559e+02   3.0372e-02   7.3122e-02  -6.3188e-03
   8.1812e-01   4.8040e+02   2.8986e-02   7.6237e-02  -7.6384e-03
   8.2630e-01   4.8520e+02   2.7618e-02   7.9066e-02  -8.8632e-03
   8.3449e-01   4.9001e+02   2.6270e-02   8.1567e-02  -9.9948e-03
   8.4267e-01   4.9481e+02   2.4936e-02   8.3725e-02  -1.1023e-02
   8.5085e-01   4.9961e+02   2.3596e-02   8.5542e-02  -1.1922e-02
   8.5903e-01   5.0442e+02   2.2221e-02   8.7045e-02  -1.2664e-02
   8.6721e-01   5.0922e+02   2.0784e-02   8.8276e-02  -1.3229e-02
   8.7539e-01   5.1403e+02   1.9271e-02   8.9280e-02  -1.3615e-02
   8.8357e-01   5.1883e+02   1.7676e-02   9.0093e-02  -1.3836e-02
   8.9175e-01   5.2363e+02   1.5993e-02   9.0736e-02  -1.3910e-02
   8.9994e-01   5.2844e+02   1.4215e-02   9.1218e-02  -1.3852e-02
   9.0812e-01   5.3324e+02   1.2338e-02   9.1546e-02  -1.3665e-02
   9.1630e-01   5.3805e+02   1.0376e-02   9.1732e-02  -1.3345e-02
   9.2448e-01   5.4285e+02   8.3674e-03   9.1801e-02  -1.2890e-02
   9.3266e-01   5.4765e+02   6.3521e-03   9.1780e-02  -1.2312e-02
   9.4084e-01   5.5246e+02   4.3570e-03   9.1690e-02  -1.1641e-02
   9.4902e-01   5.5726e+02   2.3979e-03   9.1540e-02  -1.0918e-02
   9.5720e-01   5.6206e+02   4.9640e-04   9.1338e-02  -1.0186e-02
   9.6539e-01   5.6687e+02  -1.3100e-03   9.1099e-02  -9.4827e-03
   9.7357e-01   5.7167e+02  -2.9682e-03   9.0835e-02  -8.8366e-03
   9.8175e-01   5.7648e+02  -4.4179e-03   9.0554e-02  -8.2615e-03
   9.8993e-01   5.8128e+02  -5.6095e-03   9.0263e-02  -7.7640e-03
   9.9811e-01   5.8608e+02  -6.5252e-03   8.9971e-02  -7.3496e-03
   1.0063e+00   5.9089e+02  -7.1828e-03   8.9686e-02  -7.0233e-03
   1.0145e+00   5.9569e+02  -7.6265e-03   8.9412e-02  -6.7841e-03
   1.0227e+00   6.0050e+02  -7.9058e-03   8.9142e-02  -6.6208e-03
   1.0308e+00   6.0530e+02  -8.0550e-03   8.8846e-02  -6.5114e-03
   1.0390e+00   6.1010e+02  -8.0858e-03   8.8481e-02  -6.4254e-03
   1.0472e+00   6.1491e+02  -7.9967e-03   8.8001e-02  -6.3300e-03
   1.0554e+00   6.1971e+02  -7.7896e-03   8.7382e-02  -6.1957e-03
   1.0636e+00   6.2452e+02  -7.4812e-03   8.6622e-02  -6.0049e-03
   1.0717e+00   6.2932e+02  -7.1024e-03   8.5733e-02  -5.7530e-03
   1.0799e+00   6.3412e+02  -6.6932e-03   8.4733e-02  -5.4475e-03
   1.0881e+00   6.3893e+02  -6.2941e-03   8.3638e-02  -5.1045e-03
   1.0963e+00   6.4373e+02  -5.9330e-03   8.2467e-02  -4.7430e-03
   1.1045e+00   6.4854e+02  -5.6184e-03   8.1238e-02  -4.3771e-03
   1.1126e+00   6.5334e+02  -5.3518e-03   7.9964e-02  -4.0145e-03
   1.1208e+00   6.5814e+02  -5.1403e-03   7.8644e-02  -3.6592e-03
   1.1290e+00   6.6295e+02  -4.9973e-03   7.7275e-02  -3.3138e-03
   1.1372e+00   6.6775e+02  -4.9305e-03   7.5875e-02  -2.9815e-03
   1.1454e+00   6.7256e+02  -4.9325e-03   7.4488e-02  -2.6698e-03
   1.1536e+00   6.7736e+02  -4.9813e-03   7.3164e-02  -2.3905e-03
   1.1617e+00   6.8216e+02  -5.0517e-03   7.1938e-02  -2.1546e-03
   1.1699e+00   6.8697e+02  -5.1250e-03   7.0823e-02  -1.9632e-03
   1.1781e+00   6.9177e+02  -5.1938e-03   6.9805e-02  -1.8058e-03
   1.1863e+00   6.9658e+02  -5.2553e-03   6.8862e-02  -1.6660e-03
   1.1945e+00   7.0138e+02  -5.3054e-03   6.7971e-02  -1.5271e-03
   1.2026e+00   7.0618e+02  -5.3339e-03   6.7112e-02  -1.3738e-03
   1.2108e+00   7.1099e+02  -5.3241e-03   6.6273e-02  -1.1915e-03
   1.2190e+00   7.1579e+02  -5.2556e-03   6.5444e-02  -9.6483e-04
   1.2272e+00   7.2060e+02  -5.1165e-03   6.4616e-02  -6.8400e-04
   1.2354e+00   7.2540e+02  -4.9077e-03   6.3773e-02  -3.5666e-04
   1.2435e+00   7.3020e+02  -4.6446e-03   6.2899e-02  -1.0056e-05
   1.2517e+00   7.3501e+02  -4.3558e-03   6.1990e-02   3.2064e-04
   1.2599e+00   7.3981e+02  -4.0781e-03   6.1060e-02   6.0551e-04
   1.2681e+00   7.4462e+02  -3.8437e-03   6.0143e-02   8.2272e-04
   1.2763e+00   7.4942e+02  -3.6739e-03   5.9285e-02   9.5556e-04
   1.2845e+00   7.5422e+02  -3.5812e-03   5.8531e-02   9.9298e-04
   1.2926e+00   7.5903e+02  -3.5732e-03   5.7903e-02   9.3757e-04
   1.3008e+00   7.6383e+02  -3.6488e-03   5.7386e-02   8.1194e-04
   1.3090e+00   7.6864e+02  -3.8025e-03   5.6945e-02   6.5221e-04
   1.3172e+00   7.7344e+02  -4.0264e-03   5.6545e-02   4.9210e-04
   1.3254e+00   7.7824e+02  -4.3073e-03   5.6178e-02   3.4692e-04
   1.3335e+00   7.8305e+02  -4.6282e-03   5.5854e-02   2.0354e-04
   1.3417e+00   7.8785e+02  -4.9786e-03   5.5594e-02   2.4550e-05
   1.3499e+00   7.9266e+02  -5.3555e-03   5.5416e-02  -2.3487e-04
   1.3581e+00   7.9746e+02  -5.7526e-03   5.5331e-02  -6.0796e-04
   1.3663e+00   8.0226e+02  -6.1575e-03   5.5344e-02  -1.1067e-03
   1.3744e+00   8.0707e+02  -6.5582e-03   5.5454e-02  -1.7216e-03
   1.3826e+00   8.1187e+02  -6.9456e-03   5.5651e-02  -2.4255e-03
   1.3908e+00   8.1668e+02  -7.3207e-03   5.5915e-02  -3.1768e-03
   1.3990e+00   8.2148e+02  -7.7021e-03   5.6217e-02  -3.9210e-03
   1.4072e+00   8.2628e+02  -8.1212e-03   5.6512e-02  -4.5980e-03
   1.4154e+00   8.3109e+02  -8.6048e-03   5.6752e-02  -5.1572e-03
   1.4235e+00   8.3589e+02  -9.1673e-03   5.6889e-02  -5.5691e-03
   1.4317e+00   8.4070e+02  -9.8158e-03   5.6882e-02  -5.8211e-03
   1.4399e+00   8.4550e+02  -1.0559e-02   5.6711e-02  -5.9082e-03
   1.4481e+00   8.5030e+02  -1.1408e-02   5.6377e-02  -5.8284e-03
   1.4563e+00   8.5511e+02  -1.2368e-02   5.5904e-02  -5.5816e-03
   1.4644e+00   8.5991e+02  -1.3433e-02   5.5331e-02  -5.1731e-03
   1.4726e+00   8.6472e+02  -1.4574e-02   5.4706e-02  -4.6218e-03
   1.4808e+00   8.6952e+02  -1.5751e-02   5.4081e-02  -3.9611e-03
   1.4890e+00   8.7432e+02  -1.6924e-02   5.3510e-02  -3.2314e-03
   1.4972e+00   8.7913e+02  -1.8054e-02   5.3031e-02  -2.4711e-03
   1.5053e+00   8.8393e+02  -1.9108e-02   5.2653e-02  -1.7125e-03
   1.5135e+00   8.8874e+02  -2.0056e-02   5.2359e-02  -9.7841e-04
   1.5217e+00   8.9354e+02  -2.0879e-02   5.2113e-02  -2.8303e-04
   1.5299e+00   8.9834e+02  -2.1578e-02   5.1898e-02   3.6282e-04
   1.5381e+00   9.0315e+02  -2.2165e-02   5.1717e-02   9.4714e-04
   1.5463e+00   9.0795e+02  -2.2662e-02   5.1586e-02   1.4564e-03
   1.5544e+00   9.1276e+02  -2.3085e-02   5.1528e-02   1.8795e-03
   1.5626e+00   9.1756e+02  -2.3438e-02   5.1568e-02   2.2158e-03
   1.5708e+00   9.2236e+02  -2.3717e-02   5.1733e-02   2.4821e-03
   1.5790e+00   9.2717e+02  -2.3913e-02   5.2030e-02   2.7106e-03
   1.5872e+00   9.3197e+02  -2.4025e-02   5.2446e-02   2.9368e-03
   1.5953e+00   9.3677e+02  -2.4057e-02   5.2951e-02   3.1863e-03
   1.6035e+00   9.4158e+02  -2.4014e-02   5.3511e-02   3.4650e-03
   1.6117e+00   9.4638e+02  -2.3900e-02   5.4088e-02   3.7588e-03
   1.6199e+00   9.5119e+02  -2.3707e-02   5.4648e-02   4.0448e-03
   1.6281e+00   9.5599e+02  -2.3412e-02   5.5163e-02   4.3033e-03
   1.6362e+00   9.6079e+02  -2.2982e-02   5.5612e-02   4.5188e-03
   1.6444e+00   9.6560e+02  -2.2386e-02   5.5978e-02   4.6751e-03
   1.6526e+00   9.7040e+02  -2.1610e-02   5.6259e-02   4.7558e-03
   1.6608e+00   9.7521e+02  -2.0666e-02   5.6459e-02   4.7473e-03
   1.6690e+00   9.8001e+02  -1.9586e-02   5.6595e-02   4.6408e-03
   1.6772e+00   9.8481e+02  -1.8410e-02   5.6700e-02   4.4263e-03
   1.6853e+00   9.8962e+02  -1.7169e-02   5.6812e-02   4.0883e-03
   1.6935e+00   9.9442e+02  -1.5879e-02   5.6956e-02   3.6196e-03
   1.7017e+00   9.9923e+02  -1.4559e-02   5.7133e-02   3.0417e-03
   1.7099e+00   1.0040e+03  -1.3246e-02   5.7329e-02   2.4109e-03
   1.7181e+00   1.0088e+03  -1.1993e-02   5.7532e-02   1.7998e-03
   1.7262e+00   1.0136e+03  -1.0841e-02   5.7739e-02   1.2692e-03
   1.7344e+00   1.0184e+03  -9.7982e-03   5.7955e-02   8.4792e-04
   1.7426e+00   1.0232e+03  -8.8567e-03   5.8188e-02   5.2932e-04
   1.7508e+00   1.0281e+03  -8.0105e-03   5.8450e-02   2.8216e-04
   1.7590e+00   1.0329e+03  -7.2564e-03   5.8758e-02   6.6696e-05
   1.7671e+00   1.0377e+03  -6.5839e-03   5.9128e-02  -1.5315e-04
   1.7753e+00   1.0425e+03  -5.9764e-03   5.9576e-02  -4.0554e-04
   1.7835e+00   1.0473e+03  -5.4222e-03   6.0116e-02  -7.1009e-04
   1.7917e+00   1.0521e+03  -4.9135e-03   6.0761e-02  -1.0756e-03
   1.7999e+00   1.0569e+03  -4.4360e-03   6.1509e-02  -1.4932e-03
   1.8081e+00   1.0617e+03  -3.9637e-03   6.2348e-02  -1.9345e-03
   1.8162e+00   1.0665e+03  -3.4714e-03   6.3266e-02  -2.3623e-03
   1.8244e+00   1.0713e+03  -2.9515e-03   6.4256e-02  -2.7450e-03
   1.8326e+00   1.0761e+03  -2.4164e-03   6.5315e-02  -3.0694e-03
   1.8408e+00   1.0809e+03  -1.8860e-03   6.6435e-02  -3.3467e-03
   1.8490e+00   1.0857e+03  -1.3775e-03   6.7605e-02  -3.6074e-03
   1.8571e+00   1.0905e+03  -9.0171e-04   6.8811e-02  -3.8868e-03
   1.8653e+00   1.0953e+03  -4.6608e-04   7.0026e-02  -4.2095e-03
   1.8735e+00   1.1001e+03  -7.8890e-05   7.1210e-02  -4.5828e-03
   1.8817e+00   1.1049e+03   2.5061e-04   7.2317e-02  -5.0004e-03
   1.8899e+00   1.1097e+03   5.1555e-04   7.3308e-02  -5.4479e-03
   1.8980e+00   1.1145e+03   7.1513e-04   7.4150e-02  -5.9022e-03
   1.9062e+00   1.1193e+03   8.5999e-04   7.4816e-02  -6.3339e-03
   1.9144e+00   1.1241e+03   9.6768e-04   7.5289e-02  -6.7204e-03
   1.9226e+00   1.1289e+03   1.0493e-03   7.5572e-02  -7.0538e-03
   1.9308e+00   1.1337e+03   1.1043e-03   7.5678e-02  -7.3389e-03
   1.9390e+00   1.1385e+03   1.1325e-03   7.5625e-02  -7.5882e-03
   1.9471e+00   1.1433e+03   1.1443e-03   7.5421e-02  -7.8171e-03
   1.9553e+00   1.1481e+03   1.1613e-03   7.5059e-02  -8.0371e-03
   1.9635e+00   1.1530e+03   1.2025e-03   7.4518e-02  -8.2523e-03
   1.9717e+00   1.1578e+03   1.2731e-03   7.3761e-02  -8.4598e-03
   1.9799e+00   1.1626e+03   1.3652e-03   7.2755e-02  -8.6532e-03
   1.9880e+00   1.1674e+03   1.4741e-03   7.1493e-02  -8.8289e-03
   1.9962e+00   1.1722e+03   1.6095e-03   6.9991e-02  -8.9896e-03
   2.0044e+00   1.1770e+03   1.7868e-03   6.8287e-02  -9.1449e-03
   2.0126e+00   1.1818e+03   2.0164e-03   6.6429e-02  -9.3028e-03
   2.0208e+00   1.1866e+03   2.3073e-03   6.4473e-02  -9.4623e-03
   2.0289e+00   1.1914e+03   2.6727e-03   6.2474e-02  -9.6130e-03
   2.0371e+00   1.1962e+03   3.1235e-03   6.0480e-02  -9.7361e-03
   2.0453e+00   1.2010e+03   3.6564e-03   5.8528e-02  -9.8113e-03
   2.0535e+00   1.2058e+03   4.2522e-03   5.6632e-02  -9.8270e-03
   2.0617e+00   1.2106e+03   4.8857e-03   5.4784e-02  -9.7855e-03
   2.0699e+00   1.2154e+03   5.5426e-03   5.2954e-02  -9.6997e-03
   2.0780e+00   1.2202e+03   6.2178e-03   5.1102e-02  -9.5838e-03
   2.0862e+00   1.2250e+03   6.9017e-03   4.9187e-02  -9.4471e-03
   2.0944e+00   1.2298e+03   7.5750e-03   4.7187e-02  -9.2949e-03
   2.1026e+00   1.2346e+03   8.2196e-03   4.5105e-02  -9.1297e-03
   2.1108e+00   1.2394e+03   8.8251e-03   4.2964e-02  -8.9446e-03
   2.1189e+00   1.2442e+03   9.3909e-03   4.0790e-02  -8.7160e-03
   2.1271e+00   1.2490e+03   9.9254e-03   3.8599e-02  -8.4064e-03
   2.1353e+00   1.2538e+03   1.0447e-02   3.6396e-02  -7.9762e-03
   2.1435e+00   1.2586e+03   1.0979e-02   3.4180e-02  -7.3982e-03
   2.1517e+00   1.2634e+03   1.1540e-02   3.1957e-02  -6.6688e-03
   2.1598e+00   1.2682e+03   1.2144e-02   2.9747e-02  -5.8126e-03
   2.1680e+00   1.2731e+03   1.2806e-02   2.7590e-02  -4.8721e-03
   2.1762e+00   1.2779e+03   1.3530e-02   2.5526e-02  -3.8924e-03
   2.1844e+00   1.2827e+03   1.4310e-02   2.3590e-02  -2.9117e-03
   2.1926e+00   1.2875e+03   1.5121e-02   2.1812e-02  -1.9645e-03
   2.2008e+00   1.2923e+03   1.5936e-02   2.0215e-02  -1.0875e-03
   2.2089e+00   1.2971e+03   1.6731e-02   1.8809e-02  -3.1929e-04
   2.2171e+00   1.3019e+03   1.7496e-02   1.7592e-02   3.1188e-04
   2.2253e+00   1.3067e+03   1.8229e-02   1.6553e-02   8.0103e-04
   2.2335e+00   1.3115e+03   1.8929e-02   1.5678e-02   1.1709e-03
   2.2417e+00   1.3163e+03   1.9596e-02   1.4946e-02   1.4615e-03
   2.2498e+00   1.3211e+03   2.0224e-02   1.4336e-02   1.7137e-03
   2.2580e+00   1.3259e+03   2.0815e-02   1.3830e-02   1.9541e-03
   2.2662e+00   1.3307e+03   2.1379e-02   1.3410e-02   2.1896e-03
   2.2744e+00   1.3355e+03   2.1938e-02   1.3059e-02   2.4030e-03
   2.2826e+00   1.3403e+03   2.2509e-02   1.2762e-02   2.5571e-03
   2.2907e+00   1.3451e+03   2.3107e-02   1.2507e-02   2.6059e-03
   2.2989e+00   1.3499e+03   2.3739e-02   1.2280e-02   2.5112e-03
   2.3071e+00   1.3547e+03   2.4412e-02   1.2070e-02   2.2547e-03
   2.3153e+00   1.3595e+03   2.5130e-02   1.1865e-02   1.8475e-03
   2.3235e+00   1.3643e+03   2.5885e-02   1.1662e-02   1.3294e-03
   2.3317e+00   1.3691e+03   2.6667e-02   1.1474e-02   7.5629e-04
   2.3398e+00   1.3739e+03   2.7462e-02   1.1328e-02   1.7750e-04
   2.3480e+00   1.3787e+03   2.8267e-02   1.1249e-02  -3.7641e-04
   2.3562e+00   1.3835e+03   2.9092e-02   1.1250e-02  -8.9411e-04
   2.3644e+00   1.3883e+03   2.9946e-02   1.1331e-02  -1.3822e-03
   2.3726e+00   1.3932e+03   3.0837e-02   1.1476e-02  -1.8594e-03
   2.3807e+00   1.3980e+03   3.1758e-02   1.1656e-02  -2.3405e-03
   2.3889e+00   1.4028e+03   3.2698e-02   1.1840e-02  -2.8261e-03
   2.3971e+00   1.4076e+03   3.3655e-02   1.2008e-02  -3.2984e-03
   2.4053e+00   1.4124e+03   3.4642e-02   1.2158e-02  -3.7303e-03
   2.4135e+00   1.4172e+03   3.5678e-02   1.2294e-02  -4.0959e-03
   2.4216e+00   1.4220e+03   3.6779e-02   1.2410e-02  -4.3729e-03
   2.4298e+00   1.4268e+03   3.7953e-02   1.2481e-02  -4.5394e-03
   2.4380e+00   1.4316e+03   3.9198e-02   1.2471e-02  -4.5845e-03
   2.4462e+00   1.4364e+03   4.0511e-02   1.2341e-02  -4.5209e-03
   2.4544e+00   1.4412e+03   4.1893e-02   1.2068e-02  -4.3825e-03
   2.4626e+00   1.4460e+03   4.3360e-02   1.1658e-02  -4.2095e-03
   2.4707e+00   1.4508e+03   4.4928e-02   1.1141e-02  -4.0378e-03
   2.4789e+00   1.4556e+03   4.6599e-02   1.0553e-02  -3.8925e-03
   2.4871e+00   1.4604e+03   4.8350e-02   9.9170e-03  -3.7842e-03
   2.4953e+00   1.4652e+03   5.0159e-02   9.2405e-03  -3.7041e-03
   2.5035e+00   1.4700e+03   5.2021e-02   8.5229e-03  -3.6196e-03
   2.5116e+00   1.4748e+03   5.3959e-02   7.7608e-03  -3.4785e-03
   2.5198e+00   1.4796e+03   5.6008e-02   6.9420e-03  -3.2261e-03
   2.5280e+00   1.4844e+03   5.8190e-02   6.0391e-03  -2.8276e-03
   2.5362e+00   1.4892e+03   6.0504e-02   5.0207e-03  -2.2795e-03
   2.5444e+00   1.4940e+03   6.2924e-02   3.8716e-03  -1.6006e-03
   2.5525e+00   1.4988e+03   6.5415e-02   2.5984e-03  -8.1852e-04
   2.5607e+00   1.5036e+03   6.7946e-02   1.2203e-03   3.6703e-05
   2.5689e+00   1.5084e+03   7.0496e-02  -2.4240e-04   9.3489e-04
   2.5771e+00   1.5133e+03   7.3049e-02  -1.7661e-03   1.8515e-03
   2.5853e+00   1.5181e+03   7.5583e-02  -3.3227e-03   2.7709e-03
   2.5935e+00   1.5229e+03   7.8073e-02  -4.8768e-03   3.6850e-03
   2.6016e+00   1.5277e+03   8.0503e-02  -6.3856e-03   4.5841e-03
   2.6098e+00   1.5325e+03   8.2878e-02  -7.8074e-03   5.4485e-03
   2.6180e+00   1.5373e+03   8.5219e-02  -9.1091e-03   6.2470e-03
   2.6262e+00   1.5421e+03   8.7555e-02  -1.0269e-02   6.9449e-03
   2.6344e+00   1.5469e+03   8.9916e-02  -1.1274e-02   7.5122e-03
   2.6425e+00   1.5517e+03   9.2315e-02  -1.2119e-02   7.9289e-03
   2.6507e+00   1.5565e+03   9.4741e-02  -1.2801e-02   8.1847e-03
   2.6589e+00   1.5613e+03   9.7163e-02  -1.3317e-02   8.2810e-03
   2.6671e+00   1.5661e+03   9.9554e-02  -1.3667e-02   8.2371e-03
   2.6753e+00   1.5709e+03   1.0191e-01  -1.3853e-02   8.0947e-03
   2.6834e+00   1.5757e+03   1.0424e-01  -1.3885e-02   7.9100e-03
   2.6916e+00   1.5805e+03   1.0656e-01  -1.3779e-02   7.7399e-03
   2.6998e+00   1.5853e+03   1.0887e-01  -1.3565e-02   7.6293e-03
   2.7080e+00   1.5901e+03   1.1117e-01  -1.3273e-02   7.6100e-03
   2.7162e+00   1.5949e+03   1.1346e-01  -1.2938e-02   7.7031e-03
   2.7243e+00   1.5997e+03   1.1574e-01  -1.2591e-02   7.9177e-03
   2.7325e+00   1.6045e+03   1.1801e-01  -1.2259e-02   8.2488e-03
   2.7407e+00   1.6093e+03   1.2025e-01  -1.1951e-02   8.6774e-03
   2.7489e+00   1.6141e+03   1.2246e-01  -1.1654e-02   9.1712e-03
   2.7571e+00   1.6189e+03   1.2464e-01  -1.1316e-02   9.6916e-03
   2.7653e+00   1.6237e+03   1.2676e-01  -1.0861e-02   1.0206e-02
   2.7734e+00   1.6285e+03   1.2881e-01  -1.0212e-02   1.0696e-02
   2.7816e+00   1.6334e+03   1.3076e-01  -9.2982e-03   1.1152e-02
   2.7898e+00   1.6382e+03   1.3259e-01  -8.0640e-03   1.1566e-02
   2.7980e+00   1.6430e+03   1.3428e-01  -6.4685e-03   1.1929e-02
   2.8062e+00   1.6478e+03   1.3582e-01  -4.4914e-03   1.2230e-02
   2.8143e+00   1.6526e+03   1.3719e-01  -2.1311e-03   1.2457e-02
   2.8225e+00   1.6574e+03   1.3835e-01   6.0707e-04   1.2605e-02
   2.8307e+00   1.6622e+03   1.3926e-01   3.7254e-03   1.2675e-02
   2.8389e+00   1.6670e+03   1.3987e-01   7.2384e-03   1.2677e-02
   2.8471e+00   1.6718e+03   1.4012e-01   1.1162e-02   1.2631e-02
   2.8552e+00   1.6766e+03   1.3998e-01   1.5506e-02   1.2549e-02
   2.8634e+00   1.6814e+03   1.3937e-01   2.0274e-02   1.2438e-02
   2.8716e+00   1.6862e+03   1.3827e-01   2.5476e-02   1.2292e-02
   2.8798e+00   1.6910e+03   1.3661e-01   3.1134e-02   1.2081e-02
   2.8880e+00   1.6958e+03   1.3437e-01   3.7275e-02   1.1761e-02
   2.8962e+00   1.7006e+03   1.3150e-01   4.3926e-02   1.1283e-02
   2.9043e+00   1.7054e+03   1.2793e-01   5.1116e-02   1.0604e-02
   2.9125e+00   1.7102e+03   1.2363e-01   5.8891e-02   9.6909e-03
   2.9207e+00   1.7150e+03   1.1852e-01   6.7307e-02   8.5084e-03
   2.9289e+00   1.7198e+03   1.1250e-01   7.6434e-02   7.0123e-03
   2.9371e+00   1.7246e+03   1.0543e-01   8.6344e-02   5.1503e-03
   2.9452e+00   1.7294e+03   9.7128e-02   9.7112e-02   2.8696e-03
   2.9534e+00   1.7342e+03   8.7380e-02   1.0881e-01   1.2251e-04
   2.9616e+00   1.7390e+03   7.5978e-02   1.2152e-01  -3.1359e-03
   2.9698e+00   1.7438e+03   6.2701e-02   1.3530e-01  -6.9520e-03
   2.9780e+00   1.7486e+03   4.7311e-02   1.5021e-01  -1.1378e-02
   2.9861e+00   1.7535e+03   2.9549e-02   1.6627e-01  -1.6469e-02
   2.9943e+00   1.7583e+03   9.1374e-03   1.8350e-01  -2.2275e-02
   3.0025e+00   1.7631e+03  -1.4217e-02   2.0188e-01  -2.8829e-02
   3.0107e+00   1.7679e+03  -4.0821e-02   2.2139e-01  -3.6140e-02
   3.0189e+00   1.7727e+03  -7.0994e-02   2.4199e-01  -4.4187e-02
   3.0271e+00   1.7775e+03  -1.0505e-01   2.6364e-01  -5.2905e-02
   3.0352e+00   1.7823e+03  -1.4329e-01   2.8624e-01  -6.2184e-02
   3.0434e+00   1.7871e+03  -1.8597e-01   3.0968e-01  -7.1870e-02
   3.0516e+00   1.7919e+03  -2.3327e-01   3.3380e-01  -8.1785e-02
   3.0598e+00   1.7967e+03  -2.8526e-01   3.5836e-01  -9.1722e-02
   3.0680e+00   1.8015e+03  -3.4183e-01   3.8306e-01  -1.0144e-01
   3.0761e+00   1.8063e+03  -4.0253e-01   4.0755e-01  -1.1065e-01
   3.0843e+00   1.8111e+03  -4.6651e-01   4.3142e-01  -1.1905e-01
   3.0925e+00   1.8159e+03  -5.3239e-01   4.5423e-01  -1.2634e-01
   3.1007e+00   1.8207e+03  -5.9805e-01   4.7546e-01  -1.3227e-01
   3.1089e+00   1.8255e+03  -6.6054e-01   4.9451e-01  -1.3671e-01
   3.1170e+00   1.8303e+03  -7.1600e-01   5.1075e-01  -1.3982e-01
   3.1252e+00   1.8351e+03  -7.5993e-01   5.2348e-01  -1.4211e-01
   3.1334e+00   1.8399e+03  -7.8804e-01   5.3205e-01  -1.4450e-01
