# The data in this file was extracted from a direct numerical
# simulation of fully developed plane turbulent channel
# flow. Particulars are listed below. Note that some of the statistical
# quantities provided in this data set should be zero due to
# (statistical) symmetries in the flow. These quantities are reported
# here none-the-less as an indicator of the quality of the statistics.
# more statistics from this data set are available at 
# http://www.tam.uiuc.edu/Faculty/Moser/channel 
#
# Authors: Moser, Kim & Mansour
# Reference: DNS of Turbulent Channel Flow up to Re_tau=590, 1999,
#            Physics of Fluids, vol 11, 943-945.
# Numerical Method: Kim, Moin & Moser, 1987, J. Fluid Mech. vol 177, 133-166 
# Re_tau = 587.19
# Normalization: U_tau, h 
# Description: Spanwise (z) Two-point cross correlations of velocity and pressure at indicated y-location 
# Filename: chan590/correlations/chan590.zccorr.10 
# Date File Created: Feb 29, 2000 
#
#---End of Header---
# 
# nz = 384,  Re = 587.19,  y = 0.01689,  y+ =   9.92
#      dz           dz+         R_uv         R_up         R_vp
#
   0.0000e+00   0.0000e+00  -4.0991e-01   1.8686e-01  -1.3697e-01
   8.1812e-03   4.8040e+00  -3.7291e-01   2.0863e-01  -1.2303e-01
   1.6362e-02   9.6079e+00  -2.7712e-01   2.5720e-01  -9.0330e-02
   2.4544e-02   1.4412e+01  -1.5613e-01   2.9634e-01  -5.3218e-02
   3.2725e-02   1.9216e+01  -4.2507e-02   3.1063e-01  -2.1878e-02
   4.0906e-02   2.4020e+01   4.5090e-02   3.0302e-01   1.7734e-04
   4.9087e-02   2.8824e+01   1.0170e-01   2.8241e-01   1.3663e-02
   5.7269e-02   3.3628e+01   1.3074e-01   2.5654e-01   2.0767e-02
   6.5450e-02   3.8432e+01   1.3889e-01   2.3021e-01   2.3629e-02
   7.3631e-02   4.3236e+01   1.3308e-01   2.0563e-01   2.3924e-02
   8.1812e-02   4.8040e+01   1.1925e-01   1.8356e-01   2.2797e-02
   8.9994e-02   5.2844e+01   1.0191e-01   1.6411e-01   2.0919e-02
   9.8175e-02   5.7648e+01   8.4084e-02   1.4735e-01   1.8680e-02
   1.0636e-01   6.2452e+01   6.7483e-02   1.3336e-01   1.6343e-02
   1.1454e-01   6.7256e+01   5.2911e-02   1.2211e-01   1.4100e-02
   1.2272e-01   7.2060e+01   4.0630e-02   1.1333e-01   1.2023e-02
   1.3090e-01   7.6864e+01   3.0657e-02   1.0654e-01   1.0112e-02
   1.3908e-01   8.1668e+01   2.2882e-02   1.0127e-01   8.3796e-03
   1.4726e-01   8.6472e+01   1.7114e-02   9.7153e-02   6.8586e-03
   1.5544e-01   9.1275e+01   1.3034e-02   9.4059e-02   5.5399e-03
   1.6362e-01   9.6079e+01   1.0247e-02   9.2066e-02   4.4023e-03
   1.7181e-01   1.0088e+02   8.3770e-03   9.1293e-02   3.4581e-03
   1.7999e-01   1.0569e+02   7.1081e-03   9.1682e-02   2.7265e-03
   1.8817e-01   1.1049e+02   6.1786e-03   9.2946e-02   2.2054e-03
   1.9635e-01   1.1530e+02   5.3956e-03   9.4654e-02   1.8656e-03
   2.0453e-01   1.2010e+02   4.6173e-03   9.6497e-02   1.6529e-03
   2.1271e-01   1.2490e+02   3.7525e-03   9.8317e-02   1.5046e-03
   2.2089e-01   1.2971e+02   2.8299e-03   1.0003e-01   1.3866e-03
   2.2907e-01   1.3451e+02   2.0168e-03   1.0159e-01   1.2637e-03
   2.3726e-01   1.3932e+02   1.4815e-03   1.0307e-01   1.1209e-03
   2.4544e-01   1.4412e+02   1.2507e-03   1.0453e-01   9.6795e-04
   2.5362e-01   1.4892e+02   1.2058e-03   1.0595e-01   8.1619e-04
   2.6180e-01   1.5373e+02   1.2434e-03   1.0724e-01   6.4114e-04
   2.6998e-01   1.5853e+02   1.3870e-03   1.0822e-01   4.2033e-04
   2.7816e-01   1.6334e+02   1.6719e-03   1.0864e-01   1.8948e-04
   2.8634e-01   1.6814e+02   2.0573e-03   1.0818e-01   2.9329e-05
   2.9452e-01   1.7294e+02   2.4584e-03   1.0671e-01  -6.3807e-07
   3.0271e-01   1.7775e+02   2.7647e-03   1.0429e-01   6.2544e-05
   3.1089e-01   1.8255e+02   2.8777e-03   1.0117e-01   1.3735e-04
   3.1907e-01   1.8735e+02   2.7835e-03   9.7673e-02   1.7099e-04
   3.2725e-01   1.9216e+02   2.5652e-03   9.4124e-02   1.6860e-04
   3.3543e-01   1.9696e+02   2.3554e-03   9.0760e-02   1.5586e-04
   3.4361e-01   2.0177e+02   2.2928e-03   8.7659e-02   1.3248e-04
   3.5179e-01   2.0657e+02   2.4584e-03   8.4824e-02   9.7902e-05
   3.5997e-01   2.1137e+02   2.7722e-03   8.2353e-02   6.3267e-05
   3.6816e-01   2.1618e+02   3.0276e-03   8.0427e-02   2.6493e-05
   3.7634e-01   2.2098e+02   3.0445e-03   7.9128e-02  -4.2306e-05
   3.8452e-01   2.2579e+02   2.7763e-03   7.8363e-02  -1.4886e-04
   3.9270e-01   2.3059e+02   2.3256e-03   7.7927e-02  -2.5630e-04
   4.0088e-01   2.3539e+02   1.8362e-03   7.7635e-02  -3.2842e-04
   4.0906e-01   2.4020e+02   1.4208e-03   7.7397e-02  -3.8039e-04
   4.1724e-01   2.4500e+02   1.1683e-03   7.7114e-02  -4.5649e-04
   4.2542e-01   2.4981e+02   1.1137e-03   7.6584e-02  -5.8194e-04
   4.3361e-01   2.5461e+02   1.2414e-03   7.5459e-02  -7.3060e-04
   4.4179e-01   2.5941e+02   1.5259e-03   7.3355e-02  -8.1350e-04
   4.4997e-01   2.6422e+02   1.9637e-03   6.9996e-02  -7.3795e-04
   4.5815e-01   2.6902e+02   2.5393e-03   6.5398e-02  -4.8966e-04
   4.6633e-01   2.7383e+02   3.1753e-03   5.9907e-02  -1.4540e-04
   4.7451e-01   2.7863e+02   3.7497e-03   5.4013e-02   1.9289e-04
   4.8269e-01   2.8343e+02   4.1566e-03   4.8104e-02   4.9050e-04
   4.9087e-01   2.8824e+02   4.3505e-03   4.2449e-02   7.7818e-04
   4.9906e-01   2.9304e+02   4.3719e-03   3.7298e-02   1.0631e-03
   5.0724e-01   2.9785e+02   4.3142e-03   3.2904e-02   1.2930e-03
   5.1542e-01   3.0265e+02   4.2205e-03   2.9427e-02   1.4229e-03
   5.2360e-01   3.0745e+02   4.0754e-03   2.6843e-02   1.4454e-03
   5.3178e-01   3.1226e+02   3.8724e-03   2.4991e-02   1.3751e-03
   5.3996e-01   3.1706e+02   3.5993e-03   2.3800e-02   1.2210e-03
   5.4814e-01   3.2187e+02   3.2192e-03   2.3318e-02   1.0184e-03
   5.5632e-01   3.2667e+02   2.7132e-03   2.3585e-02   8.2029e-04
   5.6450e-01   3.3147e+02   2.0968e-03   2.4532e-02   6.7114e-04
   5.7269e-01   3.3628e+02   1.4216e-03   2.5965e-02   5.7929e-04
   5.8087e-01   3.4108e+02   8.1263e-04   2.7669e-02   5.3327e-04
   5.8905e-01   3.4589e+02   4.5615e-04   2.9333e-02   5.2828e-04
   5.9723e-01   3.5069e+02   4.7600e-04   3.0658e-02   5.7578e-04
   6.0541e-01   3.5549e+02   8.7321e-04   3.1534e-02   6.9946e-04
   6.1359e-01   3.6030e+02   1.5592e-03   3.2055e-02   9.2043e-04
   6.2177e-01   3.6510e+02   2.3853e-03   3.2367e-02   1.2150e-03
   6.2995e-01   3.6991e+02   3.1748e-03   3.2564e-02   1.5011e-03
   6.3814e-01   3.7471e+02   3.7721e-03   3.2777e-02   1.6967e-03
   6.4632e-01   3.7951e+02   4.0730e-03   3.3182e-02   1.7644e-03
   6.5450e-01   3.8432e+02   4.0342e-03   3.3924e-02   1.7171e-03
   6.6268e-01   3.8912e+02   3.6441e-03   3.4966e-02   1.6121e-03
   6.7086e-01   3.9393e+02   2.9296e-03   3.6074e-02   1.5040e-03
   6.7904e-01   3.9873e+02   2.0102e-03   3.7023e-02   1.3954e-03
   6.8722e-01   4.0353e+02   1.0848e-03   3.7785e-02   1.2605e-03
   6.9540e-01   4.0834e+02   3.3174e-04   3.8486e-02   1.0779e-03
   7.0359e-01   4.1314e+02  -1.7717e-04   3.9273e-02   8.6592e-04
   7.1177e-01   4.1795e+02  -4.5296e-04   4.0216e-02   6.5563e-04
   7.1995e-01   4.2275e+02  -5.1593e-04   4.1303e-02   4.6468e-04
   7.2813e-01   4.2755e+02  -3.9409e-04   4.2524e-02   2.8590e-04
   7.3631e-01   4.3236e+02  -1.4917e-04   4.3946e-02   1.1269e-04
   7.4449e-01   4.3716e+02   1.3251e-04   4.5611e-02  -6.6599e-05
   7.5267e-01   4.4197e+02   3.6003e-04   4.7391e-02  -2.5659e-04
   7.6085e-01   4.4677e+02   4.6459e-04   4.9030e-02  -4.4812e-04
   7.6904e-01   4.5157e+02   4.4482e-04   5.0328e-02  -6.2691e-04
   7.7722e-01   4.5638e+02   3.2861e-04   5.1276e-02  -8.0965e-04
   7.8540e-01   4.6118e+02   1.4303e-04   5.1914e-02  -9.9337e-04
   7.9358e-01   4.6599e+02  -7.5164e-05   5.2172e-02  -1.1366e-03
   8.0176e-01   4.7079e+02  -2.7122e-04   5.1927e-02  -1.1801e-03
   8.0994e-01   4.7559e+02  -3.6477e-04   5.1225e-02  -1.0934e-03
   8.1812e-01   4.8040e+02  -2.8695e-04   5.0323e-02  -9.1875e-04
   8.2630e-01   4.8520e+02  -6.3308e-05   4.9573e-02  -7.6026e-04
   8.3449e-01   4.9001e+02   1.8153e-04   4.9233e-02  -7.1975e-04
   8.4267e-01   4.9481e+02   2.8917e-04   4.9285e-02  -8.2646e-04
   8.5085e-01   4.9961e+02   1.3127e-04   4.9445e-02  -1.0045e-03
   8.5903e-01   5.0442e+02  -3.1635e-04   4.9358e-02  -1.1332e-03
   8.6721e-01   5.0922e+02  -9.5119e-04   4.8708e-02  -1.1123e-03
   8.7539e-01   5.1403e+02  -1.6022e-03   4.7382e-02  -9.0834e-04
   8.8357e-01   5.1883e+02  -2.1085e-03   4.5561e-02  -5.8037e-04
   8.9175e-01   5.2363e+02  -2.3786e-03   4.3603e-02  -2.5033e-04
   8.9994e-01   5.2844e+02  -2.4242e-03   4.1836e-02  -3.8561e-06
   9.0812e-01   5.3324e+02  -2.2924e-03   4.0422e-02   1.5534e-04
   9.1630e-01   5.3805e+02  -2.0073e-03   3.9380e-02   2.6339e-04
   9.2448e-01   5.4285e+02  -1.6021e-03   3.8740e-02   3.3416e-04
   9.3266e-01   5.4765e+02  -1.1383e-03   3.8563e-02   3.4929e-04
   9.4084e-01   5.5246e+02  -6.9104e-04   3.8780e-02   2.8345e-04
   9.4902e-01   5.5726e+02  -3.0531e-04   3.9081e-02   1.2111e-04
   9.5720e-01   5.6206e+02   1.9528e-05   3.9100e-02  -1.2104e-04
   9.6539e-01   5.6687e+02   2.8178e-04   3.8605e-02  -4.1371e-04
   9.7357e-01   5.7167e+02   4.3704e-04   3.7611e-02  -7.1785e-04
   9.8175e-01   5.7648e+02   4.6021e-04   3.6321e-02  -9.6645e-04
   9.8993e-01   5.8128e+02   4.1213e-04   3.4875e-02  -1.0840e-03
   9.9811e-01   5.8608e+02   3.8790e-04   3.3271e-02  -1.0503e-03
   1.0063e+00   5.9089e+02   3.9098e-04   3.1541e-02  -9.2983e-04
   1.0145e+00   5.9569e+02   3.1612e-04   2.9812e-02  -7.9900e-04
   1.0227e+00   6.0050e+02   9.1072e-05   2.8238e-02  -6.7906e-04
   1.0308e+00   6.0530e+02  -2.1330e-04   2.6982e-02  -5.5192e-04
   1.0390e+00   6.1010e+02  -4.2002e-04   2.6200e-02  -4.1245e-04
   1.0472e+00   6.1491e+02  -3.6374e-04   2.5949e-02  -2.8626e-04
   1.0554e+00   6.1971e+02  -1.8349e-07   2.6095e-02  -2.1614e-04
   1.0636e+00   6.2452e+02   5.6606e-04   2.6378e-02  -1.9608e-04
   1.0717e+00   6.2932e+02   1.1435e-03   2.6607e-02  -1.7609e-04
   1.0799e+00   6.3412e+02   1.5615e-03   2.6840e-02  -1.2328e-04
   1.0881e+00   6.3893e+02   1.7580e-03   2.7187e-02  -5.6604e-05
   1.0963e+00   6.4373e+02   1.7656e-03   2.7611e-02  -5.3130e-06
   1.1045e+00   6.4854e+02   1.6149e-03   2.8007e-02   1.0343e-05
   1.1126e+00   6.5334e+02   1.3117e-03   2.8400e-02  -2.3644e-05
   1.1208e+00   6.5814e+02   8.7354e-04   2.8850e-02  -1.1797e-04
   1.1290e+00   6.6295e+02   3.5382e-04   2.9409e-02  -2.6532e-04
   1.1372e+00   6.6775e+02  -1.3393e-04   3.0116e-02  -4.3689e-04
   1.1454e+00   6.7256e+02  -4.6810e-04   3.0956e-02  -5.9579e-04
   1.1536e+00   6.7736e+02  -6.1380e-04   3.1924e-02  -7.3414e-04
   1.1617e+00   6.8216e+02  -6.4096e-04   3.3041e-02  -8.6356e-04
   1.1699e+00   6.8697e+02  -6.5834e-04   3.4211e-02  -1.0007e-03
   1.1781e+00   6.9177e+02  -7.2365e-04   3.5162e-02  -1.1439e-03
   1.1863e+00   6.9658e+02  -8.2038e-04   3.5573e-02  -1.2618e-03
   1.1945e+00   7.0138e+02  -9.1068e-04   3.5216e-02  -1.3152e-03
   1.2026e+00   7.0618e+02  -9.8342e-04   3.3939e-02  -1.2659e-03
   1.2108e+00   7.1099e+02  -1.0501e-03   3.1728e-02  -1.0684e-03
   1.2190e+00   7.1579e+02  -1.1084e-03   2.8811e-02  -7.3153e-04
   1.2272e+00   7.2060e+02  -1.1694e-03   2.5709e-02  -3.4270e-04
   1.2354e+00   7.2540e+02  -1.2747e-03   2.3006e-02   4.0344e-06
   1.2435e+00   7.3020e+02  -1.4153e-03   2.1126e-02   2.4749e-04
   1.2517e+00   7.3501e+02  -1.4876e-03   2.0293e-02   3.7118e-04
   1.2599e+00   7.3981e+02  -1.3868e-03   2.0540e-02   4.0292e-04
   1.2681e+00   7.4462e+02  -1.1094e-03   2.1646e-02   4.0139e-04
   1.2763e+00   7.4942e+02  -7.6007e-04   2.3211e-02   4.0128e-04
   1.2845e+00   7.5422e+02  -4.6590e-04   2.4830e-02   4.1205e-04
   1.2926e+00   7.5903e+02  -2.7859e-04   2.6172e-02   4.4890e-04
   1.3008e+00   7.6383e+02  -1.6441e-04   2.7027e-02   5.2641e-04
   1.3090e+00   7.6864e+02  -5.6317e-05   2.7386e-02   6.4719e-04
   1.3172e+00   7.7344e+02   8.4671e-05   2.7400e-02   7.8395e-04
   1.3254e+00   7.7824e+02   2.4559e-04   2.7234e-02   8.9852e-04
   1.3335e+00   7.8305e+02   3.7014e-04   2.7114e-02   9.7999e-04
   1.3417e+00   7.8785e+02   4.1268e-04   2.7319e-02   1.0441e-03
   1.3499e+00   7.9266e+02   3.9492e-04   2.8059e-02   1.1037e-03
   1.3581e+00   7.9746e+02   3.3867e-04   2.9343e-02   1.1302e-03
   1.3663e+00   8.0226e+02   2.0105e-04   3.1028e-02   1.0580e-03
   1.3744e+00   8.0707e+02  -4.0916e-05   3.2992e-02   8.4482e-04
   1.3826e+00   8.1187e+02  -2.9960e-04   3.5151e-02   5.1930e-04
   1.3908e+00   8.1668e+02  -4.5017e-04   3.7371e-02   1.5522e-04
   1.3990e+00   8.2148e+02  -4.8614e-04   3.9484e-02  -1.8993e-04
   1.4072e+00   8.2628e+02  -5.0034e-04   4.1356e-02  -5.1243e-04
   1.4154e+00   8.3109e+02  -5.4414e-04   4.2870e-02  -8.1024e-04
   1.4235e+00   8.3589e+02  -5.6373e-04   4.3911e-02  -1.0534e-03
   1.4317e+00   8.4070e+02  -4.5318e-04   4.4365e-02  -1.2010e-03
   1.4399e+00   8.4550e+02  -1.5187e-04   4.4119e-02  -1.2198e-03
   1.4481e+00   8.5030e+02   2.6813e-04   4.3211e-02  -1.1094e-03
   1.4563e+00   8.5511e+02   6.1974e-04   4.1940e-02  -9.1671e-04
   1.4644e+00   8.5991e+02   7.4729e-04   4.0704e-02  -7.0486e-04
   1.4726e+00   8.6472e+02   6.1270e-04   3.9753e-02  -5.0348e-04
   1.4808e+00   8.6952e+02   2.2424e-04   3.9085e-02  -3.0473e-04
   1.4890e+00   8.7432e+02  -3.8320e-04   3.8557e-02  -1.0967e-04
   1.4972e+00   8.7913e+02  -1.0749e-03   3.8004e-02   5.4901e-05
   1.5053e+00   8.8393e+02  -1.6032e-03   3.7263e-02   1.6125e-04
   1.5135e+00   8.8874e+02  -1.7284e-03   3.6182e-02   2.3170e-04
   1.5217e+00   8.9354e+02  -1.3811e-03   3.4698e-02   3.4079e-04
   1.5299e+00   8.9834e+02  -6.8241e-04   3.2920e-02   5.3951e-04
   1.5381e+00   9.0315e+02   1.7444e-04   3.1132e-02   7.8285e-04
   1.5463e+00   9.0795e+02   1.0052e-03   2.9685e-02   9.7954e-04
   1.5544e+00   9.1276e+02   1.6665e-03   2.8816e-02   1.0435e-03
   1.5626e+00   9.1756e+02   2.1071e-03   2.8572e-02   9.3572e-04
   1.5708e+00   9.2236e+02   2.3467e-03   2.8797e-02   6.8622e-04
   1.5790e+00   9.2717e+02   2.4019e-03   2.9250e-02   3.6362e-04
   1.5872e+00   9.3197e+02   2.2739e-03   2.9710e-02   3.1890e-05
   1.5953e+00   9.3677e+02   1.9668e-03   3.0042e-02  -2.6546e-04
   1.6035e+00   9.4158e+02   1.5121e-03   3.0259e-02  -5.2025e-04
   1.6117e+00   9.4638e+02   9.4639e-04   3.0567e-02  -7.4074e-04
   1.6199e+00   9.5119e+02   2.9473e-04   3.1199e-02  -9.1362e-04
   1.6281e+00   9.5599e+02  -3.9720e-04   3.2130e-02  -1.0214e-03
   1.6362e+00   9.6079e+02  -1.0572e-03   3.3135e-02  -1.0567e-03
   1.6444e+00   9.6560e+02  -1.6161e-03   3.3886e-02  -1.0031e-03
   1.6526e+00   9.7040e+02  -2.0334e-03   3.4099e-02  -8.4411e-04
   1.6608e+00   9.7521e+02  -2.2869e-03   3.3698e-02  -5.9581e-04
   1.6690e+00   9.8001e+02  -2.3604e-03   3.2843e-02  -3.0655e-04
   1.6772e+00   9.8481e+02  -2.2467e-03   3.1765e-02  -1.0161e-05
   1.6853e+00   9.8962e+02  -1.9580e-03   3.0708e-02   2.8090e-04
   1.6935e+00   9.9442e+02  -1.5593e-03   2.9930e-02   5.3610e-04
   1.7017e+00   9.9923e+02  -1.1720e-03   2.9679e-02   6.7729e-04
   1.7099e+00   1.0040e+03  -9.0432e-04   3.0105e-02   6.3229e-04
   1.7181e+00   1.0088e+03  -7.8780e-04   3.1190e-02   3.8901e-04
   1.7262e+00   1.0136e+03  -7.9192e-04   3.2707e-02  -8.4989e-06
   1.7344e+00   1.0184e+03  -8.6362e-04   3.4369e-02  -4.9107e-04
   1.7426e+00   1.0232e+03  -9.6271e-04   3.5937e-02  -9.8085e-04
   1.7508e+00   1.0281e+03  -1.0929e-03   3.7292e-02  -1.3870e-03
   1.7590e+00   1.0329e+03  -1.2737e-03   3.8364e-02  -1.6486e-03
   1.7671e+00   1.0377e+03  -1.4425e-03   3.9020e-02  -1.7578e-03
   1.7753e+00   1.0425e+03  -1.4675e-03   3.9083e-02  -1.7310e-03
   1.7835e+00   1.0473e+03  -1.2664e-03   3.8452e-02  -1.5615e-03
   1.7917e+00   1.0521e+03  -8.9326e-04   3.7275e-02  -1.2403e-03
   1.7999e+00   1.0569e+03  -5.0205e-04   3.5962e-02  -8.0806e-04
   1.8081e+00   1.0617e+03  -2.4750e-04   3.4972e-02  -3.6658e-04
   1.8162e+00   1.0665e+03  -2.1011e-04   3.4537e-02  -3.4368e-05
   1.8244e+00   1.0713e+03  -3.8524e-04   3.4625e-02   1.2018e-04
   1.8326e+00   1.0761e+03  -7.2317e-04   3.5053e-02   9.9662e-05
   1.8408e+00   1.0809e+03  -1.1603e-03   3.5595e-02  -3.9956e-05
   1.8490e+00   1.0857e+03  -1.5843e-03   3.5979e-02  -2.2214e-04
   1.8571e+00   1.0905e+03  -1.8450e-03   3.6026e-02  -3.8535e-04
   1.8653e+00   1.0953e+03  -1.8766e-03   3.5792e-02  -4.8137e-04
   1.8735e+00   1.1001e+03  -1.7421e-03   3.5541e-02  -4.9006e-04
   1.8817e+00   1.1049e+03  -1.5473e-03   3.5506e-02  -4.3846e-04
   1.8899e+00   1.1097e+03  -1.3152e-03   3.5754e-02  -3.8851e-04
   1.8980e+00   1.1145e+03  -1.0031e-03   3.6219e-02  -3.9618e-04
   1.9062e+00   1.1193e+03  -6.0052e-04   3.6759e-02  -4.5553e-04
   1.9144e+00   1.1241e+03  -1.2456e-04   3.7199e-02  -4.9922e-04
   1.9226e+00   1.1289e+03   3.9112e-04   3.7399e-02  -4.7200e-04
   1.9308e+00   1.1337e+03   8.4512e-04   3.7352e-02  -3.7942e-04
   1.9390e+00   1.1385e+03   1.1028e-03   3.7207e-02  -2.6812e-04
   1.9471e+00   1.1433e+03   1.1017e-03   3.7096e-02  -1.7807e-04
   1.9553e+00   1.1481e+03   8.8290e-04   3.7010e-02  -1.1852e-04
   1.9635e+00   1.1530e+03   5.7339e-04   3.6860e-02  -8.5782e-05
   1.9717e+00   1.1578e+03   3.3260e-04   3.6513e-02  -6.0571e-05
   1.9799e+00   1.1626e+03   2.6381e-04   3.5828e-02   9.4700e-06
   1.9880e+00   1.1674e+03   3.5164e-04   3.4753e-02   1.7784e-04
   1.9962e+00   1.1722e+03   5.0304e-04   3.3442e-02   4.4568e-04
   2.0044e+00   1.1770e+03   6.3707e-04   3.2139e-02   7.5887e-04
   2.0126e+00   1.1818e+03   7.6831e-04   3.0998e-02   1.0524e-03
   2.0208e+00   1.1866e+03   9.8173e-04   2.9944e-02   1.2996e-03
   2.0289e+00   1.1914e+03   1.3022e-03   2.8848e-02   1.4973e-03
   2.0371e+00   1.1962e+03   1.6303e-03   2.7711e-02   1.6447e-03
   2.0453e+00   1.2010e+03   1.7984e-03   2.6706e-02   1.7535e-03
   2.0535e+00   1.2058e+03   1.6810e-03   2.6013e-02   1.8230e-03
   2.0617e+00   1.2106e+03   1.2651e-03   2.5775e-02   1.8084e-03
   2.0699e+00   1.2154e+03   6.4289e-04   2.5975e-02   1.6809e-03
   2.0780e+00   1.2202e+03  -2.8325e-06   2.6431e-02   1.4820e-03
   2.0862e+00   1.2250e+03  -4.4525e-04   2.6887e-02   1.2830e-03
   2.0944e+00   1.2298e+03  -5.2687e-04   2.7212e-02   1.1190e-03
   2.1026e+00   1.2346e+03  -2.7436e-04   2.7402e-02   9.8721e-04
   2.1108e+00   1.2394e+03   1.4626e-04   2.7541e-02   8.7693e-04
   2.1189e+00   1.2442e+03   5.7865e-04   2.7654e-02   7.9844e-04
   2.1271e+00   1.2490e+03   9.6956e-04   2.7631e-02   7.9260e-04
   2.1353e+00   1.2538e+03   1.3471e-03   2.7334e-02   8.8297e-04
   2.1435e+00   1.2586e+03   1.7231e-03   2.6865e-02   1.0107e-03
   2.1517e+00   1.2634e+03   2.0269e-03   2.6581e-02   1.0697e-03
   2.1598e+00   1.2682e+03   2.1763e-03   2.6860e-02   1.0134e-03
   2.1680e+00   1.2731e+03   2.1827e-03   2.7805e-02   8.7182e-04
   2.1762e+00   1.2779e+03   2.1470e-03   2.9200e-02   6.9229e-04
   2.1844e+00   1.2827e+03   2.1673e-03   3.0696e-02   5.0212e-04
   2.1926e+00   1.2875e+03   2.2377e-03   3.2016e-02   3.3125e-04
   2.2008e+00   1.2923e+03   2.2473e-03   3.3098e-02   1.9532e-04
   2.2089e+00   1.2971e+03   2.0971e-03   3.4097e-02   7.4334e-05
   2.2171e+00   1.3019e+03   1.7895e-03   3.5203e-02  -9.4636e-05
   2.2253e+00   1.3067e+03   1.3888e-03   3.6395e-02  -3.5709e-04
   2.2335e+00   1.3115e+03   9.5608e-04   3.7488e-02  -6.6691e-04
   2.2417e+00   1.3163e+03   5.2196e-04   3.8353e-02  -8.8638e-04
   2.2498e+00   1.3211e+03   1.0414e-04   3.8924e-02  -8.8909e-04
   2.2580e+00   1.3259e+03  -2.7816e-04   3.9129e-02  -6.7971e-04
   2.2662e+00   1.3307e+03  -6.0446e-04   3.8959e-02  -3.8933e-04
   2.2744e+00   1.3355e+03  -8.6606e-04   3.8665e-02  -1.6586e-04
   2.2826e+00   1.3403e+03  -1.0667e-03   3.8681e-02  -9.6049e-05
   2.2907e+00   1.3451e+03  -1.1786e-03   3.9283e-02  -1.7890e-04
   2.2989e+00   1.3499e+03  -1.1635e-03   4.0369e-02  -3.6811e-04
   2.3071e+00   1.3547e+03  -1.0565e-03   4.1563e-02  -6.0362e-04
   2.3153e+00   1.3595e+03  -9.4730e-04   4.2456e-02  -8.1848e-04
   2.3235e+00   1.3643e+03  -8.5390e-04   4.2861e-02  -9.4649e-04
   2.3317e+00   1.3691e+03  -7.1250e-04   4.2876e-02  -9.8453e-04
   2.3398e+00   1.3739e+03  -4.8999e-04   4.2784e-02  -9.8063e-04
   2.3480e+00   1.3787e+03  -2.3498e-04   4.2829e-02  -9.7960e-04
   2.3562e+00   1.3835e+03   5.4535e-07   4.3120e-02  -9.8468e-04
   2.3644e+00   1.3883e+03   2.1883e-04   4.3592e-02  -9.4344e-04
   2.3726e+00   1.3932e+03   4.1940e-04   4.4083e-02  -7.9628e-04
   2.3807e+00   1.3980e+03   5.1659e-04   4.4481e-02  -5.3894e-04
   2.3889e+00   1.4028e+03   4.2478e-04   4.4842e-02  -2.3155e-04
   2.3971e+00   1.4076e+03   1.8997e-04   4.5254e-02   6.1091e-05
   2.4053e+00   1.4124e+03  -6.4844e-05   4.5748e-02   2.7920e-04
   2.4135e+00   1.4172e+03  -2.4590e-04   4.6289e-02   3.6963e-04
   2.4216e+00   1.4220e+03  -3.1253e-04   4.6832e-02   3.1990e-04
   2.4298e+00   1.4268e+03  -2.4915e-04   4.7317e-02   1.9056e-04
   2.4380e+00   1.4316e+03  -3.3419e-05   4.7663e-02   9.1718e-05
   2.4462e+00   1.4364e+03   3.4623e-04   4.7829e-02   7.4238e-05
   2.4544e+00   1.4412e+03   8.2131e-04   4.7874e-02   1.0087e-04
   2.4626e+00   1.4460e+03   1.2676e-03   4.7893e-02   9.0562e-05
   2.4707e+00   1.4508e+03   1.6298e-03   4.7872e-02  -1.8887e-05
   2.4789e+00   1.4556e+03   1.9676e-03   4.7695e-02  -2.2031e-04
   2.4871e+00   1.4604e+03   2.3765e-03   4.7318e-02  -4.4708e-04
   2.4953e+00   1.4652e+03   2.8703e-03   4.6833e-02  -6.3043e-04
   2.5035e+00   1.4700e+03   3.3521e-03   4.6439e-02  -7.2311e-04
   2.5116e+00   1.4748e+03   3.6753e-03   4.6391e-02  -6.8909e-04
   2.5198e+00   1.4796e+03   3.7178e-03   4.6961e-02  -5.1995e-04
   2.5280e+00   1.4844e+03   3.4145e-03   4.8283e-02  -2.6517e-04
   2.5362e+00   1.4892e+03   2.7711e-03   5.0308e-02  -2.5567e-05
   2.5444e+00   1.4940e+03   1.8631e-03   5.2916e-02   1.2009e-04
   2.5525e+00   1.4988e+03   8.4225e-04   5.5962e-02   1.4893e-04
   2.5607e+00   1.5036e+03  -8.5910e-05   5.9232e-02   7.0527e-05
   2.5689e+00   1.5084e+03  -7.1847e-04   6.2385e-02  -9.2361e-05
   2.5771e+00   1.5133e+03  -9.2390e-04   6.4979e-02  -2.9588e-04
   2.5853e+00   1.5181e+03  -7.0736e-04   6.6628e-02  -4.8712e-04
   2.5935e+00   1.5229e+03  -2.1124e-04   6.7133e-02  -6.1442e-04
   2.6016e+00   1.5277e+03   3.7731e-04   6.6499e-02  -6.3005e-04
   2.6098e+00   1.5325e+03   9.4333e-04   6.4844e-02  -5.1572e-04
   2.6180e+00   1.5373e+03   1.4505e-03   6.2375e-02  -2.9766e-04
   2.6262e+00   1.5421e+03   1.9000e-03   5.9435e-02  -4.2429e-05
   2.6344e+00   1.5469e+03   2.3342e-03   5.6467e-02   1.8708e-04
   2.6425e+00   1.5517e+03   2.7759e-03   5.3797e-02   3.5140e-04
   2.6507e+00   1.5565e+03   3.1733e-03   5.1509e-02   4.6640e-04
   2.6589e+00   1.5613e+03   3.4465e-03   4.9469e-02   5.7171e-04
   2.6671e+00   1.5661e+03   3.5664e-03   4.7535e-02   6.8511e-04
   2.6753e+00   1.5709e+03   3.5803e-03   4.5696e-02   7.8383e-04
   2.6834e+00   1.5757e+03   3.5106e-03   4.4143e-02   8.3389e-04
   2.6916e+00   1.5805e+03   3.2968e-03   4.3128e-02   8.0763e-04
   2.6998e+00   1.5853e+03   2.8958e-03   4.2862e-02   7.2881e-04
   2.7080e+00   1.5901e+03   2.3755e-03   4.3421e-02   6.6092e-04
   2.7162e+00   1.5949e+03   1.8487e-03   4.4724e-02   6.6228e-04
   2.7243e+00   1.5997e+03   1.3687e-03   4.6512e-02   7.4233e-04
   2.7325e+00   1.6045e+03   9.7833e-04   4.8443e-02   8.5843e-04
   2.7407e+00   1.6093e+03   7.6885e-04   5.0226e-02   9.3138e-04
   2.7489e+00   1.6141e+03   8.5352e-04   5.1828e-02   8.9162e-04
   2.7571e+00   1.6189e+03   1.2927e-03   5.3489e-02   7.3038e-04
   2.7653e+00   1.6237e+03   2.0239e-03   5.5630e-02   5.0676e-04
   2.7734e+00   1.6285e+03   2.8358e-03   5.8582e-02   2.9205e-04
   2.7816e+00   1.6334e+03   3.4977e-03   6.2375e-02   1.2077e-04
   2.7898e+00   1.6382e+03   3.9063e-03   6.6660e-02   1.1690e-06
   2.7980e+00   1.6430e+03   4.0922e-03   7.0917e-02  -6.7856e-05
   2.8062e+00   1.6478e+03   4.1390e-03   7.4747e-02  -8.4825e-05
   2.8143e+00   1.6526e+03   4.1058e-03   7.8090e-02  -7.4240e-05
   2.8225e+00   1.6574e+03   3.9821e-03   8.1144e-02  -1.1799e-04
   2.8307e+00   1.6622e+03   3.6980e-03   8.4209e-02  -2.9755e-04
   2.8389e+00   1.6670e+03   3.2238e-03   8.7453e-02  -6.1112e-04
   2.8471e+00   1.6718e+03   2.6429e-03   9.0812e-02  -9.5586e-04
   2.8552e+00   1.6766e+03   2.0774e-03   9.3962e-02  -1.2039e-03
   2.8634e+00   1.6814e+03   1.5962e-03   9.6547e-02  -1.2676e-03
   2.8716e+00   1.6862e+03   1.2433e-03   9.8325e-02  -1.1570e-03
   2.8798e+00   1.6910e+03   1.0739e-03   9.9176e-02  -9.3532e-04
   2.8880e+00   1.6958e+03   1.0970e-03   9.9105e-02  -6.3175e-04
   2.8962e+00   1.7006e+03   1.2675e-03   9.8245e-02  -2.1595e-04
   2.9043e+00   1.7054e+03   1.5712e-03   9.6746e-02   2.9449e-04
   2.9125e+00   1.7102e+03   2.0474e-03   9.4789e-02   8.0098e-04
   2.9207e+00   1.7150e+03   2.7002e-03   9.2581e-02   1.2117e-03
   2.9289e+00   1.7198e+03   3.4776e-03   9.0355e-02   1.5463e-03
   2.9371e+00   1.7246e+03   4.3367e-03   8.8231e-02   1.8924e-03
   2.9452e+00   1.7294e+03   5.2570e-03   8.6251e-02   2.3202e-03
   2.9534e+00   1.7342e+03   6.2218e-03   8.4480e-02   2.8848e-03
   2.9616e+00   1.7390e+03   7.2772e-03   8.3229e-02   3.6185e-03
   2.9698e+00   1.7438e+03   8.5900e-03   8.3015e-02   4.5061e-03
   2.9780e+00   1.7486e+03   1.0466e-02   8.4395e-02   5.5229e-03
   2.9861e+00   1.7535e+03   1.3287e-02   8.7676e-02   6.6445e-03
   2.9943e+00   1.7583e+03   1.7421e-02   9.2923e-02   7.8528e-03
   3.0025e+00   1.7631e+03   2.3191e-02   1.0008e-01   9.1592e-03
   3.0107e+00   1.7679e+03   3.0908e-02   1.0916e-01   1.0641e-02
   3.0189e+00   1.7727e+03   4.0830e-02   1.2023e-01   1.2367e-02
   3.0271e+00   1.7775e+03   5.3131e-02   1.3335e-01   1.4341e-02
   3.0352e+00   1.7823e+03   6.7824e-02   1.4859e-01   1.6474e-02
   3.0434e+00   1.7871e+03   8.4590e-02   1.6596e-01   1.8641e-02
   3.0516e+00   1.7919e+03   1.0247e-01   1.8539e-01   2.0684e-02
   3.0598e+00   1.7967e+03   1.1959e-01   2.0690e-01   2.2347e-02
   3.0680e+00   1.8015e+03   1.3295e-01   2.3046e-01   2.3165e-02
   3.0761e+00   1.8063e+03   1.3822e-01   2.5579e-01   2.2416e-02
   3.0843e+00   1.8111e+03   1.2965e-01   2.8182e-01   1.9014e-02
   3.0925e+00   1.8159e+03   1.0036e-01   3.0631e-01   1.1425e-02
   3.1007e+00   1.8207e+03   4.3713e-02   3.2469e-01  -2.3856e-03
   3.1089e+00   1.8255e+03  -4.3769e-02   3.2945e-01  -2.4540e-02
   3.1170e+00   1.8303e+03  -1.5723e-01   3.1164e-01  -5.5786e-02
   3.1252e+00   1.8351e+03  -2.7805e-01   2.6815e-01  -9.2569e-02
   3.1334e+00   1.8399e+03  -3.7352e-01   2.1437e-01  -1.2445e-01
