# The data in this file was extracted from a direct numerical
# simulation of fully developed plane turbulent channel
# flow. Particulars are listed below. Note that some of the statistical
# quantities provided in this data set should be zero due to
# (statistical) symmetries in the flow. These quantities are reported
# here none-the-less as an indicator of the quality of the statistics.
# more statistics from this data set are available at 
# http://www.tam.uiuc.edu/Faculty/Moser/channel 
#
# Authors: Moser, Kim & Mansour
# Reference: DNS of Turbulent Channel Flow up to Re_tau=590, 1999,
#            Physics of Fluids, vol 11, 943-945.
# Numerical Method: Kim, Moin & Moser, 1987, J. Fluid Mech. vol 177, 133-166 
# Re_tau = 587.19
# Normalization: U_tau, h 
# Description: Spanwise (z) Two-point cross correlations of velocity and pressure at indicated y-location 
# Filename: chan590/correlations/chan590.zccorr.19 
# Date File Created: Feb 29, 2000 
#
#---End of Header---
# 
# nz = 384,  Re = 587.19,  y = 0.03302,  y+ =  19.39
#      dz           dz+         R_uv         R_up         R_vp
#
   0.0000e+00   0.0000e+00  -7.4172e-01   4.8863e-01  -1.4232e-01
   8.1812e-03   4.8040e+00  -6.9785e-01   5.1081e-01  -1.3265e-01
   1.6362e-02   9.6079e+00  -5.7422e-01   5.5876e-01  -1.0879e-01
   2.4544e-02   1.4412e+01  -4.0077e-01   5.9332e-01  -7.8767e-02
   3.2725e-02   1.9216e+01  -2.1805e-01   5.9301e-01  -4.9171e-02
   4.0906e-02   2.4020e+01  -5.7157e-02   5.5710e-01  -2.3762e-02
   4.9087e-02   2.8824e+01   6.6876e-02   4.9597e-01  -3.9908e-03
   5.7269e-02   3.3628e+01   1.5165e-01   4.2260e-01   1.0108e-02
   6.5450e-02   3.8432e+01   2.0187e-01   3.4775e-01   1.9180e-02
   7.3631e-02   4.3236e+01   2.2497e-01   2.7837e-01   2.4220e-02
   8.1812e-02   4.8040e+01   2.2848e-01   2.1798e-01   2.6321e-02
   8.9994e-02   5.2844e+01   2.1886e-01   1.6771e-01   2.6466e-02
   9.8175e-02   5.7648e+01   2.0130e-01   1.2752e-01   2.5428e-02
   1.0636e-01   6.2452e+01   1.7973e-01   9.6542e-02   2.3739e-02
   1.1454e-01   6.7256e+01   1.5687e-01   7.3400e-02   2.1708e-02
   1.2272e-01   7.2060e+01   1.3460e-01   5.6620e-02   1.9516e-02
   1.3090e-01   7.6864e+01   1.1414e-01   4.5151e-02   1.7239e-02
   1.3908e-01   8.1668e+01   9.6177e-02   3.8260e-02   1.4891e-02
   1.4726e-01   8.6472e+01   8.0871e-02   3.5201e-02   1.2522e-02
   1.5544e-01   9.1275e+01   6.8170e-02   3.5057e-02   1.0208e-02
   1.6362e-01   9.6079e+01   5.7900e-02   3.6852e-02   7.9995e-03
   1.7181e-01   1.0088e+02   4.9783e-02   3.9860e-02   5.9874e-03
   1.7999e-01   1.0569e+02   4.3356e-02   4.3678e-02   4.3477e-03
   1.8817e-01   1.1049e+02   3.8101e-02   4.8000e-02   3.2117e-03
   1.9635e-01   1.1530e+02   3.3557e-02   5.2467e-02   2.5335e-03
   2.0453e-01   1.2010e+02   2.9456e-02   5.6822e-02   2.1354e-03
   2.1271e-01   1.2490e+02   2.5700e-02   6.1021e-02   1.8019e-03
   2.2089e-01   1.2971e+02   2.2357e-02   6.5120e-02   1.3843e-03
   2.2907e-01   1.3451e+02   1.9601e-02   6.9097e-02   8.7134e-04
   2.3726e-01   1.3932e+02   1.7614e-02   7.2895e-02   3.8324e-04
   2.4544e-01   1.4412e+02   1.6438e-02   7.6395e-02  -1.8968e-05
   2.5362e-01   1.4892e+02   1.5975e-02   7.9540e-02  -3.9191e-04
   2.6180e-01   1.5373e+02   1.5952e-02   8.2292e-02  -8.2564e-04
   2.6998e-01   1.5853e+02   1.6075e-02   8.4710e-02  -1.3210e-03
   2.7816e-01   1.6334e+02   1.6096e-02   8.6717e-02  -1.7834e-03
   2.8634e-01   1.6814e+02   1.5861e-02   8.8070e-02  -2.0801e-03
   2.9452e-01   1.7294e+02   1.5280e-02   8.8515e-02  -2.1185e-03
   3.0271e-01   1.7775e+02   1.4372e-02   8.8097e-02  -1.9378e-03
   3.1089e-01   1.8255e+02   1.3217e-02   8.7197e-02  -1.6992e-03
   3.1907e-01   1.8735e+02   1.1923e-02   8.6250e-02  -1.6007e-03
   3.2725e-01   1.9216e+02   1.0588e-02   8.5518e-02  -1.6951e-03
   3.3543e-01   1.9696e+02   9.3276e-03   8.5051e-02  -1.8793e-03
   3.4361e-01   2.0177e+02   8.2599e-03   8.4727e-02  -2.0273e-03
   3.5179e-01   2.0657e+02   7.5079e-03   8.4397e-02  -2.0803e-03
   3.5997e-01   2.1137e+02   7.1189e-03   8.4041e-02  -2.0501e-03
   3.6816e-01   2.1618e+02   7.0950e-03   8.3768e-02  -1.9919e-03
   3.7634e-01   2.2098e+02   7.3230e-03   8.3730e-02  -1.9791e-03
   3.8452e-01   2.2579e+02   7.6097e-03   8.4005e-02  -2.0325e-03
   3.9270e-01   2.3059e+02   7.7922e-03   8.4660e-02  -2.1187e-03
   4.0088e-01   2.3539e+02   7.9210e-03   8.5740e-02  -2.2339e-03
   4.0906e-01   2.4020e+02   8.2062e-03   8.7228e-02  -2.4328e-03
   4.1724e-01   2.4500e+02   8.7959e-03   8.9014e-02  -2.7564e-03
   4.2542e-01   2.4981e+02   9.6436e-03   9.0888e-02  -3.1041e-03
   4.3361e-01   2.5461e+02   1.0623e-02   9.2569e-02  -3.2757e-03
   4.4179e-01   2.5941e+02   1.1552e-02   9.3662e-02  -3.1258e-03
   4.4997e-01   2.6422e+02   1.2274e-02   9.3748e-02  -2.6699e-03
   4.5815e-01   2.6902e+02   1.2743e-02   9.2540e-02  -2.0651e-03
   4.6633e-01   2.7383e+02   1.3027e-02   8.9946e-02  -1.4791e-03
   4.7451e-01   2.7863e+02   1.3151e-02   8.5997e-02  -9.5888e-04
   4.8269e-01   2.8343e+02   1.3068e-02   8.0793e-02  -4.5521e-04
   4.9087e-01   2.8824e+02   1.2687e-02   7.4611e-02   1.0636e-04
   4.9906e-01   2.9304e+02   1.1985e-02   6.7947e-02   7.7573e-04
   5.0724e-01   2.9785e+02   1.1074e-02   6.1476e-02   1.5238e-03
   5.1542e-01   3.0265e+02   1.0140e-02   5.5855e-02   2.2453e-03
   5.2360e-01   3.0745e+02   9.2568e-03   5.1425e-02   2.8266e-03
   5.3178e-01   3.1226e+02   8.3914e-03   4.8027e-02   3.2040e-03
   5.3996e-01   3.1706e+02   7.4482e-03   4.5369e-02   3.3652e-03
   5.4814e-01   3.2187e+02   6.3577e-03   4.3340e-02   3.3535e-03
   5.5632e-01   3.2667e+02   5.1222e-03   4.1984e-02   3.2103e-03
   5.6450e-01   3.3147e+02   3.8690e-03   4.1334e-02   2.9174e-03
   5.7269e-01   3.3628e+02   2.7848e-03   4.1396e-02   2.4422e-03
   5.8087e-01   3.4108e+02   2.0786e-03   4.2039e-02   1.8408e-03
   5.8905e-01   3.4589e+02   1.8868e-03   4.2872e-02   1.2600e-03
   5.9723e-01   3.5069e+02   2.2372e-03   4.3383e-02   8.5224e-04
   6.0541e-01   3.5549e+02   3.0505e-03   4.3254e-02   6.8994e-04
   6.1359e-01   3.6030e+02   4.2004e-03   4.2527e-02   7.7582e-04
   6.2177e-01   3.6510e+02   5.5078e-03   4.1598e-02   1.0525e-03
   6.2995e-01   3.6991e+02   6.8009e-03   4.0922e-02   1.4246e-03
   6.3814e-01   3.7471e+02   7.8943e-03   4.0875e-02   1.7902e-03
   6.4632e-01   3.7951e+02   8.6322e-03   4.1617e-02   2.0392e-03
   6.5450e-01   3.8432e+02   8.8873e-03   4.3054e-02   2.1042e-03
   6.6268e-01   3.8912e+02   8.5946e-03   4.4935e-02   1.9927e-03
   6.7086e-01   3.9393e+02   7.7562e-03   4.6957e-02   1.7976e-03
   6.7904e-01   3.9873e+02   6.5250e-03   4.8873e-02   1.6027e-03
   6.8722e-01   4.0353e+02   5.1372e-03   5.0538e-02   1.3994e-03
   6.9540e-01   4.0834e+02   3.8136e-03   5.1879e-02   1.0990e-03
   7.0359e-01   4.1314e+02   2.7373e-03   5.2962e-02   6.4490e-04
   7.1177e-01   4.1795e+02   2.0909e-03   5.3881e-02   4.3059e-05
   7.1995e-01   4.2275e+02   1.9650e-03   5.4720e-02  -6.3689e-04
   7.2813e-01   4.2755e+02   2.2930e-03   5.5579e-02  -1.3142e-03
   7.3631e-01   4.3236e+02   2.8277e-03   5.6617e-02  -1.9047e-03
   7.4449e-01   4.3716e+02   3.3066e-03   5.7934e-02  -2.3456e-03
   7.5267e-01   4.4197e+02   3.5317e-03   5.9456e-02  -2.6334e-03
   7.6085e-01   4.4677e+02   3.4217e-03   6.0915e-02  -2.8377e-03
   7.6904e-01   4.5157e+02   3.0200e-03   6.2025e-02  -3.0349e-03
   7.7722e-01   4.5638e+02   2.4672e-03   6.2616e-02  -3.2515e-03
   7.8540e-01   4.6118e+02   1.9078e-03   6.2753e-02  -3.4206e-03
   7.9358e-01   4.6599e+02   1.4197e-03   6.2484e-02  -3.4150e-03
   8.0176e-01   4.7079e+02   9.6852e-04   6.1815e-02  -3.1410e-03
   8.0994e-01   4.7559e+02   5.2691e-04   6.0783e-02  -2.6345e-03
   8.1812e-01   4.8040e+02   6.4063e-05   5.9583e-02  -2.0390e-03
   8.2630e-01   4.8520e+02  -4.9373e-04   5.8498e-02  -1.5424e-03
   8.3449e-01   4.9001e+02  -1.2599e-03   5.7769e-02  -1.3104e-03
   8.4267e-01   4.9481e+02  -2.2712e-03   5.7539e-02  -1.4173e-03
   8.5085e-01   4.9961e+02  -3.4544e-03   5.7755e-02  -1.7917e-03
   8.5903e-01   5.0442e+02  -4.6376e-03   5.8204e-02  -2.2489e-03
   8.6721e-01   5.0922e+02  -5.6641e-03   5.8504e-02  -2.6125e-03
   8.7539e-01   5.1403e+02  -6.4471e-03   5.8342e-02  -2.7700e-03
   8.8357e-01   5.1883e+02  -6.9887e-03   5.7633e-02  -2.6585e-03
   8.9175e-01   5.2363e+02  -7.2994e-03   5.6619e-02  -2.2612e-03
   8.9994e-01   5.2844e+02  -7.3679e-03   5.5703e-02  -1.6482e-03
   9.0812e-01   5.3324e+02  -7.1459e-03   5.5177e-02  -9.6219e-04
   9.1630e-01   5.3805e+02  -6.6005e-03   5.5119e-02  -3.4597e-04
   9.2448e-01   5.4285e+02  -5.7338e-03   5.5520e-02   9.8718e-05
   9.3266e-01   5.4765e+02  -4.6668e-03   5.6310e-02   3.3278e-04
   9.4084e-01   5.5246e+02  -3.5489e-03   5.7216e-02   3.3745e-04
   9.4902e-01   5.5726e+02  -2.4483e-03   5.7779e-02   1.1406e-04
   9.5720e-01   5.6206e+02  -1.3096e-03   5.7607e-02  -2.6985e-04
   9.6539e-01   5.6687e+02  -1.2688e-04   5.6525e-02  -7.3283e-04
   9.7357e-01   5.7167e+02   9.5851e-04   5.4659e-02  -1.2425e-03
   9.8175e-01   5.7648e+02   1.7343e-03   5.2430e-02  -1.7666e-03
   9.8993e-01   5.8128e+02   2.0938e-03   5.0331e-02  -2.1923e-03
   9.9811e-01   5.8608e+02   2.0190e-03   4.8647e-02  -2.3982e-03
   1.0063e+00   5.9089e+02   1.5786e-03   4.7387e-02  -2.3887e-03
   1.0145e+00   5.9569e+02   9.3187e-04   4.6388e-02  -2.2601e-03
   1.0227e+00   6.0050e+02   3.2090e-04   4.5527e-02  -2.0881e-03
   1.0308e+00   6.0530e+02  -6.4310e-05   4.4724e-02  -1.8697e-03
   1.0390e+00   6.1010e+02  -1.2030e-04   4.3880e-02  -1.6020e-03
   1.0472e+00   6.1491e+02   1.7017e-04   4.2895e-02  -1.3374e-03
   1.0554e+00   6.1971e+02   7.3180e-04   4.1715e-02  -1.1206e-03
   1.0636e+00   6.2452e+02   1.3412e-03   4.0390e-02  -9.4359e-04
   1.0717e+00   6.2932e+02   1.7896e-03   3.9066e-02  -7.8121e-04
   1.0799e+00   6.3412e+02   2.0341e-03   3.7952e-02  -6.1825e-04
   1.0881e+00   6.3893e+02   2.1787e-03   3.7126e-02  -4.3372e-04
   1.0963e+00   6.4373e+02   2.2401e-03   3.6606e-02  -1.9336e-04
   1.1045e+00   6.4854e+02   2.0940e-03   3.6484e-02   1.0920e-04
   1.1126e+00   6.5334e+02   1.6344e-03   3.6942e-02   3.9413e-04
   1.1208e+00   6.5814e+02   8.9475e-04   3.8052e-02   5.4794e-04
   1.1290e+00   6.6295e+02   8.3441e-06   3.9789e-02   4.9333e-04
   1.1372e+00   6.6775e+02  -7.6056e-04   4.2026e-02   2.3958e-04
   1.1454e+00   6.7256e+02  -1.1854e-03   4.4467e-02  -1.6852e-04
   1.1536e+00   6.7736e+02  -1.1880e-03   4.6706e-02  -7.0538e-04
   1.1617e+00   6.8216e+02  -8.5539e-04   4.8390e-02  -1.3245e-03
   1.1699e+00   6.8697e+02  -3.8881e-04   4.9283e-02  -1.9351e-03
   1.1781e+00   6.9177e+02  -3.7152e-05   4.9169e-02  -2.4539e-03
   1.1863e+00   6.9658e+02   7.3363e-05   4.7871e-02  -2.8243e-03
   1.1945e+00   7.0138e+02  -3.6146e-05   4.5373e-02  -2.9650e-03
   1.2026e+00   7.0618e+02  -2.5248e-04   4.1925e-02  -2.8199e-03
   1.2108e+00   7.1099e+02  -4.8897e-04   3.7984e-02  -2.4120e-03
   1.2190e+00   7.1579e+02  -7.1954e-04   3.4038e-02  -1.8901e-03
   1.2272e+00   7.2060e+02  -9.5907e-04   3.0456e-02  -1.4285e-03
   1.2354e+00   7.2540e+02  -1.1814e-03   2.7582e-02  -1.1031e-03
   1.2435e+00   7.3020e+02  -1.3489e-03   2.5759e-02  -8.5887e-04
   1.2517e+00   7.3501e+02  -1.4175e-03   2.5243e-02  -6.1006e-04
   1.2599e+00   7.3981e+02  -1.3426e-03   2.5984e-02  -3.0439e-04
   1.2681e+00   7.4462e+02  -1.0983e-03   2.7690e-02   3.5905e-05
   1.2763e+00   7.4942e+02  -7.6756e-04   2.9840e-02   3.4714e-04
   1.2845e+00   7.5422e+02  -4.4947e-04   3.1906e-02   5.2756e-04
   1.2926e+00   7.5903e+02  -2.1081e-04   3.3526e-02   5.4895e-04
   1.3008e+00   7.6383e+02  -8.4258e-05   3.4650e-02   4.8899e-04
   1.3090e+00   7.6864e+02  -3.4098e-05   3.5331e-02   4.5814e-04
   1.3172e+00   7.7344e+02   7.5260e-05   3.5668e-02   4.8001e-04
   1.3254e+00   7.7824e+02   3.1618e-04   3.5824e-02   5.2142e-04
   1.3335e+00   7.8305e+02   6.4059e-04   3.6062e-02   5.2740e-04
   1.3417e+00   7.8785e+02   8.9717e-04   3.6618e-02   4.9225e-04
   1.3499e+00   7.9266e+02   9.3837e-04   3.7628e-02   4.7358e-04
   1.3581e+00   7.9746e+02   7.0603e-04   3.9097e-02   5.2006e-04
   1.3663e+00   8.0226e+02   2.8347e-04   4.0995e-02   5.9022e-04
   1.3744e+00   8.0707e+02  -1.8315e-04   4.3242e-02   5.4809e-04
   1.3826e+00   8.1187e+02  -4.9935e-04   4.5731e-02   3.1032e-04
   1.3908e+00   8.1668e+02  -5.2216e-04   4.8357e-02  -1.2311e-04
   1.3990e+00   8.2148e+02  -2.4807e-04   5.1023e-02  -6.9595e-04
   1.4072e+00   8.2628e+02   1.4853e-04   5.3562e-02  -1.3587e-03
   1.4154e+00   8.3109e+02   4.8781e-04   5.5700e-02  -2.0510e-03
   1.4235e+00   8.3589e+02   7.3183e-04   5.7189e-02  -2.6778e-03
   1.4317e+00   8.4070e+02   9.4730e-04   5.7926e-02  -3.1011e-03
   1.4399e+00   8.4550e+02   1.1565e-03   5.7962e-02  -3.2037e-03
   1.4481e+00   8.5030e+02   1.2907e-03   5.7533e-02  -2.9792e-03
   1.4563e+00   8.5511e+02   1.2441e-03   5.7007e-02  -2.5464e-03
   1.4644e+00   8.5991e+02   1.0014e-03   5.6644e-02  -2.0692e-03
   1.4726e+00   8.6472e+02   5.9825e-04   5.6486e-02  -1.6448e-03
   1.4808e+00   8.6952e+02   5.9487e-05   5.6394e-02  -1.2978e-03
   1.4890e+00   8.7432e+02  -6.2538e-04   5.6046e-02  -1.0003e-03
   1.4972e+00   8.7913e+02  -1.3478e-03   5.4983e-02  -6.5531e-04
   1.5053e+00   8.8393e+02  -1.8671e-03   5.2895e-02  -1.5107e-04
   1.5135e+00   8.8874e+02  -1.9311e-03   4.9912e-02   5.3022e-04
   1.5217e+00   8.9354e+02  -1.4434e-03   4.6537e-02   1.2787e-03
   1.5299e+00   8.9834e+02  -4.4398e-04   4.3233e-02   1.9003e-03
   1.5381e+00   9.0315e+02   8.8509e-04   4.0308e-02   2.2469e-03
   1.5463e+00   9.0795e+02   2.2602e-03   3.7894e-02   2.2947e-03
   1.5544e+00   9.1276e+02   3.4022e-03   3.5931e-02   2.1229e-03
   1.5626e+00   9.1756e+02   4.1278e-03   3.4298e-02   1.7951e-03
   1.5708e+00   9.2236e+02   4.2630e-03   3.2916e-02   1.3196e-03
   1.5790e+00   9.2717e+02   3.7244e-03   3.1741e-02   7.1381e-04
   1.5872e+00   9.3197e+02   2.6397e-03   3.0729e-02   9.0049e-05
   1.5953e+00   9.3677e+02   1.3360e-03   2.9896e-02  -4.0056e-04
   1.6035e+00   9.4158e+02   1.1463e-04   2.9363e-02  -6.5896e-04
   1.6117e+00   9.4638e+02  -8.6070e-04   2.9335e-02  -7.1296e-04
   1.6199e+00   9.5119e+02  -1.6343e-03   3.0012e-02  -7.0198e-04
   1.6281e+00   9.5599e+02  -2.3668e-03   3.1482e-02  -7.4080e-04
   1.6362e+00   9.6079e+02  -3.1948e-03   3.3549e-02  -8.3902e-04
   1.6444e+00   9.6560e+02  -4.0840e-03   3.5661e-02  -8.7818e-04
   1.6526e+00   9.7040e+02  -4.8474e-03   3.7147e-02  -6.9376e-04
   1.6608e+00   9.7521e+02  -5.2616e-03   3.7539e-02  -2.0739e-04
   1.6690e+00   9.8001e+02  -5.3060e-03   3.6874e-02   4.7689e-04
   1.6772e+00   9.8481e+02  -5.1067e-03   3.5626e-02   1.1435e-03
   1.6853e+00   9.8962e+02  -4.7644e-03   3.4435e-02   1.6170e-03
   1.6935e+00   9.9442e+02  -4.3294e-03   3.3904e-02   1.8439e-03
   1.7017e+00   9.9923e+02  -3.9166e-03   3.4432e-02   1.8001e-03
   1.7099e+00   1.0040e+03  -3.6418e-03   3.5992e-02   1.4746e-03
   1.7181e+00   1.0088e+03  -3.5663e-03   3.8283e-02   8.6918e-04
   1.7262e+00   1.0136e+03  -3.6534e-03   4.0969e-02   2.9948e-05
   1.7344e+00   1.0184e+03  -3.8525e-03   4.3818e-02  -9.5674e-04
   1.7426e+00   1.0232e+03  -4.1210e-03   4.6589e-02  -1.9622e-03
   1.7508e+00   1.0281e+03  -4.3948e-03   4.8986e-02  -2.8463e-03
   1.7590e+00   1.0329e+03  -4.5991e-03   5.0669e-02  -3.5208e-03
   1.7671e+00   1.0377e+03  -4.7113e-03   5.1304e-02  -3.9268e-03
   1.7753e+00   1.0425e+03  -4.7030e-03   5.0791e-02  -3.9864e-03
   1.7835e+00   1.0473e+03  -4.6108e-03   4.9416e-02  -3.6630e-03
   1.7917e+00   1.0521e+03  -4.4898e-03   4.7629e-02  -3.0297e-03
   1.7999e+00   1.0569e+03  -4.3197e-03   4.5938e-02  -2.2252e-03
   1.8081e+00   1.0617e+03  -4.0376e-03   4.4769e-02  -1.4042e-03
   1.8162e+00   1.0665e+03  -3.7212e-03   4.4324e-02  -7.1248e-04
   1.8244e+00   1.0713e+03  -3.5229e-03   4.4418e-02  -2.7995e-04
   1.8326e+00   1.0761e+03  -3.5651e-03   4.4674e-02  -1.6281e-04
   1.8408e+00   1.0809e+03  -3.8834e-03   4.4762e-02  -3.1110e-04
   1.8490e+00   1.0857e+03  -4.3618e-03   4.4614e-02  -6.0348e-04
   1.8571e+00   1.0905e+03  -4.7152e-03   4.4381e-02  -8.9279e-04
   1.8653e+00   1.0953e+03  -4.7255e-03   4.4287e-02  -1.0867e-03
   1.8735e+00   1.1001e+03  -4.3444e-03   4.4476e-02  -1.2115e-03
   1.8817e+00   1.1049e+03  -3.6646e-03   4.4962e-02  -1.3843e-03
   1.8899e+00   1.1097e+03  -2.8299e-03   4.5714e-02  -1.6470e-03
   1.8980e+00   1.1145e+03  -2.0177e-03   4.6666e-02  -1.8953e-03
   1.9062e+00   1.1193e+03  -1.3372e-03   4.7618e-02  -1.9871e-03
   1.9144e+00   1.1241e+03  -8.0209e-04   4.8386e-02  -1.8333e-03
   1.9226e+00   1.1289e+03  -3.6214e-04   4.8967e-02  -1.4566e-03
   1.9308e+00   1.1337e+03  -1.5631e-05   4.9587e-02  -9.6433e-04
   1.9390e+00   1.1385e+03   2.4644e-04   5.0483e-02  -4.7919e-04
   1.9471e+00   1.1433e+03   4.3657e-04   5.1631e-02  -8.1802e-05
   1.9553e+00   1.1481e+03   5.6946e-04   5.2679e-02   1.8590e-04
   1.9635e+00   1.1530e+03   7.0514e-04   5.3184e-02   3.1305e-04
   1.9717e+00   1.1578e+03   9.5216e-04   5.2904e-02   3.5845e-04
   1.9799e+00   1.1626e+03   1.3234e-03   5.1899e-02   4.4405e-04
   1.9880e+00   1.1674e+03   1.7868e-03   5.0381e-02   6.5243e-04
   1.9962e+00   1.1722e+03   2.3132e-03   4.8671e-02   9.7788e-04
   2.0044e+00   1.1770e+03   2.8531e-03   4.7047e-02   1.3251e-03
   2.0126e+00   1.1818e+03   3.3010e-03   4.5687e-02   1.6302e-03
   2.0208e+00   1.1866e+03   3.5768e-03   4.4662e-02   1.8985e-03
   2.0289e+00   1.1914e+03   3.6052e-03   4.4158e-02   2.1477e-03
   2.0371e+00   1.1962e+03   3.3527e-03   4.4415e-02   2.3443e-03
   2.0453e+00   1.2010e+03   2.8358e-03   4.5486e-02   2.4589e-03
   2.0535e+00   1.2058e+03   2.1456e-03   4.7094e-02   2.4668e-03
   2.0617e+00   1.2106e+03   1.4365e-03   4.8815e-02   2.3607e-03
   2.0699e+00   1.2154e+03   8.8806e-04   5.0286e-02   2.1608e-03
   2.0780e+00   1.2202e+03   6.0451e-04   5.1276e-02   1.9105e-03
   2.0862e+00   1.2250e+03   6.1642e-04   5.1649e-02   1.6454e-03
   2.0944e+00   1.2298e+03   9.0268e-04   5.1484e-02   1.4106e-03
   2.1026e+00   1.2346e+03   1.4628e-03   5.1054e-02   1.2479e-03
   2.1108e+00   1.2394e+03   2.2464e-03   5.0689e-02   1.1803e-03
   2.1189e+00   1.2442e+03   3.1441e-03   5.0545e-02   1.1812e-03
   2.1271e+00   1.2490e+03   4.0782e-03   5.0533e-02   1.2310e-03
   2.1353e+00   1.2538e+03   5.0413e-03   5.0482e-02   1.3263e-03
   2.1435e+00   1.2586e+03   5.9821e-03   5.0283e-02   1.4282e-03
   2.1517e+00   1.2634e+03   6.7743e-03   4.9960e-02   1.4655e-03
   2.1598e+00   1.2682e+03   7.3327e-03   4.9612e-02   1.3973e-03
   2.1680e+00   1.2731e+03   7.7150e-03   4.9340e-02   1.2729e-03
   2.1762e+00   1.2779e+03   7.9578e-03   4.9230e-02   1.1353e-03
   2.1844e+00   1.2827e+03   8.0226e-03   4.9346e-02   9.7498e-04
   2.1926e+00   1.2875e+03   7.8632e-03   4.9767e-02   7.6610e-04
   2.2008e+00   1.2923e+03   7.4593e-03   5.0633e-02   5.2876e-04
   2.2089e+00   1.2971e+03   6.7852e-03   5.2149e-02   2.8877e-04
   2.2171e+00   1.3019e+03   5.8699e-03   5.4509e-02   2.0732e-05
   2.2253e+00   1.3067e+03   4.7627e-03   5.7696e-02  -2.7873e-04
   2.2335e+00   1.3115e+03   3.4742e-03   6.1369e-02  -5.2760e-04
   2.2417e+00   1.3163e+03   1.9735e-03   6.5030e-02  -5.9744e-04
   2.2498e+00   1.3211e+03   3.5971e-04   6.8235e-02  -4.1996e-04
   2.2580e+00   1.3259e+03  -1.1376e-03   7.0725e-02  -4.1942e-05
   2.2662e+00   1.3307e+03  -2.3057e-03   7.2538e-02   3.8248e-04
   2.2744e+00   1.3355e+03  -3.1006e-03   7.3876e-02   6.8928e-04
   2.2826e+00   1.3403e+03  -3.5807e-03   7.4927e-02   7.6044e-04
   2.2907e+00   1.3451e+03  -3.8024e-03   7.5674e-02   5.5079e-04
   2.2989e+00   1.3499e+03  -3.7621e-03   7.5932e-02   1.3706e-04
   2.3071e+00   1.3547e+03  -3.5056e-03   7.5454e-02  -2.8022e-04
   2.3153e+00   1.3595e+03  -3.1571e-03   7.3990e-02  -5.3519e-04
   2.3235e+00   1.3643e+03  -2.8749e-03   7.1590e-02  -6.3046e-04
   2.3317e+00   1.3691e+03  -2.7093e-03   6.8729e-02  -6.6046e-04
   2.3398e+00   1.3739e+03  -2.5674e-03   6.6119e-02  -6.5835e-04
   2.3480e+00   1.3787e+03  -2.3272e-03   6.4318e-02  -6.0438e-04
   2.3562e+00   1.3835e+03  -1.9697e-03   6.3514e-02  -4.9515e-04
   2.3644e+00   1.3883e+03  -1.5196e-03   6.3442e-02  -3.5953e-04
   2.3726e+00   1.3932e+03  -1.0669e-03   6.3626e-02  -1.7291e-04
   2.3807e+00   1.3980e+03  -7.2515e-04   6.3796e-02   1.3606e-04
   2.3889e+00   1.4028e+03  -5.3959e-04   6.4087e-02   5.7165e-04
   2.3971e+00   1.4076e+03  -4.4760e-04   6.4775e-02   9.9125e-04
   2.4053e+00   1.4124e+03  -3.3066e-04   6.5974e-02   1.1752e-03
   2.4135e+00   1.4172e+03  -5.3374e-05   6.7636e-02   9.9219e-04
   2.4216e+00   1.4220e+03   4.4360e-04   6.9592e-02   4.8857e-04
   2.4298e+00   1.4268e+03   1.1489e-03   7.1620e-02  -1.4895e-04
   2.4380e+00   1.4316e+03   1.9635e-03   7.3494e-02  -6.6800e-04
   2.4462e+00   1.4364e+03   2.7339e-03   7.5100e-02  -9.2502e-04
   2.4544e+00   1.4412e+03   3.3437e-03   7.6357e-02  -9.5048e-04
   2.4626e+00   1.4460e+03   3.8444e-03   7.7172e-02  -8.5214e-04
   2.4707e+00   1.4508e+03   4.3281e-03   7.7450e-02  -6.8804e-04
   2.4789e+00   1.4556e+03   4.8450e-03   7.7218e-02  -4.4884e-04
   2.4871e+00   1.4604e+03   5.3995e-03   7.6628e-02  -1.2587e-04
   2.4953e+00   1.4652e+03   5.9660e-03   7.5874e-02   2.0467e-04
   2.5035e+00   1.4700e+03   6.4441e-03   7.5138e-02   4.4458e-04
   2.5116e+00   1.4748e+03   6.7090e-03   7.4685e-02   5.5873e-04
   2.5198e+00   1.4796e+03   6.6531e-03   7.4859e-02   5.7883e-04
   2.5280e+00   1.4844e+03   6.2667e-03   7.5885e-02   5.1984e-04
   2.5362e+00   1.4892e+03   5.6470e-03   7.7787e-02   3.6957e-04
   2.5444e+00   1.4940e+03   4.9661e-03   8.0411e-02   9.1959e-05
   2.5525e+00   1.4988e+03   4.3548e-03   8.3524e-02  -3.2469e-04
   2.5607e+00   1.5036e+03   3.8954e-03   8.6817e-02  -8.7108e-04
   2.5689e+00   1.5084e+03   3.6382e-03   8.9894e-02  -1.4940e-03
   2.5771e+00   1.5133e+03   3.6304e-03   9.2280e-02  -2.1185e-03
   2.5853e+00   1.5181e+03   3.9066e-03   9.3621e-02  -2.6376e-03
   2.5935e+00   1.5229e+03   4.4638e-03   9.3807e-02  -2.9267e-03
   2.6016e+00   1.5277e+03   5.2211e-03   9.2945e-02  -2.8733e-03
   2.6098e+00   1.5325e+03   6.0833e-03   9.1183e-02  -2.4543e-03
   2.6180e+00   1.5373e+03   6.9493e-03   8.8600e-02  -1.7622e-03
   2.6262e+00   1.5421e+03   7.7173e-03   8.5340e-02  -9.6833e-04
   2.6344e+00   1.5469e+03   8.2828e-03   8.1778e-02  -1.7719e-04
   2.6425e+00   1.5517e+03   8.5738e-03   7.8411e-02   5.7205e-04
   2.6507e+00   1.5565e+03   8.5051e-03   7.5602e-02   1.2672e-03
   2.6589e+00   1.5613e+03   8.0203e-03   7.3506e-02   1.8724e-03
   2.6671e+00   1.5661e+03   7.1388e-03   7.2074e-02   2.3162e-03
   2.6753e+00   1.5709e+03   6.0711e-03   7.1128e-02   2.5181e-03
   2.6834e+00   1.5757e+03   5.1330e-03   7.0493e-02   2.4498e-03
   2.6916e+00   1.5805e+03   4.5462e-03   7.0056e-02   2.1816e-03
   2.6998e+00   1.5853e+03   4.3168e-03   6.9801e-02   1.8336e-03
   2.7080e+00   1.5901e+03   4.4284e-03   6.9861e-02   1.4967e-03
   2.7162e+00   1.5949e+03   4.8699e-03   7.0516e-02   1.2003e-03
   2.7243e+00   1.5997e+03   5.5353e-03   7.2008e-02   9.2843e-04
   2.7325e+00   1.6045e+03   6.2763e-03   7.4286e-02   5.9280e-04
   2.7407e+00   1.6093e+03   7.0290e-03   7.6990e-02   1.0691e-04
   2.7489e+00   1.6141e+03   7.8054e-03   7.9745e-02  -5.4047e-04
   2.7571e+00   1.6189e+03   8.7066e-03   8.2286e-02  -1.2462e-03
   2.7653e+00   1.6237e+03   9.8311e-03   8.4411e-02  -1.9052e-03
   2.7734e+00   1.6285e+03   1.1170e-02   8.5990e-02  -2.4738e-03
   2.7816e+00   1.6334e+03   1.2549e-02   8.7076e-02  -2.9406e-03
   2.7898e+00   1.6382e+03   1.3705e-02   8.7796e-02  -3.2704e-03
   2.7980e+00   1.6430e+03   1.4418e-02   8.8293e-02  -3.4360e-03
   2.8062e+00   1.6478e+03   1.4664e-02   8.8675e-02  -3.4409e-03
   2.8143e+00   1.6526e+03   1.4578e-02   8.8989e-02  -3.3424e-03
   2.8225e+00   1.6574e+03   1.4404e-02   8.9167e-02  -3.2695e-03
   2.8307e+00   1.6622e+03   1.4350e-02   8.9165e-02  -3.3643e-03
   2.8389e+00   1.6670e+03   1.4562e-02   8.9025e-02  -3.6564e-03
   2.8471e+00   1.6718e+03   1.5065e-02   8.8863e-02  -4.0103e-03
   2.8552e+00   1.6766e+03   1.5770e-02   8.8745e-02  -4.1906e-03
   2.8634e+00   1.6814e+03   1.6526e-02   8.8672e-02  -4.0211e-03
   2.8716e+00   1.6862e+03   1.7242e-02   8.8473e-02  -3.5317e-03
   2.8798e+00   1.6910e+03   1.7941e-02   8.7833e-02  -2.8851e-03
   2.8880e+00   1.6958e+03   1.8760e-02   8.6371e-02  -2.2071e-03
   2.8962e+00   1.7006e+03   1.9843e-02   8.3870e-02  -1.4745e-03
   2.9043e+00   1.7054e+03   2.1274e-02   8.0300e-02  -6.0314e-04
   2.9125e+00   1.7102e+03   2.3052e-02   7.5813e-02   4.0898e-04
   2.9207e+00   1.7150e+03   2.5238e-02   7.0648e-02   1.4525e-03
   2.9289e+00   1.7198e+03   2.7950e-02   6.5055e-02   2.4296e-03
   2.9371e+00   1.7246e+03   3.1261e-02   5.9201e-02   3.3509e-03
   2.9452e+00   1.7294e+03   3.5101e-02   5.3199e-02   4.3498e-03
   2.9534e+00   1.7342e+03   3.9486e-02   4.7225e-02   5.5827e-03
   2.9616e+00   1.7390e+03   4.4671e-02   4.1662e-02   7.1098e-03
   2.9698e+00   1.7438e+03   5.1146e-02   3.7071e-02   8.8658e-03
   2.9780e+00   1.7486e+03   5.9452e-02   3.4147e-02   1.0748e-02
   2.9861e+00   1.7535e+03   7.0022e-02   3.3618e-02   1.2682e-02
   2.9943e+00   1.7583e+03   8.3077e-02   3.6151e-02   1.4602e-02
   3.0025e+00   1.7631e+03   9.8743e-02   4.2265e-02   1.6448e-02
   3.0107e+00   1.7679e+03   1.1701e-01   5.2403e-02   1.8211e-02
   3.0189e+00   1.7727e+03   1.3762e-01   6.7107e-02   1.9913e-02
   3.0271e+00   1.7775e+03   1.5988e-01   8.7200e-02   2.1512e-02
   3.0352e+00   1.7823e+03   1.8266e-01   1.1370e-01   2.2803e-02
   3.0434e+00   1.7871e+03   2.0421e-01   1.4776e-01   2.3499e-02
   3.0516e+00   1.7919e+03   2.2182e-01   1.9058e-01   2.3311e-02
   3.0598e+00   1.7967e+03   2.3152e-01   2.4306e-01   2.1831e-02
   3.0680e+00   1.8015e+03   2.2800e-01   3.0512e-01   1.8409e-02
   3.0761e+00   1.8063e+03   2.0463e-01   3.7505e-01   1.2224e-02
   3.0843e+00   1.8111e+03   1.5385e-01   4.4869e-01   2.4922e-03
   3.0925e+00   1.8159e+03   6.8415e-02   5.1895e-01  -1.1506e-02
   3.1007e+00   1.8207e+03  -5.6175e-02   5.7566e-01  -3.0388e-02
   3.1089e+00   1.8255e+03  -2.1745e-01   6.0705e-01  -5.4370e-02
   3.1170e+00   1.8303e+03  -4.0044e-01   6.0350e-01  -8.2402e-02
   3.1252e+00   1.8351e+03  -5.7405e-01   5.6578e-01  -1.1106e-01
   3.1334e+00   1.8399e+03  -6.9778e-01   5.1459e-01  -1.3375e-01
