# The data in this file was extracted from a direct numerical
# simulation of fully developed plane turbulent channel
# flow. Particulars are listed below. Note that some of the statistical
# quantities provided in this data set should be zero due to
# (statistical) symmetries in the flow. These quantities are reported
# here none-the-less as an indicator of the quality of the statistics.
# more statistics from this data set are available at 
# http://www.tam.uiuc.edu/Faculty/Moser/channel 
#
# Authors: Moser, Kim & Mansour
# Reference: DNS of Turbulent Channel Flow up to Re_tau=590, 1999,
#            Physics of Fluids, vol 11, 943-945.
# Numerical Method: Kim, Moin & Moser, 1987, J. Fluid Mech. vol 177, 133-166 
# Re_tau = 587.19
# Normalization: U_tau, h 
# Description: Spanwise (z) Two-point cross correlations of velocity and pressure at indicated y-location 
# Filename: chan590/correlations/chan590.zccorr.249 
# Date File Created: Feb 29, 2000 
#
#---End of Header---
# 
# nz = 384,  Re = 587.19,  y = 0.42419,  y+ = 249.08
#      dz           dz+         R_uv         R_up         R_vp
#
   0.0000e+00   0.0000e+00  -5.5239e-01   3.6204e-01  -8.1531e-02
   8.1812e-03   4.8040e+00  -5.5054e-01   3.6084e-01  -8.1062e-02
   1.6362e-02   9.6079e+00  -5.4344e-01   3.5851e-01  -8.0801e-02
   2.4544e-02   1.4412e+01  -5.3153e-01   3.5514e-01  -8.0596e-02
   3.2725e-02   1.9216e+01  -5.1550e-01   3.5087e-01  -8.0284e-02
   4.0906e-02   2.4020e+01  -4.9618e-01   3.4583e-01  -7.9749e-02
   4.9087e-02   2.8824e+01  -4.7439e-01   3.4014e-01  -7.8927e-02
   5.7269e-02   3.3628e+01  -4.5091e-01   3.3391e-01  -7.7804e-02
   6.5450e-02   3.8432e+01  -4.2637e-01   3.2722e-01  -7.6398e-02
   7.3631e-02   4.3236e+01  -4.0131e-01   3.2014e-01  -7.4747e-02
   8.1812e-02   4.8040e+01  -3.7614e-01   3.1274e-01  -7.2898e-02
   8.9994e-02   5.2844e+01  -3.5119e-01   3.0508e-01  -7.0893e-02
   9.8175e-02   5.7648e+01  -3.2668e-01   2.9720e-01  -6.8768e-02
   1.0636e-01   6.2452e+01  -3.0280e-01   2.8915e-01  -6.6549e-02
   1.1454e-01   6.7256e+01  -2.7965e-01   2.8096e-01  -6.4258e-02
   1.2272e-01   7.2060e+01  -2.5731e-01   2.7265e-01  -6.1914e-02
   1.3090e-01   7.6864e+01  -2.3584e-01   2.6424e-01  -5.9539e-02
   1.3908e-01   8.1668e+01  -2.1524e-01   2.5578e-01  -5.7154e-02
   1.4726e-01   8.6472e+01  -1.9553e-01   2.4727e-01  -5.4778e-02
   1.5544e-01   9.1275e+01  -1.7669e-01   2.3875e-01  -5.2429e-02
   1.6362e-01   9.6079e+01  -1.5871e-01   2.3023e-01  -5.0123e-02
   1.7181e-01   1.0088e+02  -1.4155e-01   2.2172e-01  -4.7870e-02
   1.7999e-01   1.0569e+02  -1.2520e-01   2.1323e-01  -4.5678e-02
   1.8817e-01   1.1049e+02  -1.0963e-01   2.0479e-01  -4.3550e-02
   1.9635e-01   1.1530e+02  -9.4813e-02   1.9638e-01  -4.1485e-02
   2.0453e-01   1.2010e+02  -8.0714e-02   1.8803e-01  -3.9477e-02
   2.1271e-01   1.2490e+02  -6.7306e-02   1.7973e-01  -3.7521e-02
   2.2089e-01   1.2971e+02  -5.4560e-02   1.7150e-01  -3.5606e-02
   2.2907e-01   1.3451e+02  -4.2452e-02   1.6334e-01  -3.3725e-02
   2.3726e-01   1.3932e+02  -3.0960e-02   1.5525e-01  -3.1868e-02
   2.4544e-01   1.4412e+02  -2.0064e-02   1.4724e-01  -3.0033e-02
   2.5362e-01   1.4892e+02  -9.7394e-03   1.3932e-01  -2.8218e-02
   2.6180e-01   1.5373e+02   3.4866e-05   1.3151e-01  -2.6425e-02
   2.6998e-01   1.5853e+02   9.2817e-03   1.2381e-01  -2.4662e-02
   2.7816e-01   1.6334e+02   1.8021e-02   1.1624e-01  -2.2937e-02
   2.8634e-01   1.6814e+02   2.6272e-02   1.0880e-01  -2.1257e-02
   2.9452e-01   1.7294e+02   3.4051e-02   1.0150e-01  -1.9629e-02
   3.0271e-01   1.7775e+02   4.1372e-02   9.4342e-02  -1.8059e-02
   3.1089e-01   1.8255e+02   4.8248e-02   8.7339e-02  -1.6554e-02
   3.1907e-01   1.8735e+02   5.4694e-02   8.0490e-02  -1.5121e-02
   3.2725e-01   1.9216e+02   6.0721e-02   7.3797e-02  -1.3771e-02
   3.3543e-01   1.9696e+02   6.6342e-02   6.7266e-02  -1.2515e-02
   3.4361e-01   2.0177e+02   7.1571e-02   6.0903e-02  -1.1364e-02
   3.5179e-01   2.0657e+02   7.6426e-02   5.4716e-02  -1.0325e-02
   3.5997e-01   2.1137e+02   8.0924e-02   4.8715e-02  -9.4005e-03
   3.6816e-01   2.1618e+02   8.5086e-02   4.2907e-02  -8.5852e-03
   3.7634e-01   2.2098e+02   8.8935e-02   3.7295e-02  -7.8702e-03
   3.8452e-01   2.2579e+02   9.2496e-02   3.1875e-02  -7.2443e-03
   3.9270e-01   2.3059e+02   9.5792e-02   2.6639e-02  -6.6960e-03
   4.0088e-01   2.3539e+02   9.8847e-02   2.1575e-02  -6.2143e-03
   4.0906e-01   2.4020e+02   1.0168e-01   1.6671e-02  -5.7891e-03
   4.1724e-01   2.4500e+02   1.0431e-01   1.1916e-02  -5.4111e-03
   4.2542e-01   2.4981e+02   1.0674e-01   7.3037e-03  -5.0709e-03
   4.3361e-01   2.5461e+02   1.0899e-01   2.8291e-03  -4.7582e-03
   4.4179e-01   2.5941e+02   1.1105e-01  -1.5120e-03  -4.4612e-03
   4.4997e-01   2.6422e+02   1.1293e-01  -5.7253e-03  -4.1671e-03
   4.5815e-01   2.6902e+02   1.1462e-01  -9.8189e-03  -3.8643e-03
   4.6633e-01   2.7383e+02   1.1612e-01  -1.3803e-02  -3.5433e-03
   4.7451e-01   2.7863e+02   1.1743e-01  -1.7686e-02  -3.1972e-03
   4.8269e-01   2.8343e+02   1.1854e-01  -2.1476e-02  -2.8206e-03
   4.9087e-01   2.8824e+02   1.1945e-01  -2.5177e-02  -2.4097e-03
   4.9906e-01   2.9304e+02   1.2015e-01  -2.8788e-02  -1.9621e-03
   5.0724e-01   2.9785e+02   1.2065e-01  -3.2306e-02  -1.4774e-03
   5.1542e-01   3.0265e+02   1.2096e-01  -3.5726e-02  -9.5694e-04
   5.2360e-01   3.0745e+02   1.2110e-01  -3.9039e-02  -4.0388e-04
   5.3178e-01   3.1226e+02   1.2107e-01  -4.2240e-02   1.7686e-04
   5.3996e-01   3.1706e+02   1.2090e-01  -4.5326e-02   7.7840e-04
   5.4814e-01   3.2187e+02   1.2060e-01  -4.8293e-02   1.3917e-03
   5.5632e-01   3.2667e+02   1.2019e-01  -5.1145e-02   2.0066e-03
   5.6450e-01   3.3147e+02   1.1968e-01  -5.3882e-02   2.6132e-03
   5.7269e-01   3.3628e+02   1.1910e-01  -5.6503e-02   3.2035e-03
   5.8087e-01   3.4108e+02   1.1844e-01  -5.9003e-02   3.7713e-03
   5.8905e-01   3.4589e+02   1.1774e-01  -6.1378e-02   4.3104e-03
   5.9723e-01   3.5069e+02   1.1700e-01  -6.3619e-02   4.8135e-03
   6.0541e-01   3.5549e+02   1.1623e-01  -6.5723e-02   5.2720e-03
   6.1359e-01   3.6030e+02   1.1544e-01  -6.7691e-02   5.6766e-03
   6.2177e-01   3.6510e+02   1.1465e-01  -6.9530e-02   6.0192e-03
   6.2995e-01   3.6991e+02   1.1385e-01  -7.1250e-02   6.2942e-03
   6.3814e-01   3.7471e+02   1.1306e-01  -7.2862e-02   6.4995e-03
   6.4632e-01   3.7951e+02   1.1226e-01  -7.4379e-02   6.6361e-03
   6.5450e-01   3.8432e+02   1.1147e-01  -7.5814e-02   6.7084e-03
   6.6268e-01   3.8912e+02   1.1069e-01  -7.7180e-02   6.7238e-03
   6.7086e-01   3.9393e+02   1.0991e-01  -7.8487e-02   6.6916e-03
   6.7904e-01   3.9873e+02   1.0914e-01  -7.9745e-02   6.6205e-03
   6.8722e-01   4.0353e+02   1.0837e-01  -8.0961e-02   6.5170e-03
   6.9540e-01   4.0834e+02   1.0759e-01  -8.2137e-02   6.3844e-03
   7.0359e-01   4.1314e+02   1.0681e-01  -8.3273e-02   6.2241e-03
   7.1177e-01   4.1795e+02   1.0602e-01  -8.4363e-02   6.0364e-03
   7.1995e-01   4.2275e+02   1.0520e-01  -8.5399e-02   5.8222e-03
   7.2813e-01   4.2755e+02   1.0435e-01  -8.6371e-02   5.5829e-03
   7.3631e-01   4.3236e+02   1.0345e-01  -8.7268e-02   5.3219e-03
   7.4449e-01   4.3716e+02   1.0252e-01  -8.8083e-02   5.0440e-03
   7.5267e-01   4.4197e+02   1.0155e-01  -8.8811e-02   4.7554e-03
   7.6085e-01   4.4677e+02   1.0054e-01  -8.9448e-02   4.4633e-03
   7.6904e-01   4.5157e+02   9.9499e-02  -8.9993e-02   4.1758e-03
   7.7722e-01   4.5638e+02   9.8433e-02  -9.0445e-02   3.9015e-03
   7.8540e-01   4.6118e+02   9.7342e-02  -9.0805e-02   3.6476e-03
   7.9358e-01   4.6599e+02   9.6224e-02  -9.1072e-02   3.4181e-03
   8.0176e-01   4.7079e+02   9.5072e-02  -9.1247e-02   3.2117e-03
   8.0994e-01   4.7559e+02   9.3880e-02  -9.1329e-02   3.0219e-03
   8.1812e-01   4.8040e+02   9.2643e-02  -9.1316e-02   2.8382e-03
   8.2630e-01   4.8520e+02   9.1354e-02  -9.1206e-02   2.6478e-03
   8.3449e-01   4.9001e+02   9.0013e-02  -9.0995e-02   2.4389e-03
   8.4267e-01   4.9481e+02   8.8620e-02  -9.0675e-02   2.2029e-03
   8.5085e-01   4.9961e+02   8.7177e-02  -9.0236e-02   1.9354e-03
   8.5903e-01   5.0442e+02   8.5688e-02  -8.9670e-02   1.6364e-03
   8.6721e-01   5.0922e+02   8.4162e-02  -8.8970e-02   1.3099e-03
   8.7539e-01   5.1403e+02   8.2607e-02  -8.8132e-02   9.6390e-04
   8.8357e-01   5.1883e+02   8.1034e-02  -8.7156e-02   6.0922e-04
   8.9175e-01   5.2363e+02   7.9452e-02  -8.6044e-02   2.5781e-04
   8.9994e-01   5.2844e+02   7.7866e-02  -8.4802e-02  -7.9853e-05
   9.0812e-01   5.3324e+02   7.6282e-02  -8.3440e-02  -3.9682e-04
   9.1630e-01   5.3805e+02   7.4702e-02  -8.1969e-02  -6.9087e-04
   9.2448e-01   5.4285e+02   7.3126e-02  -8.0399e-02  -9.6438e-04
   9.3266e-01   5.4765e+02   7.1553e-02  -7.8739e-02  -1.2228e-03
   9.4084e-01   5.5246e+02   6.9984e-02  -7.6994e-02  -1.4727e-03
   9.4902e-01   5.5726e+02   6.8414e-02  -7.5166e-02  -1.7200e-03
   9.5720e-01   5.6206e+02   6.6843e-02  -7.3252e-02  -1.9697e-03
   9.6539e-01   5.6687e+02   6.5269e-02  -7.1247e-02  -2.2264e-03
   9.7357e-01   5.7167e+02   6.3691e-02  -6.9147e-02  -2.4951e-03
   9.8175e-01   5.7648e+02   6.2107e-02  -6.6949e-02  -2.7812e-03
   9.8993e-01   5.8128e+02   6.0513e-02  -6.4653e-02  -3.0905e-03
   9.9811e-01   5.8608e+02   5.8902e-02  -6.2262e-02  -3.4285e-03
   1.0063e+00   5.9089e+02   5.7261e-02  -5.9788e-02  -3.7998e-03
   1.0145e+00   5.9569e+02   5.5580e-02  -5.7242e-02  -4.2078e-03
   1.0227e+00   6.0050e+02   5.3845e-02  -5.4640e-02  -4.6537e-03
   1.0308e+00   6.0530e+02   5.2047e-02  -5.1996e-02  -5.1367e-03
   1.0390e+00   6.1010e+02   5.0179e-02  -4.9320e-02  -5.6538e-03
   1.0472e+00   6.1491e+02   4.8244e-02  -4.6622e-02  -6.2014e-03
   1.0554e+00   6.1971e+02   4.6256e-02  -4.3902e-02  -6.7758e-03
   1.0636e+00   6.2452e+02   4.4233e-02  -4.1163e-02  -7.3751e-03
   1.0717e+00   6.2932e+02   4.2197e-02  -3.8406e-02  -7.9994e-03
   1.0799e+00   6.3412e+02   4.0169e-02  -3.5633e-02  -8.6500e-03
   1.0881e+00   6.3893e+02   3.8169e-02  -3.2848e-02  -9.3280e-03
   1.0963e+00   6.4373e+02   3.6216e-02  -3.0054e-02  -1.0032e-02
   1.1045e+00   6.4854e+02   3.4323e-02  -2.7257e-02  -1.0756e-02
   1.1126e+00   6.5334e+02   3.2500e-02  -2.4462e-02  -1.1493e-02
   1.1208e+00   6.5814e+02   3.0752e-02  -2.1678e-02  -1.2229e-02
   1.1290e+00   6.6295e+02   2.9080e-02  -1.8919e-02  -1.2952e-02
   1.1372e+00   6.6775e+02   2.7477e-02  -1.6197e-02  -1.3646e-02
   1.1454e+00   6.7256e+02   2.5932e-02  -1.3529e-02  -1.4298e-02
   1.1536e+00   6.7736e+02   2.4430e-02  -1.0930e-02  -1.4894e-02
   1.1617e+00   6.8216e+02   2.2953e-02  -8.4157e-03  -1.5420e-02
   1.1699e+00   6.8697e+02   2.1482e-02  -5.9997e-03  -1.5868e-02
   1.1781e+00   6.9177e+02   2.0000e-02  -3.6944e-03  -1.6231e-02
   1.1863e+00   6.9658e+02   1.8493e-02  -1.5095e-03  -1.6507e-02
   1.1945e+00   7.0138e+02   1.6952e-02   5.4831e-04  -1.6697e-02
   1.2026e+00   7.0618e+02   1.5373e-02   2.4766e-03  -1.6805e-02
   1.2108e+00   7.1099e+02   1.3754e-02   4.2770e-03  -1.6836e-02
   1.2190e+00   7.1579e+02   1.2098e-02   5.9541e-03  -1.6797e-02
   1.2272e+00   7.2060e+02   1.0409e-02   7.5144e-03  -1.6694e-02
   1.2354e+00   7.2540e+02   8.6927e-03   8.9655e-03  -1.6533e-02
   1.2435e+00   7.3020e+02   6.9541e-03   1.0315e-02  -1.6318e-02
   1.2517e+00   7.3501e+02   5.1990e-03   1.1570e-02  -1.6056e-02
   1.2599e+00   7.3981e+02   3.4321e-03   1.2736e-02  -1.5752e-02
   1.2681e+00   7.4462e+02   1.6554e-03   1.3820e-02  -1.5412e-02
   1.2763e+00   7.4942e+02  -1.3172e-04   1.4827e-02  -1.5040e-02
   1.2845e+00   7.5422e+02  -1.9306e-03   1.5760e-02  -1.4642e-02
   1.2926e+00   7.5903e+02  -3.7403e-03   1.6621e-02  -1.4226e-02
   1.3008e+00   7.6383e+02  -5.5551e-03   1.7410e-02  -1.3805e-02
   1.3090e+00   7.6864e+02  -7.3651e-03   1.8128e-02  -1.3396e-02
   1.3172e+00   7.7344e+02  -9.1580e-03   1.8778e-02  -1.3018e-02
   1.3254e+00   7.7824e+02  -1.0922e-02   1.9363e-02  -1.2685e-02
   1.3335e+00   7.8305e+02  -1.2646e-02   1.9890e-02  -1.2410e-02
   1.3417e+00   7.8785e+02  -1.4322e-02   2.0364e-02  -1.2200e-02
   1.3499e+00   7.9266e+02  -1.5941e-02   2.0795e-02  -1.2058e-02
   1.3581e+00   7.9746e+02  -1.7496e-02   2.1190e-02  -1.1987e-02
   1.3663e+00   8.0226e+02  -1.8980e-02   2.1562e-02  -1.1989e-02
   1.3744e+00   8.0707e+02  -2.0387e-02   2.1921e-02  -1.2065e-02
   1.3826e+00   8.1187e+02  -2.1716e-02   2.2279e-02  -1.2217e-02
   1.3908e+00   8.1668e+02  -2.2964e-02   2.2649e-02  -1.2446e-02
   1.3990e+00   8.2148e+02  -2.4131e-02   2.3038e-02  -1.2748e-02
   1.4072e+00   8.2628e+02  -2.5215e-02   2.3455e-02  -1.3113e-02
   1.4154e+00   8.3109e+02  -2.6214e-02   2.3906e-02  -1.3524e-02
   1.4235e+00   8.3589e+02  -2.7124e-02   2.4397e-02  -1.3961e-02
   1.4317e+00   8.4070e+02  -2.7942e-02   2.4932e-02  -1.4403e-02
   1.4399e+00   8.4550e+02  -2.8670e-02   2.5516e-02  -1.4835e-02
   1.4481e+00   8.5030e+02  -2.9313e-02   2.6149e-02  -1.5248e-02
   1.4563e+00   8.5511e+02  -2.9881e-02   2.6832e-02  -1.5641e-02
   1.4644e+00   8.5991e+02  -3.0387e-02   2.7561e-02  -1.6017e-02
   1.4726e+00   8.6472e+02  -3.0843e-02   2.8335e-02  -1.6381e-02
   1.4808e+00   8.6952e+02  -3.1259e-02   2.9151e-02  -1.6739e-02
   1.4890e+00   8.7432e+02  -3.1640e-02   3.0009e-02  -1.7096e-02
   1.4972e+00   8.7913e+02  -3.1986e-02   3.0906e-02  -1.7457e-02
   1.5053e+00   8.8393e+02  -3.2294e-02   3.1840e-02  -1.7826e-02
   1.5135e+00   8.8874e+02  -3.2557e-02   3.2808e-02  -1.8208e-02
   1.5217e+00   8.9354e+02  -3.2768e-02   3.3808e-02  -1.8609e-02
   1.5299e+00   8.9834e+02  -3.2920e-02   3.4836e-02  -1.9034e-02
   1.5381e+00   9.0315e+02  -3.3005e-02   3.5886e-02  -1.9486e-02
   1.5463e+00   9.0795e+02  -3.3021e-02   3.6949e-02  -1.9966e-02
   1.5544e+00   9.1276e+02  -3.2965e-02   3.8014e-02  -2.0471e-02
   1.5626e+00   9.1756e+02  -3.2835e-02   3.9070e-02  -2.0998e-02
   1.5708e+00   9.2236e+02  -3.2633e-02   4.0104e-02  -2.1540e-02
   1.5790e+00   9.2717e+02  -3.2363e-02   4.1107e-02  -2.2090e-02
   1.5872e+00   9.3197e+02  -3.2034e-02   4.2068e-02  -2.2644e-02
   1.5953e+00   9.3677e+02  -3.1655e-02   4.2979e-02  -2.3198e-02
   1.6035e+00   9.4158e+02  -3.1238e-02   4.3833e-02  -2.3748e-02
   1.6117e+00   9.4638e+02  -3.0794e-02   4.4626e-02  -2.4287e-02
   1.6199e+00   9.5119e+02  -3.0332e-02   4.5354e-02  -2.4806e-02
   1.6281e+00   9.5599e+02  -2.9858e-02   4.6010e-02  -2.5292e-02
   1.6362e+00   9.6079e+02  -2.9380e-02   4.6582e-02  -2.5726e-02
   1.6444e+00   9.6560e+02  -2.8901e-02   4.7057e-02  -2.6092e-02
   1.6526e+00   9.7040e+02  -2.8425e-02   4.7420e-02  -2.6375e-02
   1.6608e+00   9.7521e+02  -2.7956e-02   4.7660e-02  -2.6566e-02
   1.6690e+00   9.8001e+02  -2.7491e-02   4.7771e-02  -2.6661e-02
   1.6772e+00   9.8481e+02  -2.7025e-02   4.7751e-02  -2.6663e-02
   1.6853e+00   9.8962e+02  -2.6548e-02   4.7603e-02  -2.6575e-02
   1.6935e+00   9.9442e+02  -2.6050e-02   4.7331e-02  -2.6406e-02
   1.7017e+00   9.9923e+02  -2.5524e-02   4.6943e-02  -2.6163e-02
   1.7099e+00   1.0040e+03  -2.4967e-02   4.6443e-02  -2.5852e-02
   1.7181e+00   1.0088e+03  -2.4381e-02   4.5838e-02  -2.5482e-02
   1.7262e+00   1.0136e+03  -2.3768e-02   4.5134e-02  -2.5062e-02
   1.7344e+00   1.0184e+03  -2.3128e-02   4.4335e-02  -2.4601e-02
   1.7426e+00   1.0232e+03  -2.2461e-02   4.3444e-02  -2.4108e-02
   1.7508e+00   1.0281e+03  -2.1767e-02   4.2462e-02  -2.3591e-02
   1.7590e+00   1.0329e+03  -2.1046e-02   4.1386e-02  -2.3060e-02
   1.7671e+00   1.0377e+03  -2.0297e-02   4.0216e-02  -2.2518e-02
   1.7753e+00   1.0425e+03  -1.9521e-02   3.8947e-02  -2.1970e-02
   1.7835e+00   1.0473e+03  -1.8717e-02   3.7578e-02  -2.1416e-02
   1.7917e+00   1.0521e+03  -1.7886e-02   3.6105e-02  -2.0852e-02
   1.7999e+00   1.0569e+03  -1.7029e-02   3.4524e-02  -2.0273e-02
   1.8081e+00   1.0617e+03  -1.6147e-02   3.2834e-02  -1.9675e-02
   1.8162e+00   1.0665e+03  -1.5241e-02   3.1034e-02  -1.9054e-02
   1.8244e+00   1.0713e+03  -1.4310e-02   2.9122e-02  -1.8409e-02
   1.8326e+00   1.0761e+03  -1.3349e-02   2.7101e-02  -1.7737e-02
   1.8408e+00   1.0809e+03  -1.2353e-02   2.4975e-02  -1.7035e-02
   1.8490e+00   1.0857e+03  -1.1313e-02   2.2752e-02  -1.6298e-02
   1.8571e+00   1.0905e+03  -1.0222e-02   2.0440e-02  -1.5520e-02
   1.8653e+00   1.0953e+03  -9.0747e-03   1.8047e-02  -1.4694e-02
   1.8735e+00   1.1001e+03  -7.8674e-03   1.5580e-02  -1.3814e-02
   1.8817e+00   1.1049e+03  -6.5991e-03   1.3044e-02  -1.2879e-02
   1.8899e+00   1.1097e+03  -5.2704e-03   1.0444e-02  -1.1896e-02
   1.8980e+00   1.1145e+03  -3.8845e-03   7.7881e-03  -1.0871e-02
   1.9062e+00   1.1193e+03  -2.4455e-03   5.0808e-03  -9.8164e-03
   1.9144e+00   1.1241e+03  -9.5772e-04   2.3306e-03  -8.7428e-03
   1.9226e+00   1.1289e+03   5.7506e-04  -4.5201e-04  -7.6604e-03
   1.9308e+00   1.1337e+03   2.1481e-03  -3.2551e-03  -6.5798e-03
   1.9390e+00   1.1385e+03   3.7551e-03  -6.0659e-03  -5.5123e-03
   1.9471e+00   1.1433e+03   5.3897e-03  -8.8724e-03  -4.4693e-03
   1.9553e+00   1.1481e+03   7.0460e-03  -1.1663e-02  -3.4621e-03
   1.9635e+00   1.1530e+03   8.7200e-03  -1.4426e-02  -2.5009e-03
   1.9717e+00   1.1578e+03   1.0409e-02  -1.7152e-02  -1.5940e-03
   1.9799e+00   1.1626e+03   1.2114e-02  -1.9831e-02  -7.4732e-04
   1.9880e+00   1.1674e+03   1.3836e-02  -2.2457e-02   3.5809e-05
   1.9962e+00   1.1722e+03   1.5582e-02  -2.5029e-02   7.5488e-04
   2.0044e+00   1.1770e+03   1.7357e-02  -2.7547e-02   1.4122e-03
   2.0126e+00   1.1818e+03   1.9168e-02  -3.0014e-02   2.0125e-03
   2.0208e+00   1.1866e+03   2.1016e-02  -3.2430e-02   2.5612e-03
   2.0289e+00   1.1914e+03   2.2897e-02  -3.4795e-02   3.0633e-03
   2.0371e+00   1.1962e+03   2.4802e-02  -3.7108e-02   3.5218e-03
   2.0453e+00   1.2010e+03   2.6722e-02  -3.9370e-02   3.9371e-03
   2.0535e+00   1.2058e+03   2.8645e-02  -4.1579e-02   4.3076e-03
   2.0617e+00   1.2106e+03   3.0558e-02  -4.3735e-02   4.6310e-03
   2.0699e+00   1.2154e+03   3.2449e-02  -4.5837e-02   4.9054e-03
   2.0780e+00   1.2202e+03   3.4305e-02  -4.7883e-02   5.1313e-03
   2.0862e+00   1.2250e+03   3.6111e-02  -4.9868e-02   5.3121e-03
   2.0944e+00   1.2298e+03   3.7859e-02  -5.1787e-02   5.4534e-03
   2.1026e+00   1.2346e+03   3.9541e-02  -5.3633e-02   5.5623e-03
   2.1108e+00   1.2394e+03   4.1155e-02  -5.5396e-02   5.6467e-03
   2.1189e+00   1.2442e+03   4.2706e-02  -5.7074e-02   5.7155e-03
   2.1271e+00   1.2490e+03   4.4198e-02  -5.8666e-02   5.7786e-03
   2.1353e+00   1.2538e+03   4.5638e-02  -6.0179e-02   5.8455e-03
   2.1435e+00   1.2586e+03   4.7030e-02  -6.1621e-02   5.9234e-03
   2.1517e+00   1.2634e+03   4.8381e-02  -6.3005e-02   6.0166e-03
   2.1598e+00   1.2682e+03   4.9697e-02  -6.4343e-02   6.1259e-03
   2.1680e+00   1.2731e+03   5.0983e-02  -6.5645e-02   6.2496e-03
   2.1762e+00   1.2779e+03   5.2244e-02  -6.6918e-02   6.3839e-03
   2.1844e+00   1.2827e+03   5.3480e-02  -6.8168e-02   6.5245e-03
   2.1926e+00   1.2875e+03   5.4694e-02  -6.9400e-02   6.6676e-03
   2.2008e+00   1.2923e+03   5.5887e-02  -7.0619e-02   6.8105e-03
   2.2089e+00   1.2971e+03   5.7060e-02  -7.1832e-02   6.9505e-03
   2.2171e+00   1.3019e+03   5.8218e-02  -7.3046e-02   7.0861e-03
   2.2253e+00   1.3067e+03   5.9366e-02  -7.4264e-02   7.2164e-03
   2.2335e+00   1.3115e+03   6.0509e-02  -7.5487e-02   7.3427e-03
   2.2417e+00   1.3163e+03   6.1655e-02  -7.6713e-02   7.4686e-03
   2.2498e+00   1.3211e+03   6.2813e-02  -7.7935e-02   7.6006e-03
   2.2580e+00   1.3259e+03   6.3992e-02  -7.9143e-02   7.7467e-03
   2.2662e+00   1.3307e+03   6.5197e-02  -8.0328e-02   7.9151e-03
   2.2744e+00   1.3355e+03   6.6430e-02  -8.1479e-02   8.1133e-03
   2.2826e+00   1.3403e+03   6.7691e-02  -8.2593e-02   8.3463e-03
   2.2907e+00   1.3451e+03   6.8973e-02  -8.3667e-02   8.6160e-03
   2.2989e+00   1.3499e+03   7.0273e-02  -8.4704e-02   8.9211e-03
   2.3071e+00   1.3547e+03   7.1586e-02  -8.5700e-02   9.2572e-03
   2.3153e+00   1.3595e+03   7.2910e-02  -8.6650e-02   9.6176e-03
   2.3235e+00   1.3643e+03   7.4245e-02  -8.7542e-02   9.9939e-03
   2.3317e+00   1.3691e+03   7.5596e-02  -8.8359e-02   1.0376e-02
   2.3398e+00   1.3739e+03   7.6968e-02  -8.9084e-02   1.0754e-02
   2.3480e+00   1.3787e+03   7.8366e-02  -8.9698e-02   1.1116e-02
   2.3562e+00   1.3835e+03   7.9793e-02  -9.0189e-02   1.1455e-02
   2.3644e+00   1.3883e+03   8.1248e-02  -9.0547e-02   1.1763e-02
   2.3726e+00   1.3932e+03   8.2733e-02  -9.0766e-02   1.2040e-02
   2.3807e+00   1.3980e+03   8.4247e-02  -9.0838e-02   1.2283e-02
   2.3889e+00   1.4028e+03   8.5792e-02  -9.0757e-02   1.2489e-02
   2.3971e+00   1.4076e+03   8.7368e-02  -9.0519e-02   1.2654e-02
   2.4053e+00   1.4124e+03   8.8974e-02  -9.0125e-02   1.2771e-02
   2.4135e+00   1.4172e+03   9.0600e-02  -8.9582e-02   1.2832e-02
   2.4216e+00   1.4220e+03   9.2238e-02  -8.8901e-02   1.2834e-02
   2.4298e+00   1.4268e+03   9.3876e-02  -8.8097e-02   1.2772e-02
   2.4380e+00   1.4316e+03   9.5510e-02  -8.7187e-02   1.2647e-02
   2.4462e+00   1.4364e+03   9.7138e-02  -8.6186e-02   1.2462e-02
   2.4544e+00   1.4412e+03   9.8760e-02  -8.5104e-02   1.2221e-02
   2.4626e+00   1.4460e+03   1.0038e-01  -8.3945e-02   1.1930e-02
   2.4707e+00   1.4508e+03   1.0199e-01  -8.2705e-02   1.1595e-02
   2.4789e+00   1.4556e+03   1.0360e-01  -8.1378e-02   1.1223e-02
   2.4871e+00   1.4604e+03   1.0519e-01  -7.9953e-02   1.0816e-02
   2.4953e+00   1.4652e+03   1.0677e-01  -7.8415e-02   1.0380e-02
   2.5035e+00   1.4700e+03   1.0833e-01  -7.6747e-02   9.9178e-03
   2.5116e+00   1.4748e+03   1.0987e-01  -7.4930e-02   9.4319e-03
   2.5198e+00   1.4796e+03   1.1138e-01  -7.2949e-02   8.9233e-03
   2.5280e+00   1.4844e+03   1.1287e-01  -7.0790e-02   8.3898e-03
   2.5362e+00   1.4892e+03   1.1431e-01  -6.8445e-02   7.8268e-03
   2.5444e+00   1.4940e+03   1.1569e-01  -6.5913e-02   7.2286e-03
   2.5525e+00   1.4988e+03   1.1701e-01  -6.3195e-02   6.5902e-03
   2.5607e+00   1.5036e+03   1.1826e-01  -6.0299e-02   5.9090e-03
   2.5689e+00   1.5084e+03   1.1943e-01  -5.7232e-02   5.1846e-03
   2.5771e+00   1.5133e+03   1.2052e-01  -5.4003e-02   4.4183e-03
   2.5853e+00   1.5181e+03   1.2151e-01  -5.0622e-02   3.6128e-03
   2.5935e+00   1.5229e+03   1.2240e-01  -4.7097e-02   2.7721e-03
   2.6016e+00   1.5277e+03   1.2318e-01  -4.3437e-02   1.9023e-03
   2.6098e+00   1.5325e+03   1.2386e-01  -3.9647e-02   1.0109e-03
   2.6180e+00   1.5373e+03   1.2443e-01  -3.5729e-02   1.0672e-04
   2.6262e+00   1.5421e+03   1.2489e-01  -3.1679e-02  -8.0191e-04
   2.6344e+00   1.5469e+03   1.2522e-01  -2.7490e-02  -1.7077e-03
   2.6425e+00   1.5517e+03   1.2541e-01  -2.3151e-02  -2.6049e-03
   2.6507e+00   1.5565e+03   1.2545e-01  -1.8655e-02  -3.4880e-03
   2.6589e+00   1.5613e+03   1.2533e-01  -1.3996e-02  -4.3512e-03
   2.6671e+00   1.5661e+03   1.2504e-01  -9.1734e-03  -5.1883e-03
   2.6753e+00   1.5709e+03   1.2456e-01  -4.1913e-03  -5.9945e-03
   2.6834e+00   1.5757e+03   1.2388e-01   9.4164e-04  -6.7681e-03
   2.6916e+00   1.5805e+03   1.2299e-01   6.2148e-03  -7.5126e-03
   2.6998e+00   1.5853e+03   1.2188e-01   1.1619e-02  -8.2345e-03
   2.7080e+00   1.5901e+03   1.2053e-01   1.7145e-02  -8.9420e-03
   2.7162e+00   1.5949e+03   1.1893e-01   2.2790e-02  -9.6426e-03
   2.7243e+00   1.5997e+03   1.1707e-01   2.8544e-02  -1.0342e-02
   2.7325e+00   1.6045e+03   1.1493e-01   3.4400e-02  -1.1045e-02
   2.7407e+00   1.6093e+03   1.1251e-01   4.0345e-02  -1.1754e-02
   2.7489e+00   1.6141e+03   1.0979e-01   4.6365e-02  -1.2472e-02
   2.7571e+00   1.6189e+03   1.0676e-01   5.2452e-02  -1.3198e-02
   2.7653e+00   1.6237e+03   1.0342e-01   5.8594e-02  -1.3934e-02
   2.7734e+00   1.6285e+03   9.9768e-02   6.4786e-02  -1.4682e-02
   2.7816e+00   1.6334e+03   9.5799e-02   7.1028e-02  -1.5446e-02
   2.7898e+00   1.6382e+03   9.1506e-02   7.7322e-02  -1.6232e-02
   2.7980e+00   1.6430e+03   8.6878e-02   8.3676e-02  -1.7048e-02
   2.8062e+00   1.6478e+03   8.1900e-02   9.0099e-02  -1.7903e-02
   2.8143e+00   1.6526e+03   7.6554e-02   9.6603e-02  -1.8808e-02
   2.8225e+00   1.6574e+03   7.0821e-02   1.0320e-01  -1.9770e-02
   2.8307e+00   1.6622e+03   6.4681e-02   1.0989e-01  -2.0799e-02
   2.8389e+00   1.6670e+03   5.8117e-02   1.1668e-01  -2.1897e-02
   2.8471e+00   1.6718e+03   5.1111e-02   1.2357e-01  -2.3066e-02
   2.8552e+00   1.6766e+03   4.3647e-02   1.3056e-01  -2.4300e-02
   2.8634e+00   1.6814e+03   3.5705e-02   1.3766e-01  -2.5597e-02
   2.8716e+00   1.6862e+03   2.7265e-02   1.4486e-01  -2.6952e-02
   2.8798e+00   1.6910e+03   1.8304e-02   1.5217e-01  -2.8365e-02
   2.8880e+00   1.6958e+03   8.7987e-03   1.5960e-01  -2.9839e-02
   2.8962e+00   1.7006e+03  -1.2740e-03   1.6713e-01  -3.1380e-02
   2.9043e+00   1.7054e+03  -1.1933e-02   1.7479e-01  -3.2995e-02
   2.9125e+00   1.7102e+03  -2.3196e-02   1.8256e-01  -3.4695e-02
   2.9207e+00   1.7150e+03  -3.5080e-02   1.9044e-01  -3.6490e-02
   2.9289e+00   1.7198e+03  -4.7610e-02   1.9845e-01  -3.8390e-02
   2.9371e+00   1.7246e+03  -6.0814e-02   2.0655e-01  -4.0400e-02
   2.9452e+00   1.7294e+03  -7.4731e-02   2.1474e-01  -4.2522e-02
   2.9534e+00   1.7342e+03  -8.9404e-02   2.2299e-01  -4.4752e-02
   2.9616e+00   1.7390e+03  -1.0488e-01   2.3128e-01  -4.7085e-02
   2.9698e+00   1.7438e+03  -1.2121e-01   2.3956e-01  -4.9515e-02
   2.9780e+00   1.7486e+03  -1.3843e-01   2.4783e-01  -5.2037e-02
   2.9861e+00   1.7535e+03  -1.5658e-01   2.5603e-01  -5.4644e-02
   2.9943e+00   1.7583e+03  -1.7569e-01   2.6417e-01  -5.7332e-02
   3.0025e+00   1.7631e+03  -1.9577e-01   2.7221e-01  -6.0088e-02
   3.0107e+00   1.7679e+03  -2.1682e-01   2.8015e-01  -6.2898e-02
   3.0189e+00   1.7727e+03  -2.3884e-01   2.8797e-01  -6.5737e-02
   3.0271e+00   1.7775e+03  -2.6180e-01   2.9564e-01  -6.8575e-02
   3.0352e+00   1.7823e+03  -2.8565e-01   3.0315e-01  -7.1369e-02
   3.0434e+00   1.7871e+03  -3.1031e-01   3.1046e-01  -7.4068e-02
   3.0516e+00   1.7919e+03  -3.3568e-01   3.1752e-01  -7.6611e-02
   3.0598e+00   1.7967e+03  -3.6158e-01   3.2430e-01  -7.8926e-02
   3.0680e+00   1.8015e+03  -3.8780e-01   3.3074e-01  -8.0942e-02
   3.0761e+00   1.8063e+03  -4.1402e-01   3.3679e-01  -8.2588e-02
   3.0843e+00   1.8111e+03  -4.3983e-01   3.4239e-01  -8.3804e-02
   3.0925e+00   1.8159e+03  -4.6468e-01   3.4747e-01  -8.4544e-02
   3.1007e+00   1.8207e+03  -4.8794e-01   3.5196e-01  -8.4793e-02
   3.1089e+00   1.8255e+03  -5.0881e-01   3.5578e-01  -8.4576e-02
   3.1170e+00   1.8303e+03  -5.2646e-01   3.5882e-01  -8.3974e-02
   3.1252e+00   1.8351e+03  -5.4003e-01   3.6096e-01  -8.3134e-02
   3.1334e+00   1.8399e+03  -5.4883e-01   3.6206e-01  -8.2255e-02
