# The data in this file was extracted from a direct numerical
# simulation of fully developed plane turbulent channel
# flow. Particulars are listed below. Note that some of the statistical
# quantities provided in this data set should be zero due to
# (statistical) symmetries in the flow. These quantities are reported
# here none-the-less as an indicator of the quality of the statistics.
# more statistics from this data set are available at 
# http://www.tam.uiuc.edu/Faculty/Moser/channel 
#
# Authors: Moser, Kim & Mansour
# Reference: DNS of Turbulent Channel Flow up to Re_tau=590, 1999,
#            Physics of Fluids, vol 11, 943-945.
# Numerical Method: Kim, Moin & Moser, 1987, J. Fluid Mech. vol 177, 133-166 
# Re_tau = 587.19
# Normalization: U_tau, h 
# Description: Spanwise (z) Two-point cross correlations of velocity and pressure at indicated y-location 
# Filename: chan590/correlations/chan590.zccorr.30 
# Date File Created: Feb 29, 2000 
#
#---End of Header---
# 
# nz = 384,  Re = 587.19,  y = 0.05047,  y+ =  29.64
#      dz           dz+         R_uv         R_up         R_vp
#
   0.0000e+00   0.0000e+00  -8.4013e-01   7.1523e-01  -1.2794e-01
   8.1812e-03   4.8040e+00  -8.0437e-01   7.2394e-01  -1.2540e-01
   1.6362e-02   9.6079e+00  -6.9904e-01   7.3991e-01  -1.1814e-01
   2.4544e-02   1.4412e+01  -5.4369e-01   7.4299e-01  -1.0606e-01
   3.2725e-02   1.9216e+01  -3.7013e-01   7.2168e-01  -8.9679e-02
   4.0906e-02   2.4020e+01  -2.0584e-01   6.7566e-01  -7.0451e-02
   4.9087e-02   2.8824e+01  -6.6804e-02   6.1095e-01  -5.0395e-02
   5.7269e-02   3.3628e+01   4.1004e-02   5.3545e-01  -3.1509e-02
   6.5450e-02   3.8432e+01   1.1825e-01   4.5640e-01  -1.5223e-02
   7.3631e-02   4.3236e+01   1.6894e-01   3.7948e-01  -2.2011e-03
   8.1812e-02   4.8040e+01   1.9829e-01   3.0854e-01   7.5773e-03
   8.9994e-02   5.2844e+01   2.1140e-01   2.4575e-01   1.4504e-02
   9.8175e-02   5.7648e+01   2.1274e-01   1.9195e-01   1.9065e-02
   1.0636e-01   6.2452e+01   2.0604e-01   1.4708e-01   2.1689e-02
   1.1454e-01   6.7256e+01   1.9431e-01   1.1050e-01   2.2754e-02
   1.2272e-01   7.2060e+01   1.7995e-01   8.1358e-02   2.2606e-02
   1.3090e-01   7.6864e+01   1.6465e-01   5.8748e-02   2.1535e-02
   1.3908e-01   8.1668e+01   1.4956e-01   4.1809e-02   1.9780e-02
   1.4726e-01   8.6472e+01   1.3533e-01   2.9784e-02   1.7571e-02
   1.5544e-01   9.1275e+01   1.2227e-01   2.1922e-02   1.5163e-02
   1.6362e-01   9.6079e+01   1.1046e-01   1.7397e-02   1.2818e-02
   1.7181e-01   1.0088e+02   9.9929e-02   1.5433e-02   1.0761e-02
   1.7999e-01   1.0569e+02   9.0594e-02   1.5363e-02   9.1100e-03
   1.8817e-01   1.1049e+02   8.2272e-02   1.6578e-02   7.8345e-03
   1.9635e-01   1.1530e+02   7.4739e-02   1.8516e-02   6.7878e-03
   2.0453e-01   1.2010e+02   6.7855e-02   2.0759e-02   5.7845e-03
   2.1271e-01   1.2490e+02   6.1578e-02   2.3144e-02   4.7112e-03
   2.2089e-01   1.2971e+02   5.5976e-02   2.5767e-02   3.5813e-03
   2.2907e-01   1.3451e+02   5.1065e-02   2.8772e-02   2.5151e-03
   2.3726e-01   1.3932e+02   4.6845e-02   3.2144e-02   1.6253e-03
   2.4544e-01   1.4412e+02   4.3312e-02   3.5685e-02   9.1127e-04
   2.5362e-01   1.4892e+02   4.0435e-02   3.9205e-02   2.6136e-04
   2.6180e-01   1.5373e+02   3.8115e-02   4.2590e-02  -4.3238e-04
   2.6998e-01   1.5853e+02   3.6235e-02   4.5801e-02  -1.1681e-03
   2.7816e-01   1.6334e+02   3.4644e-02   4.8845e-02  -1.8162e-03
   2.8634e-01   1.6814e+02   3.3158e-02   5.1702e-02  -2.2489e-03
   2.9452e-01   1.7294e+02   3.1573e-02   5.4303e-02  -2.4349e-03
   3.0271e-01   1.7775e+02   2.9839e-02   5.6640e-02  -2.4493e-03
   3.1089e-01   1.8255e+02   2.8045e-02   5.8782e-02  -2.4546e-03
   3.1907e-01   1.8735e+02   2.6309e-02   6.0808e-02  -2.6264e-03
   3.2725e-01   1.9216e+02   2.4703e-02   6.2771e-02  -3.0179e-03
   3.3543e-01   1.9696e+02   2.3352e-02   6.4706e-02  -3.5108e-03
   3.4361e-01   2.0177e+02   2.2374e-02   6.6565e-02  -3.9325e-03
   3.5179e-01   2.0657e+02   2.1824e-02   6.8258e-02  -4.2134e-03
   3.5997e-01   2.1137e+02   2.1572e-02   6.9709e-02  -4.3818e-03
   3.6816e-01   2.1618e+02   2.1385e-02   7.1018e-02  -4.5149e-03
   3.7634e-01   2.2098e+02   2.1056e-02   7.2371e-02  -4.6791e-03
   3.8452e-01   2.2579e+02   2.0570e-02   7.3946e-02  -4.9010e-03
   3.9270e-01   2.3059e+02   2.0037e-02   7.5779e-02  -5.1875e-03
   4.0088e-01   2.3539e+02   1.9644e-02   7.7696e-02  -5.5352e-03
   4.0906e-01   2.4020e+02   1.9525e-02   7.9354e-02  -5.8869e-03
   4.1724e-01   2.4500e+02   1.9751e-02   8.0464e-02  -6.1101e-03
   4.2542e-01   2.4981e+02   2.0297e-02   8.0896e-02  -6.0768e-03
   4.3361e-01   2.5461e+02   2.1081e-02   8.0667e-02  -5.7437e-03
   4.4179e-01   2.5941e+02   2.1883e-02   7.9926e-02  -5.1705e-03
   4.4997e-01   2.6422e+02   2.2467e-02   7.8869e-02  -4.4910e-03
   4.5815e-01   2.6902e+02   2.2704e-02   7.7596e-02  -3.8339e-03
   4.6633e-01   2.7383e+02   2.2656e-02   7.6003e-02  -3.2217e-03
   4.7451e-01   2.7863e+02   2.2408e-02   7.3926e-02  -2.5557e-03
   4.8269e-01   2.8343e+02   2.1965e-02   7.1310e-02  -1.7704e-03
   4.9087e-01   2.8824e+02   2.1262e-02   6.8267e-02  -9.1230e-04
   4.9906e-01   2.9304e+02   2.0302e-02   6.4998e-02  -6.8266e-05
   5.0724e-01   2.9785e+02   1.9157e-02   6.1717e-02   7.2379e-04
   5.1542e-01   3.0265e+02   1.7950e-02   5.8619e-02   1.4699e-03
   5.2360e-01   3.0745e+02   1.6725e-02   5.5815e-02   2.1947e-03
   5.3178e-01   3.1226e+02   1.5467e-02   5.3248e-02   2.9035e-03
   5.3996e-01   3.1706e+02   1.4154e-02   5.0784e-02   3.5704e-03
   5.4814e-01   3.2187e+02   1.2840e-02   4.8425e-02   4.1136e-03
   5.5632e-01   3.2667e+02   1.1563e-02   4.6322e-02   4.3831e-03
   5.6450e-01   3.3147e+02   1.0356e-02   4.4629e-02   4.2513e-03
   5.7269e-01   3.3628e+02   9.2856e-03   4.3453e-02   3.7162e-03
   5.8087e-01   3.4108e+02   8.5153e-03   4.2802e-02   2.9042e-03
   5.8905e-01   3.4589e+02   8.1635e-03   4.2637e-02   1.9928e-03
   5.9723e-01   3.5069e+02   8.2174e-03   4.2879e-02   1.1700e-03
   6.0541e-01   3.5549e+02   8.4920e-03   4.3379e-02   5.8036e-04
   6.1359e-01   3.6030e+02   8.8229e-03   4.3935e-02   2.8469e-04
   6.2177e-01   3.6510e+02   9.1541e-03   4.4414e-02   2.4029e-04
   6.2995e-01   3.6991e+02   9.5345e-03   4.4867e-02   3.5852e-04
   6.3814e-01   3.7471e+02   9.9528e-03   4.5484e-02   5.3597e-04
   6.4632e-01   3.7951e+02   1.0307e-02   4.6454e-02   6.6128e-04
   6.5450e-01   3.8432e+02   1.0449e-02   4.7907e-02   6.0965e-04
   6.6268e-01   3.8912e+02   1.0265e-02   4.9827e-02   2.9384e-04
   6.7086e-01   3.9393e+02   9.6649e-03   5.2041e-02  -2.9094e-04
   6.7904e-01   3.9873e+02   8.6656e-03   5.4307e-02  -1.0478e-03
   6.8722e-01   4.0353e+02   7.3349e-03   5.6441e-02  -1.8601e-03
   6.9540e-01   4.0834e+02   5.8285e-03   5.8304e-02  -2.6525e-03
   7.0359e-01   4.1314e+02   4.3517e-03   5.9810e-02  -3.4153e-03
   7.1177e-01   4.1795e+02   3.1469e-03   6.0945e-02  -4.1905e-03
   7.1995e-01   4.2275e+02   2.4027e-03   6.1777e-02  -4.9742e-03
   7.2813e-01   4.2755e+02   2.1900e-03   6.2490e-02  -5.6545e-03
   7.3631e-01   4.3236e+02   2.4057e-03   6.3278e-02  -6.0396e-03
   7.4449e-01   4.3716e+02   2.8810e-03   6.4155e-02  -6.0096e-03
   7.5267e-01   4.4197e+02   3.3743e-03   6.4963e-02  -5.6182e-03
   7.6085e-01   4.4677e+02   3.6575e-03   6.5480e-02  -5.0558e-03
   7.6904e-01   4.5157e+02   3.5687e-03   6.5557e-02  -4.5180e-03
   7.7722e-01   4.5638e+02   3.1011e-03   6.5143e-02  -4.0940e-03
   7.8540e-01   4.6118e+02   2.3768e-03   6.4260e-02  -3.7407e-03
   7.9358e-01   4.6599e+02   1.6031e-03   6.2950e-02  -3.3436e-03
   8.0176e-01   4.7079e+02   9.1590e-04   6.1283e-02  -2.8371e-03
   8.0994e-01   4.7559e+02   3.5793e-04   5.9352e-02  -2.2491e-03
   8.1812e-01   4.8040e+02  -1.9893e-04   5.7406e-02  -1.6887e-03
   8.2630e-01   4.8520e+02  -9.3937e-04   5.5771e-02  -1.2762e-03
   8.3449e-01   4.9001e+02  -1.9826e-03   5.4749e-02  -1.0833e-03
   8.4267e-01   4.9481e+02  -3.2871e-03   5.4499e-02  -1.1420e-03
   8.5085e-01   4.9961e+02  -4.7265e-03   5.5008e-02  -1.4548e-03
   8.5903e-01   5.0442e+02  -6.1548e-03   5.6101e-02  -1.9601e-03
   8.6721e-01   5.0922e+02  -7.4785e-03   5.7497e-02  -2.4927e-03
   8.7539e-01   5.1403e+02  -8.5824e-03   5.8945e-02  -2.8443e-03
   8.8357e-01   5.1883e+02  -9.3709e-03   6.0280e-02  -2.9003e-03
   8.9175e-01   5.2363e+02  -9.7765e-03   6.1432e-02  -2.6919e-03
   8.9994e-01   5.2844e+02  -9.8201e-03   6.2370e-02  -2.3492e-03
   9.0812e-01   5.3324e+02  -9.5327e-03   6.3087e-02  -2.0033e-03
   9.1630e-01   5.3805e+02  -8.9612e-03   6.3572e-02  -1.7411e-03
   9.2448e-01   5.4285e+02  -8.1380e-03   6.3834e-02  -1.5825e-03
   9.3266e-01   5.4765e+02  -7.1739e-03   6.3850e-02  -1.5331e-03
   9.4084e-01   5.5246e+02  -6.1976e-03   6.3571e-02  -1.6058e-03
   9.4902e-01   5.5726e+02  -5.2537e-03   6.2885e-02  -1.8073e-03
   9.5720e-01   5.6206e+02  -4.2641e-03   6.1743e-02  -2.1115e-03
   9.6539e-01   5.6687e+02  -3.2059e-03   6.0183e-02  -2.4743e-03
   9.7357e-01   5.7167e+02  -2.1705e-03   5.8400e-02  -2.8633e-03
   9.8175e-01   5.7648e+02  -1.3161e-03   5.6731e-02  -3.2714e-03
   9.8993e-01   5.8128e+02  -7.7062e-04   5.5543e-02  -3.7071e-03
   9.9811e-01   5.8608e+02  -6.2497e-04   5.4919e-02  -4.1760e-03
   1.0063e+00   5.9089e+02  -7.9331e-04   5.4567e-02  -4.6505e-03
   1.0145e+00   5.9569e+02  -1.0484e-03   5.4049e-02  -5.0407e-03
   1.0227e+00   6.0050e+02  -1.1669e-03   5.3139e-02  -5.2439e-03
   1.0308e+00   6.0530e+02  -1.0716e-03   5.1841e-02  -5.2301e-03
   1.0390e+00   6.1010e+02  -7.5032e-04   5.0226e-02  -5.0598e-03
   1.0472e+00   6.1491e+02  -2.4377e-04   4.8361e-02  -4.8177e-03
   1.0554e+00   6.1971e+02   3.7208e-04   4.6418e-02  -4.5593e-03
   1.0636e+00   6.2452e+02   9.8508e-04   4.4586e-02  -4.2962e-03
   1.0717e+00   6.2932e+02   1.5076e-03   4.2937e-02  -4.0155e-03
   1.0799e+00   6.3412e+02   1.8394e-03   4.1458e-02  -3.6520e-03
   1.0881e+00   6.3893e+02   1.9228e-03   4.0171e-02  -3.1076e-03
   1.0963e+00   6.4373e+02   1.7278e-03   3.9258e-02  -2.3233e-03
   1.1045e+00   6.4854e+02   1.2469e-03   3.8917e-02  -1.3696e-03
   1.1126e+00   6.5334e+02   4.9369e-04   3.9156e-02  -4.2252e-04
   1.1208e+00   6.5814e+02  -3.9666e-04   3.9770e-02   3.1645e-04
   1.1290e+00   6.6295e+02  -1.2256e-03   4.0516e-02   7.0955e-04
   1.1372e+00   6.6775e+02  -1.7888e-03   4.1313e-02   7.1027e-04
   1.1454e+00   6.7256e+02  -1.9550e-03   4.2209e-02   3.3108e-04
   1.1536e+00   6.7736e+02  -1.6862e-03   4.3180e-02  -3.7887e-04
   1.1617e+00   6.8216e+02  -1.1060e-03   4.4016e-02  -1.3049e-03
   1.1699e+00   6.8697e+02  -4.0730e-04   4.4455e-02  -2.2532e-03
   1.1781e+00   6.9177e+02   1.9406e-04   4.4313e-02  -3.0435e-03
   1.1863e+00   6.9658e+02   5.4663e-04   4.3524e-02  -3.5946e-03
   1.1945e+00   7.0138e+02   5.9430e-04   4.2121e-02  -3.9149e-03
   1.2026e+00   7.0618e+02   4.2722e-04   4.0267e-02  -4.0349e-03
   1.2108e+00   7.1099e+02   1.4730e-04   3.8206e-02  -3.9865e-03
   1.2190e+00   7.1579e+02  -1.9071e-04   3.6185e-02  -3.8064e-03
   1.2272e+00   7.2060e+02  -5.8650e-04   3.4411e-02  -3.5299e-03
   1.2354e+00   7.2540e+02  -9.8729e-04   3.2977e-02  -3.1573e-03
   1.2435e+00   7.3020e+02  -1.3083e-03   3.1887e-02  -2.6752e-03
   1.2517e+00   7.3501e+02  -1.4356e-03   3.1165e-02  -2.1022e-03
   1.2599e+00   7.3981e+02  -1.3431e-03   3.0876e-02  -1.5181e-03
   1.2681e+00   7.4462e+02  -1.0955e-03   3.1052e-02  -1.0518e-03
   1.2763e+00   7.4942e+02  -8.3539e-04   3.1649e-02  -7.8828e-04
   1.2845e+00   7.5422e+02  -6.8551e-04   3.2514e-02  -7.1708e-04
   1.2926e+00   7.5903e+02  -7.2846e-04   3.3406e-02  -7.5370e-04
   1.3008e+00   7.6383e+02  -9.1368e-04   3.4179e-02  -7.9855e-04
   1.3090e+00   7.6864e+02  -1.0611e-03   3.4830e-02  -7.8429e-04
   1.3172e+00   7.7344e+02  -9.9771e-04   3.5477e-02  -6.8847e-04
   1.3254e+00   7.7824e+02  -7.4153e-04   3.6255e-02  -5.5846e-04
   1.3335e+00   7.8305e+02  -4.2263e-04   3.7214e-02  -4.9444e-04
   1.3417e+00   7.8785e+02  -1.9923e-04   3.8355e-02  -5.5773e-04
   1.3499e+00   7.9266e+02  -1.4364e-04   3.9655e-02  -7.3774e-04
   1.3581e+00   7.9746e+02  -2.3925e-04   4.1140e-02  -9.8846e-04
   1.3663e+00   8.0226e+02  -3.9671e-04   4.2904e-02  -1.2826e-03
   1.3744e+00   8.0707e+02  -5.4874e-04   4.4966e-02  -1.6044e-03
   1.3826e+00   8.1187e+02  -6.4668e-04   4.7212e-02  -1.9538e-03
   1.3908e+00   8.1668e+02  -6.3154e-04   4.9515e-02  -2.3531e-03
   1.3990e+00   8.2148e+02  -4.1527e-04   5.1805e-02  -2.8075e-03
   1.4072e+00   8.2628e+02  -5.2404e-05   5.3940e-02  -3.2649e-03
   1.4154e+00   8.3109e+02   2.6708e-04   5.5626e-02  -3.6340e-03
   1.4235e+00   8.3589e+02   3.6722e-04   5.6530e-02  -3.8540e-03
   1.4317e+00   8.4070e+02   2.2340e-04   5.6527e-02  -3.8900e-03
   1.4399e+00   8.4550e+02  -1.4837e-04   5.5821e-02  -3.7044e-03
   1.4481e+00   8.5030e+02  -6.7046e-04   5.4784e-02  -3.3099e-03
   1.4563e+00   8.5511e+02  -1.1889e-03   5.3727e-02  -2.7927e-03
   1.4644e+00   8.5991e+02  -1.5285e-03   5.2793e-02  -2.2605e-03
   1.4726e+00   8.6472e+02  -1.6438e-03   5.2014e-02  -1.7638e-03
   1.4808e+00   8.6952e+02  -1.6271e-03   5.1347e-02  -1.3160e-03
   1.4890e+00   8.7432e+02  -1.6420e-03   5.0652e-02  -9.4068e-04
   1.4972e+00   8.7913e+02  -1.7724e-03   4.9703e-02  -6.2755e-04
   1.5053e+00   8.8393e+02  -1.9948e-03   4.8296e-02  -3.0633e-04
   1.5135e+00   8.8874e+02  -2.1128e-03   4.6375e-02   1.2534e-04
   1.5217e+00   8.9354e+02  -1.8829e-03   4.4047e-02   7.2626e-04
   1.5299e+00   8.9834e+02  -1.1502e-03   4.1518e-02   1.4311e-03
   1.5381e+00   9.0315e+02   3.4169e-05   3.9080e-02   2.0726e-03
   1.5463e+00   9.0795e+02   1.4585e-03   3.7030e-02   2.4963e-03
   1.5544e+00   9.1276e+02   2.7916e-03   3.5589e-02   2.6479e-03
   1.5626e+00   9.1756e+02   3.7495e-03   3.4844e-02   2.5398e-03
   1.5708e+00   9.2236e+02   4.1741e-03   3.4728e-02   2.2235e-03
   1.5790e+00   9.2717e+02   4.0834e-03   3.5014e-02   1.7681e-03
   1.5872e+00   9.3197e+02   3.5921e-03   3.5406e-02   1.2624e-03
   1.5953e+00   9.3677e+02   2.8481e-03   3.5680e-02   7.9487e-04
   1.6035e+00   9.4158e+02   1.9659e-03   3.5762e-02   4.5033e-04
   1.6117e+00   9.4638e+02   1.0193e-03   3.5674e-02   2.5709e-04
   1.6199e+00   9.5119e+02  -2.5462e-05   3.5472e-02   2.0586e-04
   1.6281e+00   9.5599e+02  -1.2033e-03   3.5147e-02   2.7751e-04
   1.6362e+00   9.6079e+02  -2.4878e-03   3.4665e-02   4.6581e-04
   1.6444e+00   9.6560e+02  -3.7998e-03   3.4029e-02   7.4632e-04
   1.6526e+00   9.7040e+02  -5.0762e-03   3.3346e-02   1.0833e-03
   1.6608e+00   9.7521e+02  -6.1924e-03   3.2740e-02   1.4401e-03
   1.6690e+00   9.8001e+02  -7.0244e-03   3.2334e-02   1.7884e-03
   1.6772e+00   9.8481e+02  -7.5103e-03   3.2240e-02   2.0535e-03
   1.6853e+00   9.8962e+02  -7.7116e-03   3.2551e-02   2.1387e-03
   1.6935e+00   9.9442e+02  -7.7752e-03   3.3330e-02   1.9519e-03
   1.7017e+00   9.9923e+02  -7.8661e-03   3.4586e-02   1.4684e-03
   1.7099e+00   1.0040e+03  -8.0175e-03   3.6257e-02   7.3496e-04
   1.7181e+00   1.0088e+03  -8.1840e-03   3.8323e-02  -1.7339e-04
   1.7262e+00   1.0136e+03  -8.2804e-03   4.0809e-02  -1.2191e-03
   1.7344e+00   1.0184e+03  -8.2796e-03   4.3716e-02  -2.3640e-03
   1.7426e+00   1.0232e+03  -8.1951e-03   4.6929e-02  -3.5349e-03
   1.7508e+00   1.0281e+03  -8.0750e-03   5.0213e-02  -4.6132e-03
   1.7590e+00   1.0329e+03  -7.9597e-03   5.3248e-02  -5.4571e-03
   1.7671e+00   1.0377e+03  -7.9207e-03   5.5759e-02  -5.9435e-03
   1.7753e+00   1.0425e+03  -8.0410e-03   5.7643e-02  -5.9984e-03
   1.7835e+00   1.0473e+03  -8.3776e-03   5.8955e-02  -5.6397e-03
   1.7917e+00   1.0521e+03  -8.8178e-03   5.9828e-02  -4.9750e-03
   1.7999e+00   1.0569e+03  -9.1451e-03   6.0345e-02  -4.1518e-03
   1.8081e+00   1.0617e+03  -9.1293e-03   6.0491e-02  -3.2776e-03
   1.8162e+00   1.0665e+03  -8.6985e-03   6.0237e-02  -2.4211e-03
   1.8244e+00   1.0713e+03  -7.9472e-03   5.9637e-02  -1.6134e-03
   1.8326e+00   1.0761e+03  -7.0816e-03   5.8841e-02  -8.8876e-04
   1.8408e+00   1.0809e+03  -6.2803e-03   5.7989e-02  -3.1833e-04
   1.8490e+00   1.0857e+03  -5.6203e-03   5.7139e-02   2.9333e-05
   1.8571e+00   1.0905e+03  -5.0496e-03   5.6303e-02   1.4407e-04
   1.8653e+00   1.0953e+03  -4.4958e-03   5.5530e-02   7.9075e-05
   1.8735e+00   1.1001e+03  -3.9199e-03   5.4878e-02  -1.1939e-04
   1.8817e+00   1.1049e+03  -3.3747e-03   5.4405e-02  -4.0279e-04
   1.8899e+00   1.1097e+03  -2.8766e-03   5.4111e-02  -6.5881e-04
   1.8980e+00   1.1145e+03  -2.4102e-03   5.3852e-02  -7.4787e-04
   1.9062e+00   1.1193e+03  -1.9659e-03   5.3455e-02  -5.7857e-04
   1.9144e+00   1.1241e+03  -1.6036e-03   5.2850e-02  -1.9231e-04
   1.9226e+00   1.1289e+03  -1.3568e-03   5.2157e-02   2.3345e-04
   1.9308e+00   1.1337e+03  -1.2227e-03   5.1576e-02   4.8791e-04
   1.9390e+00   1.1385e+03  -1.1138e-03   5.1247e-02   4.4735e-04
   1.9471e+00   1.1433e+03  -9.6518e-04   5.1149e-02   1.4228e-04
   1.9553e+00   1.1481e+03  -7.8271e-04   5.1104e-02  -2.9049e-04
   1.9635e+00   1.1530e+03  -6.2768e-04   5.0926e-02  -6.9802e-04
   1.9717e+00   1.1578e+03  -5.0315e-04   5.0584e-02  -9.6641e-04
   1.9799e+00   1.1626e+03  -3.6175e-04   5.0216e-02  -1.0220e-03
   1.9880e+00   1.1674e+03  -1.0348e-04   4.9981e-02  -8.5447e-04
   1.9962e+00   1.1722e+03   3.7985e-04   4.9976e-02  -5.3856e-04
   2.0044e+00   1.1770e+03   1.1441e-03   5.0249e-02  -1.8522e-04
   2.0126e+00   1.1818e+03   2.0704e-03   5.0843e-02   1.0282e-04
   2.0208e+00   1.1866e+03   2.9559e-03   5.1760e-02   2.5083e-04
   2.0289e+00   1.1914e+03   3.6221e-03   5.2957e-02   2.4107e-04
   2.0371e+00   1.1962e+03   4.0309e-03   5.4362e-02   1.1964e-04
   2.0453e+00   1.2010e+03   4.2424e-03   5.5861e-02  -5.5353e-05
   2.0535e+00   1.2058e+03   4.3776e-03   5.7298e-02  -2.2154e-04
   2.0617e+00   1.2106e+03   4.5312e-03   5.8463e-02  -3.0718e-04
   2.0699e+00   1.2154e+03   4.7334e-03   5.9166e-02  -2.5284e-04
   2.0780e+00   1.2202e+03   4.9012e-03   5.9353e-02  -6.5611e-05
   2.0862e+00   1.2250e+03   4.9786e-03   5.9146e-02   2.1253e-04
   2.0944e+00   1.2298e+03   4.9946e-03   5.8738e-02   5.2726e-04
   2.1026e+00   1.2346e+03   5.0771e-03   5.8230e-02   8.2791e-04
   2.1108e+00   1.2394e+03   5.3474e-03   5.7625e-02   1.0594e-03
   2.1189e+00   1.2442e+03   5.8915e-03   5.6924e-02   1.1836e-03
   2.1271e+00   1.2490e+03   6.6954e-03   5.6198e-02   1.1836e-03
   2.1353e+00   1.2538e+03   7.6429e-03   5.5476e-02   1.0810e-03
   2.1435e+00   1.2586e+03   8.5091e-03   5.4773e-02   9.5646e-04
   2.1517e+00   1.2634e+03   9.0902e-03   5.4115e-02   8.7288e-04
   2.1598e+00   1.2682e+03   9.2821e-03   5.3609e-02   8.1191e-04
   2.1680e+00   1.2731e+03   9.1192e-03   5.3403e-02   7.0550e-04
   2.1762e+00   1.2779e+03   8.7196e-03   5.3706e-02   5.3249e-04
   2.1844e+00   1.2827e+03   8.2772e-03   5.4724e-02   2.9261e-04
   2.1926e+00   1.2875e+03   7.9409e-03   5.6619e-02  -2.0544e-05
   2.2008e+00   1.2923e+03   7.7669e-03   5.9383e-02  -4.1679e-04
   2.2089e+00   1.2971e+03   7.6977e-03   6.2865e-02  -8.8357e-04
   2.2171e+00   1.3019e+03   7.6360e-03   6.6787e-02  -1.3983e-03
   2.2253e+00   1.3067e+03   7.4536e-03   7.0832e-02  -1.9215e-03
   2.2335e+00   1.3115e+03   7.0418e-03   7.4682e-02  -2.4033e-03
   2.2417e+00   1.3163e+03   6.3466e-03   7.8037e-02  -2.7674e-03
   2.2498e+00   1.3211e+03   5.4614e-03   8.0601e-02  -2.9377e-03
   2.2580e+00   1.3259e+03   4.5464e-03   8.2216e-02  -2.8691e-03
   2.2662e+00   1.3307e+03   3.7626e-03   8.2910e-02  -2.5960e-03
   2.2744e+00   1.3355e+03   3.1900e-03   8.2963e-02  -2.2126e-03
   2.2826e+00   1.3403e+03   2.8443e-03   8.2784e-02  -1.8203e-03
   2.2907e+00   1.3451e+03   2.6638e-03   8.2696e-02  -1.4645e-03
   2.2989e+00   1.3499e+03   2.5455e-03   8.2755e-02  -1.1229e-03
   2.3071e+00   1.3547e+03   2.3115e-03   8.2789e-02  -7.6579e-04
   2.3153e+00   1.3595e+03   1.8628e-03   8.2504e-02  -4.0066e-04
   2.3235e+00   1.3643e+03   1.2138e-03   8.1736e-02  -6.5588e-05
   2.3317e+00   1.3691e+03   4.8068e-04   8.0556e-02   2.3605e-04
   2.3398e+00   1.3739e+03  -1.8963e-04   7.9248e-02   5.3031e-04
   2.3480e+00   1.3787e+03  -6.8943e-04   7.8167e-02   8.1663e-04
   2.3562e+00   1.3835e+03  -1.0449e-03   7.7594e-02   1.0478e-03
   2.3644e+00   1.3883e+03  -1.3090e-03   7.7588e-02   1.1602e-03
   2.3726e+00   1.3932e+03  -1.5427e-03   7.8018e-02   1.1014e-03
   2.3807e+00   1.3980e+03  -1.7860e-03   7.8675e-02   8.3383e-04
   2.3889e+00   1.4028e+03  -2.0482e-03   7.9432e-02   3.1669e-04
   2.3971e+00   1.4076e+03  -2.2850e-03   8.0302e-02  -4.5171e-04
   2.4053e+00   1.4124e+03  -2.4314e-03   8.1397e-02  -1.3986e-03
   2.4135e+00   1.4172e+03  -2.3357e-03   8.2769e-02  -2.3852e-03
   2.4216e+00   1.4220e+03  -1.8756e-03   8.4310e-02  -3.2600e-03
   2.4298e+00   1.4268e+03  -9.9976e-04   8.5737e-02  -3.9191e-03
   2.4380e+00   1.4316e+03   2.3131e-04   8.6783e-02  -4.2970e-03
   2.4462e+00   1.4364e+03   1.6809e-03   8.7342e-02  -4.3521e-03
   2.4544e+00   1.4412e+03   3.1704e-03   8.7418e-02  -4.1002e-03
   2.4626e+00   1.4460e+03   4.5793e-03   8.7074e-02  -3.6205e-03
   2.4707e+00   1.4508e+03   5.8295e-03   8.6437e-02  -3.0138e-03
   2.4789e+00   1.4556e+03   6.9199e-03   8.5704e-02  -2.3699e-03
   2.4871e+00   1.4604e+03   7.8784e-03   8.5079e-02  -1.7648e-03
   2.4953e+00   1.4652e+03   8.6807e-03   8.4695e-02  -1.2943e-03
   2.5035e+00   1.4700e+03   9.1860e-03   8.4659e-02  -1.0572e-03
   2.5116e+00   1.4748e+03   9.3119e-03   8.5066e-02  -1.1079e-03
   2.5198e+00   1.4796e+03   9.1171e-03   8.5930e-02  -1.4221e-03
   2.5280e+00   1.4844e+03   8.7992e-03   8.7160e-02  -1.9123e-03
   2.5362e+00   1.4892e+03   8.5396e-03   8.8664e-02  -2.4593e-03
   2.5444e+00   1.4940e+03   8.4487e-03   9.0387e-02  -2.9549e-03
   2.5525e+00   1.4988e+03   8.5257e-03   9.2274e-02  -3.3562e-03
   2.5607e+00   1.5036e+03   8.7371e-03   9.4224e-02  -3.6407e-03
   2.5689e+00   1.5084e+03   9.0611e-03   9.5986e-02  -3.7960e-03
   2.5771e+00   1.5133e+03   9.5430e-03   9.7234e-02  -3.7944e-03
   2.5853e+00   1.5181e+03   1.0180e-02   9.7745e-02  -3.6163e-03
   2.5935e+00   1.5229e+03   1.0949e-02   9.7542e-02  -3.2312e-03
   2.6016e+00   1.5277e+03   1.1799e-02   9.6774e-02  -2.6159e-03
   2.6098e+00   1.5325e+03   1.2698e-02   9.5522e-02  -1.8239e-03
   2.6180e+00   1.5373e+03   1.3584e-02   9.3758e-02  -1.0344e-03
   2.6262e+00   1.5421e+03   1.4362e-02   9.1457e-02  -4.5144e-04
   2.6344e+00   1.5469e+03   1.4877e-02   8.8775e-02  -1.5888e-04
   2.6425e+00   1.5517e+03   1.5036e-02   8.6051e-02  -8.0497e-05
   2.6507e+00   1.5565e+03   1.4852e-02   8.3622e-02  -1.0263e-04
   2.6589e+00   1.5613e+03   1.4447e-02   8.1604e-02  -1.5346e-04
   2.6671e+00   1.5661e+03   1.3907e-02   7.9893e-02  -2.1720e-04
   2.6753e+00   1.5709e+03   1.3323e-02   7.8300e-02  -2.8123e-04
   2.6834e+00   1.5757e+03   1.2804e-02   7.6659e-02  -3.1783e-04
   2.6916e+00   1.5805e+03   1.2528e-02   7.4896e-02  -2.8014e-04
   2.6998e+00   1.5853e+03   1.2616e-02   7.3100e-02  -1.4208e-04
   2.7080e+00   1.5901e+03   1.3103e-02   7.1492e-02   4.8088e-05
   2.7162e+00   1.5949e+03   1.3982e-02   7.0448e-02   1.9290e-04
   2.7243e+00   1.5997e+03   1.5284e-02   7.0354e-02   1.9251e-04
   2.7325e+00   1.6045e+03   1.6997e-02   7.1424e-02  -3.0210e-05
   2.7407e+00   1.6093e+03   1.9060e-02   7.3556e-02  -5.1683e-04
   2.7489e+00   1.6141e+03   2.1291e-02   7.6351e-02  -1.2368e-03
   2.7571e+00   1.6189e+03   2.3463e-02   7.9245e-02  -2.1128e-03
   2.7653e+00   1.6237e+03   2.5383e-02   8.1745e-02  -3.0501e-03
   2.7734e+00   1.6285e+03   2.6966e-02   8.3568e-02  -3.9400e-03
   2.7816e+00   1.6334e+03   2.8136e-02   8.4666e-02  -4.6740e-03
   2.7898e+00   1.6382e+03   2.8886e-02   8.5099e-02  -5.1596e-03
   2.7980e+00   1.6430e+03   2.9314e-02   8.4959e-02  -5.3743e-03
   2.8062e+00   1.6478e+03   2.9633e-02   8.4287e-02  -5.3780e-03
   2.8143e+00   1.6526e+03   3.0010e-02   8.3108e-02  -5.2966e-03
   2.8225e+00   1.6574e+03   3.0597e-02   8.1393e-02  -5.2420e-03
   2.8307e+00   1.6622e+03   3.1475e-02   7.9206e-02  -5.2450e-03
   2.8389e+00   1.6670e+03   3.2648e-02   7.6695e-02  -5.2309e-03
   2.8471e+00   1.6718e+03   3.4085e-02   7.4073e-02  -5.0507e-03
   2.8552e+00   1.6766e+03   3.5824e-02   7.1426e-02  -4.5666e-03
   2.8634e+00   1.6814e+03   3.7905e-02   6.8693e-02  -3.7625e-03
   2.8716e+00   1.6862e+03   4.0396e-02   6.5692e-02  -2.7546e-03
   2.8798e+00   1.6910e+03   4.3317e-02   6.2269e-02  -1.6955e-03
   2.8880e+00   1.6958e+03   4.6628e-02   5.8377e-02  -6.4750e-04
   2.8962e+00   1.7006e+03   5.0208e-02   5.4074e-02   4.1744e-04
   2.9043e+00   1.7054e+03   5.4001e-02   4.9436e-02   1.5166e-03
   2.9125e+00   1.7102e+03   5.8046e-02   4.4627e-02   2.6011e-03
   2.9207e+00   1.7150e+03   6.2468e-02   3.9923e-02   3.6286e-03
   2.9289e+00   1.7198e+03   6.7392e-02   3.5613e-02   4.5886e-03
   2.9371e+00   1.7246e+03   7.2965e-02   3.1889e-02   5.5536e-03
   2.9452e+00   1.7294e+03   7.9307e-02   2.8822e-02   6.6490e-03
   2.9534e+00   1.7342e+03   8.6535e-02   2.6465e-02   8.0542e-03
   2.9616e+00   1.7390e+03   9.4715e-02   2.5016e-02   9.9044e-03
   2.9698e+00   1.7438e+03   1.0399e-01   2.4866e-02   1.2205e-02
   2.9780e+00   1.7486e+03   1.1458e-01   2.6645e-02   1.4777e-02
   2.9861e+00   1.7535e+03   1.2663e-01   3.1152e-02   1.7317e-02
   2.9943e+00   1.7583e+03   1.4011e-01   3.9263e-02   1.9479e-02
   3.0025e+00   1.7631e+03   1.5485e-01   5.1761e-02   2.0973e-02
   3.0107e+00   1.7679e+03   1.7042e-01   6.9323e-02   2.1604e-02
   3.0189e+00   1.7727e+03   1.8605e-01   9.2609e-02   2.1269e-02
   3.0271e+00   1.7775e+03   2.0056e-01   1.2238e-01   1.9889e-02
   3.0352e+00   1.7823e+03   2.1232e-01   1.5940e-01   1.7356e-02
   3.0434e+00   1.7871e+03   2.1914e-01   2.0443e-01   1.3483e-02
   3.0516e+00   1.7919e+03   2.1806e-01   2.5801e-01   7.9730e-03
   3.0598e+00   1.7967e+03   2.0527e-01   3.2033e-01   3.7576e-04
   3.0680e+00   1.8015e+03   1.7609e-01   3.9064e-01  -9.8168e-03
   3.0761e+00   1.8063e+03   1.2531e-01   4.6679e-01  -2.2898e-02
   3.0843e+00   1.8111e+03   4.7705e-02   5.4491e-01  -3.8695e-02
   3.0925e+00   1.8159e+03  -6.0713e-02   6.1928e-01  -5.6520e-02
   3.1007e+00   1.8207e+03  -2.0061e-01   6.8252e-01  -7.5200e-02
   3.1089e+00   1.8255e+03  -3.6601e-01   7.2685e-01  -9.3106e-02
   3.1170e+00   1.8303e+03  -5.4074e-01   7.4652e-01  -1.0837e-01
   3.1252e+00   1.8351e+03  -6.9711e-01   7.4217e-01  -1.1951e-01
   3.1334e+00   1.8399e+03  -8.0339e-01   7.2510e-01  -1.2599e-01
