# The data in this file was extracted from a direct numerical
# simulation of fully developed plane turbulent channel
# flow. Particulars are listed below. Note that some of the statistical
# quantities provided in this data set should be zero due to
# (statistical) symmetries in the flow. These quantities are reported
# here none-the-less as an indicator of the quality of the statistics.
# more statistics from this data set are available at 
# http://www.tam.uiuc.edu/Faculty/Moser/channel 
#
# Authors: Moser, Kim & Mansour
# Reference: DNS of Turbulent Channel Flow up to Re_tau=590, 1999,
#            Physics of Fluids, vol 11, 943-945.
# Numerical Method: Kim, Moin & Moser, 1987, J. Fluid Mech. vol 177, 133-166 
# Re_tau = 587.19
# Normalization: U_tau, h 
# Description: Spanwise (z) Two-point cross correlations of velocity and pressure at indicated y-location 
# Filename: chan590/correlations/chan590.zccorr.298 
# Date File Created: Feb 29, 2000 
#
#---End of Header---
# 
# nz = 384,  Re = 587.19,  y = 0.50710,  y+ = 297.77
#      dz           dz+         R_uv         R_up         R_vp
#
   0.0000e+00   0.0000e+00  -4.7332e-01   3.3021e-01  -7.0480e-02
   8.1812e-03   4.8040e+00  -4.7214e-01   3.2979e-01  -6.9414e-02
   1.6362e-02   9.6079e+00  -4.6707e-01   3.2841e-01  -6.8610e-02
   2.4544e-02   1.4412e+01  -4.5838e-01   3.2611e-01  -6.8006e-02
   3.2725e-02   1.9216e+01  -4.4654e-01   3.2300e-01  -6.7502e-02
   4.0906e-02   2.4020e+01  -4.3210e-01   3.1918e-01  -6.6994e-02
   4.9087e-02   2.8824e+01  -4.1562e-01   3.1473e-01  -6.6401e-02
   5.7269e-02   3.3628e+01  -3.9766e-01   3.0976e-01  -6.5672e-02
   6.5450e-02   3.8432e+01  -3.7869e-01   3.0432e-01  -6.4783e-02
   7.3631e-02   4.3236e+01  -3.5909e-01   2.9849e-01  -6.3733e-02
   8.1812e-02   4.8040e+01  -3.3921e-01   2.9234e-01  -6.2535e-02
   8.9994e-02   5.2844e+01  -3.1927e-01   2.8591e-01  -6.1211e-02
   9.8175e-02   5.7648e+01  -2.9950e-01   2.7926e-01  -5.9781e-02
   1.0636e-01   6.2452e+01  -2.8003e-01   2.7244e-01  -5.8266e-02
   1.1454e-01   6.7256e+01  -2.6099e-01   2.6548e-01  -5.6677e-02
   1.2272e-01   7.2060e+01  -2.4245e-01   2.5841e-01  -5.5026e-02
   1.3090e-01   7.6864e+01  -2.2448e-01   2.5126e-01  -5.3321e-02
   1.3908e-01   8.1668e+01  -2.0709e-01   2.4404e-01  -5.1572e-02
   1.4726e-01   8.6472e+01  -1.9032e-01   2.3677e-01  -4.9792e-02
   1.5544e-01   9.1275e+01  -1.7417e-01   2.2946e-01  -4.7994e-02
   1.6362e-01   9.6079e+01  -1.5862e-01   2.2214e-01  -4.6192e-02
   1.7181e-01   1.0088e+02  -1.4367e-01   2.1480e-01  -4.4397e-02
   1.7999e-01   1.0569e+02  -1.2929e-01   2.0748e-01  -4.2618e-02
   1.8817e-01   1.1049e+02  -1.1547e-01   2.0018e-01  -4.0861e-02
   1.9635e-01   1.1530e+02  -1.0220e-01   1.9290e-01  -3.9129e-02
   2.0453e-01   1.2010e+02  -8.9454e-02   1.8567e-01  -3.7423e-02
   2.1271e-01   1.2490e+02  -7.7223e-02   1.7847e-01  -3.5743e-02
   2.2089e-01   1.2971e+02  -6.5493e-02   1.7131e-01  -3.4089e-02
   2.2907e-01   1.3451e+02  -5.4254e-02   1.6420e-01  -3.2459e-02
   2.3726e-01   1.3932e+02  -4.3499e-02   1.5715e-01  -3.0855e-02
   2.4544e-01   1.4412e+02  -3.3221e-02   1.5015e-01  -2.9278e-02
   2.5362e-01   1.4892e+02  -2.3416e-02   1.4322e-01  -2.7730e-02
   2.6180e-01   1.5373e+02  -1.4078e-02   1.3635e-01  -2.6217e-02
   2.6998e-01   1.5853e+02  -5.2016e-03   1.2956e-01  -2.4743e-02
   2.7816e-01   1.6334e+02   3.2219e-03   1.2285e-01  -2.3315e-02
   2.8634e-01   1.6814e+02   1.1203e-02   1.1622e-01  -2.1941e-02
   2.9452e-01   1.7294e+02   1.8755e-02   1.0967e-01  -2.0626e-02
   3.0271e-01   1.7775e+02   2.5886e-02   1.0322e-01  -1.9377e-02
   3.1089e-01   1.8255e+02   3.2607e-02   9.6884e-02  -1.8198e-02
   3.1907e-01   1.8735e+02   3.8921e-02   9.0664e-02  -1.7089e-02
   3.2725e-01   1.9216e+02   4.4833e-02   8.4572e-02  -1.6051e-02
   3.3543e-01   1.9696e+02   5.0349e-02   7.8614e-02  -1.5084e-02
   3.4361e-01   2.0177e+02   5.5483e-02   7.2792e-02  -1.4186e-02
   3.5179e-01   2.0657e+02   6.0251e-02   6.7108e-02  -1.3358e-02
   3.5997e-01   2.1137e+02   6.4672e-02   6.1560e-02  -1.2601e-02
   3.6816e-01   2.1618e+02   6.8763e-02   5.6145e-02  -1.1914e-02
   3.7634e-01   2.2098e+02   7.2540e-02   5.0861e-02  -1.1298e-02
   3.8452e-01   2.2579e+02   7.6016e-02   4.5707e-02  -1.0752e-02
   3.9270e-01   2.3059e+02   7.9202e-02   4.0684e-02  -1.0271e-02
   4.0088e-01   2.3539e+02   8.2110e-02   3.5792e-02  -9.8507e-03
   4.0906e-01   2.4020e+02   8.4753e-02   3.1029e-02  -9.4795e-03
   4.1724e-01   2.4500e+02   8.7147e-02   2.6393e-02  -9.1460e-03
   4.2542e-01   2.4981e+02   8.9308e-02   2.1877e-02  -8.8367e-03
   4.3361e-01   2.5461e+02   9.1258e-02   1.7476e-02  -8.5380e-03
   4.4179e-01   2.5941e+02   9.3017e-02   1.3181e-02  -8.2367e-03
   4.4997e-01   2.6422e+02   9.4601e-02   8.9825e-03  -7.9208e-03
   4.5815e-01   2.6902e+02   9.6023e-02   4.8730e-03  -7.5800e-03
   4.6633e-01   2.7383e+02   9.7292e-02   8.4725e-04  -7.2061e-03
   4.7451e-01   2.7863e+02   9.8417e-02  -3.0964e-03  -6.7944e-03
   4.8269e-01   2.8343e+02   9.9402e-02  -6.9562e-03  -6.3440e-03
   4.9087e-01   2.8824e+02   1.0025e-01  -1.0729e-02  -5.8585e-03
   4.9906e-01   2.9304e+02   1.0097e-01  -1.4411e-02  -5.3451e-03
   5.0724e-01   2.9785e+02   1.0157e-01  -1.7997e-02  -4.8123e-03
   5.1542e-01   3.0265e+02   1.0204e-01  -2.1486e-02  -4.2691e-03
   5.2360e-01   3.0745e+02   1.0240e-01  -2.4873e-02  -3.7228e-03
   5.3178e-01   3.1226e+02   1.0265e-01  -2.8158e-02  -3.1792e-03
   5.3996e-01   3.1706e+02   1.0280e-01  -3.1344e-02  -2.6419e-03
   5.4814e-01   3.2187e+02   1.0285e-01  -3.4432e-02  -2.1125e-03
   5.5632e-01   3.2667e+02   1.0281e-01  -3.7424e-02  -1.5911e-03
   5.6450e-01   3.3147e+02   1.0268e-01  -4.0322e-02  -1.0760e-03
   5.7269e-01   3.3628e+02   1.0247e-01  -4.3122e-02  -5.6482e-04
   5.8087e-01   3.4108e+02   1.0218e-01  -4.5823e-02  -5.5111e-05
   5.8905e-01   3.4589e+02   1.0183e-01  -4.8423e-02   4.5456e-04
   5.9723e-01   3.5069e+02   1.0140e-01  -5.0920e-02   9.6388e-04
   6.0541e-01   3.5549e+02   1.0090e-01  -5.3316e-02   1.4702e-03
   6.1359e-01   3.6030e+02   1.0033e-01  -5.5611e-02   1.9685e-03
   6.2177e-01   3.6510e+02   9.9686e-02  -5.7804e-02   2.4509e-03
   6.2995e-01   3.6991e+02   9.8979e-02  -5.9893e-02   2.9082e-03
   6.3814e-01   3.7471e+02   9.8215e-02  -6.1879e-02   3.3309e-03
   6.4632e-01   3.7951e+02   9.7401e-02  -6.3763e-02   3.7120e-03
   6.5450e-01   3.8432e+02   9.6548e-02  -6.5547e-02   4.0477e-03
   6.6268e-01   3.8912e+02   9.5664e-02  -6.7240e-02   4.3386e-03
   6.7086e-01   3.9393e+02   9.4758e-02  -6.8847e-02   4.5883e-03
   6.7904e-01   3.9873e+02   9.3840e-02  -7.0376e-02   4.8025e-03
   6.8722e-01   4.0353e+02   9.2920e-02  -7.1831e-02   4.9873e-03
   6.9540e-01   4.0834e+02   9.2006e-02  -7.3216e-02   5.1482e-03
   7.0359e-01   4.1314e+02   9.1105e-02  -7.4533e-02   5.2899e-03
   7.1177e-01   4.1795e+02   9.0222e-02  -7.5783e-02   5.4162e-03
   7.1995e-01   4.2275e+02   8.9358e-02  -7.6966e-02   5.5294e-03
   7.2813e-01   4.2755e+02   8.8514e-02  -7.8082e-02   5.6306e-03
   7.3631e-01   4.3236e+02   8.7685e-02  -7.9129e-02   5.7202e-03
   7.4449e-01   4.3716e+02   8.6865e-02  -8.0106e-02   5.7985e-03
   7.5267e-01   4.4197e+02   8.6043e-02  -8.1012e-02   5.8660e-03
   7.6085e-01   4.4677e+02   8.5206e-02  -8.1844e-02   5.9232e-03
   7.6904e-01   4.5157e+02   8.4345e-02  -8.2601e-02   5.9707e-03
   7.7722e-01   4.5638e+02   8.3451e-02  -8.3284e-02   6.0081e-03
   7.8540e-01   4.6118e+02   8.2518e-02  -8.3891e-02   6.0341e-03
   7.9358e-01   4.6599e+02   8.1545e-02  -8.4421e-02   6.0457e-03
   8.0176e-01   4.7079e+02   8.0536e-02  -8.4871e-02   6.0391e-03
   8.0994e-01   4.7559e+02   7.9497e-02  -8.5238e-02   6.0102e-03
   8.1812e-01   4.8040e+02   7.8433e-02  -8.5516e-02   5.9568e-03
   8.2630e-01   4.8520e+02   7.7355e-02  -8.5701e-02   5.8786e-03
   8.3449e-01   4.9001e+02   7.6271e-02  -8.5791e-02   5.7774e-03
   8.4267e-01   4.9481e+02   7.5187e-02  -8.5787e-02   5.6552e-03
   8.5085e-01   4.9961e+02   7.4103e-02  -8.5690e-02   5.5143e-03
   8.5903e-01   5.0442e+02   7.3020e-02  -8.5506e-02   5.3565e-03
   8.6721e-01   5.0922e+02   7.1936e-02  -8.5239e-02   5.1844e-03
   8.7539e-01   5.1403e+02   7.0845e-02  -8.4894e-02   5.0005e-03
   8.8357e-01   5.1883e+02   6.9744e-02  -8.4478e-02   4.8067e-03
   8.9175e-01   5.2363e+02   6.8626e-02  -8.3995e-02   4.6044e-03
   8.9994e-01   5.2844e+02   6.7483e-02  -8.3449e-02   4.3941e-03
   9.0812e-01   5.3324e+02   6.6312e-02  -8.2844e-02   4.1770e-03
   9.1630e-01   5.3805e+02   6.5107e-02  -8.2181e-02   3.9550e-03
   9.2448e-01   5.4285e+02   6.3868e-02  -8.1458e-02   3.7310e-03
   9.3266e-01   5.4765e+02   6.2594e-02  -8.0675e-02   3.5083e-03
   9.4084e-01   5.5246e+02   6.1286e-02  -7.9828e-02   3.2905e-03
   9.4902e-01   5.5726e+02   5.9946e-02  -7.8915e-02   3.0816e-03
   9.5720e-01   5.6206e+02   5.8571e-02  -7.7932e-02   2.8850e-03
   9.6539e-01   5.6687e+02   5.7161e-02  -7.6879e-02   2.7029e-03
   9.7357e-01   5.7167e+02   5.5713e-02  -7.5751e-02   2.5351e-03
   9.8175e-01   5.7648e+02   5.4227e-02  -7.4549e-02   2.3789e-03
   9.8993e-01   5.8128e+02   5.2708e-02  -7.3272e-02   2.2289e-03
   9.9811e-01   5.8608e+02   5.1160e-02  -7.1918e-02   2.0778e-03
   1.0063e+00   5.9089e+02   4.9592e-02  -7.0487e-02   1.9174e-03
   1.0145e+00   5.9569e+02   4.8014e-02  -6.8975e-02   1.7387e-03
   1.0227e+00   6.0050e+02   4.6436e-02  -6.7375e-02   1.5322e-03
   1.0308e+00   6.0530e+02   4.4862e-02  -6.5684e-02   1.2875e-03
   1.0390e+00   6.1010e+02   4.3297e-02  -6.3896e-02   9.9322e-04
   1.0472e+00   6.1491e+02   4.1739e-02  -6.2011e-02   6.3864e-04
   1.0554e+00   6.1971e+02   4.0187e-02  -6.0029e-02   2.1507e-04
   1.0636e+00   6.2452e+02   3.8636e-02  -5.7952e-02  -2.8231e-04
   1.0717e+00   6.2932e+02   3.7084e-02  -5.5785e-02  -8.5335e-04
   1.0799e+00   6.3412e+02   3.5528e-02  -5.3536e-02  -1.4925e-03
   1.0881e+00   6.3893e+02   3.3967e-02  -5.1215e-02  -2.1891e-03
   1.0963e+00   6.4373e+02   3.2400e-02  -4.8832e-02  -2.9280e-03
   1.1045e+00   6.4854e+02   3.0830e-02  -4.6400e-02  -3.6916e-03
   1.1126e+00   6.5334e+02   2.9261e-02  -4.3933e-02  -4.4623e-03
   1.1208e+00   6.5814e+02   2.7695e-02  -4.1446e-02  -5.2245e-03
   1.1290e+00   6.6295e+02   2.6134e-02  -3.8960e-02  -5.9657e-03
   1.1372e+00   6.6775e+02   2.4577e-02  -3.6492e-02  -6.6764e-03
   1.1454e+00   6.7256e+02   2.3022e-02  -3.4062e-02  -7.3493e-03
   1.1536e+00   6.7736e+02   2.1467e-02  -3.1688e-02  -7.9775e-03
   1.1617e+00   6.8216e+02   1.9909e-02  -2.9383e-02  -8.5544e-03
   1.1699e+00   6.8697e+02   1.8351e-02  -2.7158e-02  -9.0731e-03
   1.1781e+00   6.9177e+02   1.6797e-02  -2.5019e-02  -9.5280e-03
   1.1863e+00   6.9658e+02   1.5252e-02  -2.2968e-02  -9.9160e-03
   1.1945e+00   7.0138e+02   1.3723e-02  -2.1006e-02  -1.0238e-02
   1.2026e+00   7.0618e+02   1.2213e-02  -1.9132e-02  -1.0498e-02
   1.2108e+00   7.1099e+02   1.0722e-02  -1.7344e-02  -1.0704e-02
   1.2190e+00   7.1579e+02   9.2491e-03  -1.5640e-02  -1.0863e-02
   1.2272e+00   7.2060e+02   7.7905e-03  -1.4017e-02  -1.0982e-02
   1.2354e+00   7.2540e+02   6.3439e-03  -1.2471e-02  -1.1067e-02
   1.2435e+00   7.3020e+02   4.9097e-03  -1.0998e-02  -1.1122e-02
   1.2517e+00   7.3501e+02   3.4922e-03  -9.5935e-03  -1.1152e-02
   1.2599e+00   7.3981e+02   2.0995e-03  -8.2537e-03  -1.1162e-02
   1.2681e+00   7.4462e+02   7.4033e-04  -6.9743e-03  -1.1159e-02
   1.2763e+00   7.4942e+02  -5.7859e-04  -5.7508e-03  -1.1148e-02
   1.2845e+00   7.5422e+02  -1.8532e-03  -4.5786e-03  -1.1139e-02
   1.2926e+00   7.5903e+02  -3.0813e-03  -3.4528e-03  -1.1139e-02
   1.3008e+00   7.6383e+02  -4.2607e-03  -2.3688e-03  -1.1154e-02
   1.3090e+00   7.6864e+02  -5.3883e-03  -1.3216e-03  -1.1188e-02
   1.3172e+00   7.7344e+02  -6.4603e-03  -3.0672e-04  -1.1243e-02
   1.3254e+00   7.7824e+02  -7.4729e-03   6.8128e-04  -1.1317e-02
   1.3335e+00   7.8305e+02  -8.4224e-03   1.6488e-03  -1.1411e-02
   1.3417e+00   7.8785e+02  -9.3055e-03   2.6035e-03  -1.1522e-02
   1.3499e+00   7.9266e+02  -1.0121e-02   3.5534e-03  -1.1650e-02
   1.3581e+00   7.9746e+02  -1.0867e-02   4.5067e-03  -1.1796e-02
   1.3663e+00   8.0226e+02  -1.1547e-02   5.4702e-03  -1.1961e-02
   1.3744e+00   8.0707e+02  -1.2162e-02   6.4490e-03  -1.2146e-02
   1.3826e+00   8.1187e+02  -1.2711e-02   7.4464e-03  -1.2353e-02
   1.3908e+00   8.1668e+02  -1.3196e-02   8.4647e-03  -1.2581e-02
   1.3990e+00   8.2148e+02  -1.3616e-02   9.5045e-03  -1.2829e-02
   1.4072e+00   8.2628e+02  -1.3972e-02   1.0565e-02  -1.3094e-02
   1.4154e+00   8.3109e+02  -1.4263e-02   1.1644e-02  -1.3377e-02
   1.4235e+00   8.3589e+02  -1.4492e-02   1.2734e-02  -1.3673e-02
   1.4317e+00   8.4070e+02  -1.4663e-02   1.3829e-02  -1.3982e-02
   1.4399e+00   8.4550e+02  -1.4784e-02   1.4917e-02  -1.4302e-02
   1.4481e+00   8.5030e+02  -1.4868e-02   1.5987e-02  -1.4630e-02
   1.4563e+00   8.5511e+02  -1.4928e-02   1.7028e-02  -1.4962e-02
   1.4644e+00   8.5991e+02  -1.4975e-02   1.8030e-02  -1.5291e-02
   1.4726e+00   8.6472e+02  -1.5015e-02   1.8989e-02  -1.5612e-02
   1.4808e+00   8.6952e+02  -1.5051e-02   1.9903e-02  -1.5919e-02
   1.4890e+00   8.7432e+02  -1.5079e-02   2.0775e-02  -1.6211e-02
   1.4972e+00   8.7913e+02  -1.5093e-02   2.1609e-02  -1.6487e-02
   1.5053e+00   8.8393e+02  -1.5088e-02   2.2410e-02  -1.6746e-02
   1.5135e+00   8.8874e+02  -1.5059e-02   2.3182e-02  -1.6988e-02
   1.5217e+00   8.9354e+02  -1.5003e-02   2.3925e-02  -1.7211e-02
   1.5299e+00   8.9834e+02  -1.4918e-02   2.4641e-02  -1.7413e-02
   1.5381e+00   9.0315e+02  -1.4803e-02   2.5327e-02  -1.7594e-02
   1.5463e+00   9.0795e+02  -1.4659e-02   2.5981e-02  -1.7758e-02
   1.5544e+00   9.1276e+02  -1.4486e-02   2.6602e-02  -1.7908e-02
   1.5626e+00   9.1756e+02  -1.4287e-02   2.7189e-02  -1.8047e-02
   1.5708e+00   9.2236e+02  -1.4062e-02   2.7743e-02  -1.8179e-02
   1.5790e+00   9.2717e+02  -1.3808e-02   2.8265e-02  -1.8303e-02
   1.5872e+00   9.3197e+02  -1.3522e-02   2.8759e-02  -1.8419e-02
   1.5953e+00   9.3677e+02  -1.3201e-02   2.9224e-02  -1.8525e-02
   1.6035e+00   9.4158e+02  -1.2843e-02   2.9661e-02  -1.8618e-02
   1.6117e+00   9.4638e+02  -1.2450e-02   3.0067e-02  -1.8695e-02
   1.6199e+00   9.5119e+02  -1.2029e-02   3.0440e-02  -1.8753e-02
   1.6281e+00   9.5599e+02  -1.1588e-02   3.0774e-02  -1.8790e-02
   1.6362e+00   9.6079e+02  -1.1135e-02   3.1066e-02  -1.8804e-02
   1.6444e+00   9.6560e+02  -1.0678e-02   3.1311e-02  -1.8791e-02
   1.6526e+00   9.7040e+02  -1.0223e-02   3.1509e-02  -1.8751e-02
   1.6608e+00   9.7521e+02  -9.7764e-03   3.1657e-02  -1.8685e-02
   1.6690e+00   9.8001e+02  -9.3426e-03   3.1752e-02  -1.8593e-02
   1.6772e+00   9.8481e+02  -8.9264e-03   3.1792e-02  -1.8476e-02
   1.6853e+00   9.8962e+02  -8.5317e-03   3.1770e-02  -1.8333e-02
   1.6935e+00   9.9442e+02  -8.1611e-03   3.1681e-02  -1.8167e-02
   1.7017e+00   9.9923e+02  -7.8149e-03   3.1522e-02  -1.7976e-02
   1.7099e+00   1.0040e+03  -7.4905e-03   3.1289e-02  -1.7762e-02
   1.7181e+00   1.0088e+03  -7.1834e-03   3.0979e-02  -1.7522e-02
   1.7262e+00   1.0136e+03  -6.8874e-03   3.0587e-02  -1.7255e-02
   1.7344e+00   1.0184e+03  -6.5971e-03   3.0108e-02  -1.6955e-02
   1.7426e+00   1.0232e+03  -6.3092e-03   2.9537e-02  -1.6619e-02
   1.7508e+00   1.0281e+03  -6.0226e-03   2.8871e-02  -1.6241e-02
   1.7590e+00   1.0329e+03  -5.7377e-03   2.8108e-02  -1.5817e-02
   1.7671e+00   1.0377e+03  -5.4545e-03   2.7248e-02  -1.5342e-02
   1.7753e+00   1.0425e+03  -5.1715e-03   2.6289e-02  -1.4812e-02
   1.7835e+00   1.0473e+03  -4.8859e-03   2.5233e-02  -1.4228e-02
   1.7917e+00   1.0521e+03  -4.5936e-03   2.4079e-02  -1.3592e-02
   1.7999e+00   1.0569e+03  -4.2891e-03   2.2826e-02  -1.2905e-02
   1.8081e+00   1.0617e+03  -3.9670e-03   2.1475e-02  -1.2175e-02
   1.8162e+00   1.0665e+03  -3.6215e-03   2.0026e-02  -1.1405e-02
   1.8244e+00   1.0713e+03  -3.2464e-03   1.8478e-02  -1.0603e-02
   1.8326e+00   1.0761e+03  -2.8344e-03   1.6834e-02  -9.7749e-03
   1.8408e+00   1.0809e+03  -2.3767e-03   1.5094e-02  -8.9253e-03
   1.8490e+00   1.0857e+03  -1.8634e-03   1.3263e-02  -8.0594e-03
   1.8571e+00   1.0905e+03  -1.2845e-03   1.1341e-02  -7.1814e-03
   1.8653e+00   1.0953e+03  -6.3210e-04   9.3335e-03  -6.2965e-03
   1.8735e+00   1.1001e+03   9.8479e-05   7.2412e-03  -5.4104e-03
   1.8817e+00   1.1049e+03   9.0664e-04   5.0668e-03  -4.5299e-03
   1.8899e+00   1.1097e+03   1.7866e-03   2.8129e-03  -3.6611e-03
   1.8980e+00   1.1145e+03   2.7286e-03   4.8351e-04  -2.8086e-03
   1.9062e+00   1.1193e+03   3.7223e-03  -1.9154e-03  -1.9747e-03
   1.9144e+00   1.1241e+03   4.7592e-03  -4.3753e-03  -1.1590e-03
   1.9226e+00   1.1289e+03   5.8348e-03  -6.8848e-03  -3.5949e-04
   1.9308e+00   1.1337e+03   6.9476e-03  -9.4295e-03   4.2677e-04
   1.9390e+00   1.1385e+03   8.0983e-03  -1.1993e-02   1.2027e-03
   1.9471e+00   1.1433e+03   9.2870e-03  -1.4557e-02   1.9704e-03
   1.9553e+00   1.1481e+03   1.0512e-02  -1.7103e-02   2.7308e-03
   1.9635e+00   1.1530e+03   1.1770e-02  -1.9614e-02   3.4825e-03
   1.9717e+00   1.1578e+03   1.3055e-02  -2.2076e-02   4.2218e-03
   1.9799e+00   1.1626e+03   1.4360e-02  -2.4478e-02   4.9422e-03
   1.9880e+00   1.1674e+03   1.5678e-02  -2.6815e-02   5.6356e-03
   1.9962e+00   1.1722e+03   1.7003e-02  -2.9085e-02   6.2938e-03
   2.0044e+00   1.1770e+03   1.8333e-02  -3.1290e-02   6.9100e-03
   2.0126e+00   1.1818e+03   1.9662e-02  -3.3435e-02   7.4795e-03
   2.0208e+00   1.1866e+03   2.0989e-02  -3.5526e-02   7.9997e-03
   2.0289e+00   1.1914e+03   2.2312e-02  -3.7572e-02   8.4704e-03
   2.0371e+00   1.1962e+03   2.3627e-02  -3.9580e-02   8.8931e-03
   2.0453e+00   1.2010e+03   2.4936e-02  -4.1556e-02   9.2707e-03
   2.0535e+00   1.2058e+03   2.6242e-02  -4.3504e-02   9.6072e-03
   2.0617e+00   1.2106e+03   2.7547e-02  -4.5421e-02   9.9067e-03
   2.0699e+00   1.2154e+03   2.8858e-02  -4.7307e-02   1.0173e-02
   2.0780e+00   1.2202e+03   3.0176e-02  -4.9156e-02   1.0406e-02
   2.0862e+00   1.2250e+03   3.1502e-02  -5.0967e-02   1.0608e-02
   2.0944e+00   1.2298e+03   3.2835e-02  -5.2736e-02   1.0777e-02
   2.1026e+00   1.2346e+03   3.4173e-02  -5.4460e-02   1.0911e-02
   2.1108e+00   1.2394e+03   3.5514e-02  -5.6137e-02   1.1009e-02
   2.1189e+00   1.2442e+03   3.6856e-02  -5.7766e-02   1.1073e-02
   2.1271e+00   1.2490e+03   3.8199e-02  -5.9346e-02   1.1108e-02
   2.1353e+00   1.2538e+03   3.9544e-02  -6.0879e-02   1.1120e-02
   2.1435e+00   1.2586e+03   4.0891e-02  -6.2369e-02   1.1117e-02
   2.1517e+00   1.2634e+03   4.2243e-02  -6.3820e-02   1.1109e-02
   2.1598e+00   1.2682e+03   4.3601e-02  -6.5236e-02   1.1100e-02
   2.1680e+00   1.2731e+03   4.4964e-02  -6.6619e-02   1.1096e-02
   2.1762e+00   1.2779e+03   4.6328e-02  -6.7966e-02   1.1100e-02
   2.1844e+00   1.2827e+03   4.7686e-02  -6.9274e-02   1.1116e-02
   2.1926e+00   1.2875e+03   4.9029e-02  -7.0535e-02   1.1146e-02
   2.2008e+00   1.2923e+03   5.0350e-02  -7.1744e-02   1.1190e-02
   2.2089e+00   1.2971e+03   5.1643e-02  -7.2896e-02   1.1249e-02
   2.2171e+00   1.3019e+03   5.2904e-02  -7.3991e-02   1.1322e-02
   2.2253e+00   1.3067e+03   5.4130e-02  -7.5029e-02   1.1409e-02
   2.2335e+00   1.3115e+03   5.5322e-02  -7.6016e-02   1.1507e-02
   2.2417e+00   1.3163e+03   5.6479e-02  -7.6959e-02   1.1619e-02
   2.2498e+00   1.3211e+03   5.7603e-02  -7.7865e-02   1.1746e-02
   2.2580e+00   1.3259e+03   5.8698e-02  -7.8742e-02   1.1893e-02
   2.2662e+00   1.3307e+03   5.9767e-02  -7.9596e-02   1.2066e-02
   2.2744e+00   1.3355e+03   6.0819e-02  -8.0430e-02   1.2267e-02
   2.2826e+00   1.3403e+03   6.1865e-02  -8.1244e-02   1.2495e-02
   2.2907e+00   1.3451e+03   6.2916e-02  -8.2033e-02   1.2748e-02
   2.2989e+00   1.3499e+03   6.3984e-02  -8.2793e-02   1.3017e-02
   2.3071e+00   1.3547e+03   6.5077e-02  -8.3514e-02   1.3292e-02
   2.3153e+00   1.3595e+03   6.6200e-02  -8.4190e-02   1.3562e-02
   2.3235e+00   1.3643e+03   6.7358e-02  -8.4810e-02   1.3815e-02
   2.3317e+00   1.3691e+03   6.8551e-02  -8.5368e-02   1.4043e-02
   2.3398e+00   1.3739e+03   6.9781e-02  -8.5855e-02   1.4237e-02
   2.3480e+00   1.3787e+03   7.1048e-02  -8.6264e-02   1.4394e-02
   2.3562e+00   1.3835e+03   7.2351e-02  -8.6591e-02   1.4509e-02
   2.3644e+00   1.3883e+03   7.3688e-02  -8.6827e-02   1.4582e-02
   2.3726e+00   1.3932e+03   7.5058e-02  -8.6967e-02   1.4609e-02
   2.3807e+00   1.3980e+03   7.6461e-02  -8.7006e-02   1.4593e-02
   2.3889e+00   1.4028e+03   7.7901e-02  -8.6938e-02   1.4530e-02
   2.3971e+00   1.4076e+03   7.9379e-02  -8.6760e-02   1.4422e-02
   2.4053e+00   1.4124e+03   8.0899e-02  -8.6472e-02   1.4265e-02
   2.4135e+00   1.4172e+03   8.2456e-02  -8.6073e-02   1.4060e-02
   2.4216e+00   1.4220e+03   8.4048e-02  -8.5564e-02   1.3807e-02
   2.4298e+00   1.4268e+03   8.5663e-02  -8.4944e-02   1.3510e-02
   2.4380e+00   1.4316e+03   8.7290e-02  -8.4211e-02   1.3172e-02
   2.4462e+00   1.4364e+03   8.8916e-02  -8.3364e-02   1.2796e-02
   2.4544e+00   1.4412e+03   9.0529e-02  -8.2400e-02   1.2386e-02
   2.4626e+00   1.4460e+03   9.2116e-02  -8.1317e-02   1.1944e-02
   2.4707e+00   1.4508e+03   9.3669e-02  -8.0110e-02   1.1474e-02
   2.4789e+00   1.4556e+03   9.5176e-02  -7.8777e-02   1.0979e-02
   2.4871e+00   1.4604e+03   9.6625e-02  -7.7311e-02   1.0461e-02
   2.4953e+00   1.4652e+03   9.8006e-02  -7.5706e-02   9.9232e-03
   2.5035e+00   1.4700e+03   9.9309e-02  -7.3956e-02   9.3660e-03
   2.5116e+00   1.4748e+03   1.0052e-01  -7.2053e-02   8.7875e-03
   2.5198e+00   1.4796e+03   1.0164e-01  -6.9993e-02   8.1837e-03
   2.5280e+00   1.4844e+03   1.0265e-01  -6.7771e-02   7.5491e-03
   2.5362e+00   1.4892e+03   1.0355e-01  -6.5389e-02   6.8776e-03
   2.5444e+00   1.4940e+03   1.0435e-01  -6.2848e-02   6.1632e-03
   2.5525e+00   1.4988e+03   1.0503e-01  -6.0153e-02   5.4013e-03
   2.5607e+00   1.5036e+03   1.0560e-01  -5.7310e-02   4.5891e-03
   2.5689e+00   1.5084e+03   1.0608e-01  -5.4328e-02   3.7263e-03
   2.5771e+00   1.5133e+03   1.0646e-01  -5.1216e-02   2.8150e-03
   2.5853e+00   1.5181e+03   1.0676e-01  -4.7983e-02   1.8597e-03
   2.5935e+00   1.5229e+03   1.0696e-01  -4.4641e-02   8.6737e-04
   2.6016e+00   1.5277e+03   1.0708e-01  -4.1199e-02  -1.5301e-04
   2.6098e+00   1.5325e+03   1.0710e-01  -3.7662e-02  -1.1908e-03
   2.6180e+00   1.5373e+03   1.0703e-01  -3.4033e-02  -2.2345e-03
   2.6262e+00   1.5421e+03   1.0687e-01  -3.0310e-02  -3.2721e-03
   2.6344e+00   1.5469e+03   1.0660e-01  -2.6491e-02  -4.2924e-03
   2.6425e+00   1.5517e+03   1.0623e-01  -2.2569e-02  -5.2862e-03
   2.6507e+00   1.5565e+03   1.0574e-01  -1.8541e-02  -6.2470e-03
   2.6589e+00   1.5613e+03   1.0513e-01  -1.4403e-02  -7.1722e-03
   2.6671e+00   1.5661e+03   1.0438e-01  -1.0153e-02  -8.0617e-03
   2.6753e+00   1.5709e+03   1.0349e-01  -5.7916e-03  -8.9175e-03
   2.6834e+00   1.5757e+03   1.0243e-01  -1.3192e-03  -9.7426e-03
   2.6916e+00   1.5805e+03   1.0121e-01   3.2603e-03  -1.0540e-02
   2.6998e+00   1.5853e+03   9.9805e-02   7.9427e-03  -1.1314e-02
   2.7080e+00   1.5901e+03   9.8211e-02   1.2724e-02  -1.2070e-02
   2.7162e+00   1.5949e+03   9.6416e-02   1.7601e-02  -1.2811e-02
   2.7243e+00   1.5997e+03   9.4410e-02   2.2575e-02  -1.3544e-02
   2.7325e+00   1.6045e+03   9.2182e-02   2.7644e-02  -1.4273e-02
   2.7407e+00   1.6093e+03   8.9723e-02   3.2812e-02  -1.5005e-02
   2.7489e+00   1.6141e+03   8.7023e-02   3.8078e-02  -1.5745e-02
   2.7571e+00   1.6189e+03   8.4070e-02   4.3443e-02  -1.6500e-02
   2.7653e+00   1.6237e+03   8.0848e-02   4.8904e-02  -1.7275e-02
   2.7734e+00   1.6285e+03   7.7343e-02   5.4461e-02  -1.8075e-02
   2.7816e+00   1.6334e+03   7.3540e-02   6.0112e-02  -1.8903e-02
   2.7898e+00   1.6382e+03   6.9431e-02   6.5857e-02  -1.9762e-02
   2.7980e+00   1.6430e+03   6.5004e-02   7.1697e-02  -2.0658e-02
   2.8062e+00   1.6478e+03   6.0252e-02   7.7634e-02  -2.1594e-02
   2.8143e+00   1.6526e+03   5.5164e-02   8.3665e-02  -2.2570e-02
   2.8225e+00   1.6574e+03   4.9729e-02   8.9790e-02  -2.3589e-02
   2.8307e+00   1.6622e+03   4.3935e-02   9.6004e-02  -2.4650e-02
   2.8389e+00   1.6670e+03   3.7772e-02   1.0231e-01  -2.5755e-02
   2.8471e+00   1.6718e+03   3.1228e-02   1.0870e-01  -2.6909e-02
   2.8552e+00   1.6766e+03   2.4292e-02   1.1519e-01  -2.8116e-02
   2.8634e+00   1.6814e+03   1.6954e-02   1.2178e-01  -2.9383e-02
   2.8716e+00   1.6862e+03   9.1985e-03   1.2847e-01  -3.0715e-02
   2.8798e+00   1.6910e+03   1.0105e-03   1.3527e-01  -3.2117e-02
   2.8880e+00   1.6958e+03  -7.6282e-03   1.4217e-01  -3.3593e-02
   2.8962e+00   1.7006e+03  -1.6739e-02   1.4917e-01  -3.5147e-02
   2.9043e+00   1.7054e+03  -2.6343e-02   1.5627e-01  -3.6783e-02
   2.9125e+00   1.7102e+03  -3.6461e-02   1.6346e-01  -3.8505e-02
   2.9207e+00   1.7150e+03  -4.7112e-02   1.7074e-01  -4.0316e-02
   2.9289e+00   1.7198e+03  -5.8312e-02   1.7810e-01  -4.2220e-02
   2.9371e+00   1.7246e+03  -7.0076e-02   1.8553e-01  -4.4214e-02
   2.9452e+00   1.7294e+03  -8.2422e-02   1.9301e-01  -4.6296e-02
   2.9534e+00   1.7342e+03  -9.5368e-02   2.0054e-01  -4.8454e-02
   2.9616e+00   1.7390e+03  -1.0894e-01   2.0808e-01  -5.0672e-02
   2.9698e+00   1.7438e+03  -1.2315e-01   2.1563e-01  -5.2932e-02
   2.9780e+00   1.7486e+03  -1.3803e-01   2.2316e-01  -5.5213e-02
   2.9861e+00   1.7535e+03  -1.5361e-01   2.3066e-01  -5.7494e-02
   2.9943e+00   1.7583e+03  -1.6989e-01   2.3811e-01  -5.9757e-02
   3.0025e+00   1.7631e+03  -1.8688e-01   2.4548e-01  -6.1983e-02
   3.0107e+00   1.7679e+03  -2.0459e-01   2.5276e-01  -6.4153e-02
   3.0189e+00   1.7727e+03  -2.2300e-01   2.5993e-01  -6.6247e-02
   3.0271e+00   1.7775e+03  -2.4210e-01   2.6696e-01  -6.8242e-02
   3.0352e+00   1.7823e+03  -2.6184e-01   2.7382e-01  -7.0112e-02
   3.0434e+00   1.7871e+03  -2.8215e-01   2.8050e-01  -7.1827e-02
   3.0516e+00   1.7919e+03  -3.0292e-01   2.8696e-01  -7.3355e-02
   3.0598e+00   1.7967e+03  -3.2401e-01   2.9316e-01  -7.4656e-02
   3.0680e+00   1.8015e+03  -3.4520e-01   2.9908e-01  -7.5693e-02
   3.0761e+00   1.8063e+03  -3.6620e-01   3.0467e-01  -7.6421e-02
   3.0843e+00   1.8111e+03  -3.8667e-01   3.0988e-01  -7.6803e-02
   3.0925e+00   1.8159e+03  -4.0616e-01   3.1466e-01  -7.6804e-02
   3.1007e+00   1.8207e+03  -4.2420e-01   3.1896e-01  -7.6408e-02
   3.1089e+00   1.8255e+03  -4.4020e-01   3.2269e-01  -7.5627e-02
   3.1170e+00   1.8303e+03  -4.5361e-01   3.2579e-01  -7.4514e-02
   3.1252e+00   1.8351e+03  -4.6386e-01   3.2814e-01  -7.3178e-02
   3.1334e+00   1.8399e+03  -4.7053e-01   3.2964e-01  -7.1777e-02
