    0.000000000000000E+00    2.690078744574908E-26    6.259179237816000E-04   -1.396438380148806E-04    9.297574222904648E-06    4.977652848933665E-04
    1.000000000000001E-02    1.141380022249464E-07    6.272619426185462E-04   -1.395405232546207E-04    9.399527281598588E-06    4.978362534159564E-04
    2.000000000000002E-02    5.015087002529664E-07    6.280565601230852E-04   -1.392277617565047E-04    9.301972372401915E-06    4.981487171735396E-04
    3.170012867189032E-02    1.487182971412640E-06    6.246105799607923E-04   -1.383568972714222E-04    9.512206727322909E-06    4.994288080827532E-04
    4.200000000000004E-02    3.045928044704218E-06    6.167411798969936E-04   -1.365747892937757E-04    1.083607780338685E-05    5.017273210011046E-04
    5.200000000000005E-02    5.459530907528094E-06    6.076056450918868E-04   -1.332644242224203E-04    1.265846923344005E-05    5.050183266312180E-04
    6.311754253808521E-02    9.429542705934317E-06    5.972312981722405E-04   -1.273283110807119E-04    1.651736400505490E-05    5.099937502350028E-04
    7.799999999999985E-02    1.724248156149597E-05    5.826263196515476E-04   -1.158863101390953E-04    2.236313907324995E-05    5.186710898843969E-04
    9.423565988021565E-02    2.879728102312448E-05    5.661516520180272E-04   -1.002640579043767E-04    2.757673634817034E-05    5.289586961182390E-04
    1.099999999999999E-01    4.235374187514700E-05    5.495143120716715E-04   -8.387775308565156E-05    2.742625370458695E-05    5.372748024723949E-04
    1.250373134078284E-01    5.689813094151164E-05    5.302851404405048E-04   -6.853172142020410E-05    2.629402458091570E-05    5.442087418296472E-04
    1.399999999999997E-01    7.299534485278583E-05    5.101998190998984E-04   -5.456417567917368E-05    2.629523472485128E-05    5.527012132129881E-04
    1.555047836260162E-01    9.133669431126519E-05    4.876757876162222E-04   -4.247745898487525E-05    2.702478505691743E-05    5.622375599723776E-04
    1.856198409895775E-01    1.306187621829052E-04    4.518659776593017E-04   -3.029399807182379E-05    3.139670729329787E-05    5.841798561468832E-04
    2.153637974678508E-01    1.716402262172999E-04    4.423177810335618E-04   -3.137147978417017E-05    3.171321798932586E-05    6.108892941504955E-04
    2.447175680599312E-01    2.146865770591413E-04    4.448468435038003E-04   -3.969251724642931E-05    2.392404392366270E-05    6.382678481632979E-04
    2.736617426859418E-01    2.623697562907888E-04    4.441952373036295E-04   -5.479689877858321E-05    1.438990806210203E-05    6.668327565091253E-04
    3.021766687343224E-01    3.153163292576935E-04    4.389636397287879E-04   -6.888304500318352E-05    7.876938850798567E-06    6.990815173827485E-04
    3.302425443665093E-01    3.732166199778546E-04    4.251010409977961E-04   -7.493694366988513E-05    9.451008923727861E-06    7.384204858417627E-04
    3.578395224691082E-01    4.347681429771391E-04    4.088869822988488E-04   -7.403632960173304E-05    1.093822253180602E-05    7.830675282450295E-04
    3.849478249010350E-01    4.960967005022479E-04    3.895890296504029E-04   -7.828830658277190E-05    1.263569471897234E-05    8.318306843921285E-04
    4.115478664127252E-01    5.573729839359678E-04    3.798170741742476E-04   -8.129240410647328E-05    1.312349989924052E-05    8.844900335928559E-04
    4.376203873215285E-01    6.252449133866723E-04    3.656279833100708E-04   -7.723944458670664E-05    1.910259439920922E-05    9.463965021202850E-04
    4.631465937191983E-01    7.039122210022938E-04    3.595915962853712E-04   -7.875391707718718E-05    2.063842358591994E-05    1.010262025944154E-03
    4.881083036737000E-01    7.900117252448158E-04    3.451483761729053E-04   -8.418106581116252E-05    1.684613380903692E-05    1.077520550384514E-03
    5.124880975795527E-01    8.755815410805036E-04    3.443809296915616E-04   -8.964646009601692E-05    1.854452317453007E-05    1.155579205045408E-03
    5.362694705219120E-01    9.544577519897540E-04    3.638112080724173E-04   -9.734056809461043E-05    1.557420021050212E-05    1.236180038439109E-03
    5.594369842636553E-01    1.033212172914286E-03    3.734680731353017E-04   -1.032152610100801E-04    1.403838468574150E-05    1.323649058181657E-03
    5.819764162566443E-01    1.118869152900881E-03    3.710835918281433E-04   -9.627334867739947E-05    2.008742445932534E-05    1.424725430354871E-03
    6.038749029319419E-01    1.216773282549689E-03    3.670418677601626E-04   -7.393464333736504E-05    3.143004212416661E-05    1.540675463860525E-03
    6.251210744525224E-01    1.328276872330593E-03    3.649974313643337E-04   -4.128574545830019E-05    3.491499968932615E-05    1.669069545932003E-03
    6.457051781255032E-01    1.454784638926350E-03    3.505841139547130E-04   -1.074665019585262E-05    3.344464171362157E-05    1.809004874099615E-03
    6.656191877771569E-01    1.596277108675374E-03    3.432150355980601E-04    7.858363658533264E-06    3.139301049629849E-05    1.959722575780268E-03
    6.848568965950577E-01    1.755097103021006E-03    3.586658662903999E-04    1.164220289502003E-05    3.095806464432698E-05    2.126404300455548E-03
    7.034139912363955E-01    1.935106339629469E-03    3.745443335107460E-04    4.737258042853380E-06    3.940790617991711E-05    2.311603097045520E-03
    7.212881053823921E-01    2.137884594583972E-03    3.612802181934133E-04   -3.164075930345005E-06    5.896416390175859E-05    2.522323366572571E-03
    7.384788513743956E-01    2.356073792975408E-03    3.593716021495497E-04   -7.432444429679045E-06    7.353606168624066E-05    2.753059240021269E-03
    7.549878290806298E-01    2.599994463017216E-03    3.471197082769353E-04   -6.778784459400469E-06    8.498733040145307E-05    3.000990846448018E-03
    7.708186116941320E-01    2.881286717581602E-03    3.084987167669799E-04    5.134780605561719E-07    9.994136209153393E-05    3.268578859119589E-03
    7.859767087290663E-01    3.196171401764453E-03    2.631802785267780E-04    8.411054662926364E-06    1.034420170760142E-04    3.549980925287868E-03
    8.004695070408161E-01    3.555252339031326E-03    2.042770153206086E-04    9.784613710339695E-06    1.093663625359727E-04    3.853500384167638E-03
    8.143061912216325E-01    3.970683515990725E-03    1.272910748136161E-04    1.950115465867004E-06    1.186631778472848E-04    4.179268481855763E-03
    8.274976451965728E-01    4.452175868849301E-03    5.898620007373543E-06   -1.164560017973270E-05    1.179707826218044E-04    4.521581977118910E-03
    8.400563372459544E-01    5.008886781343286E-03   -1.628186284935466E-04   -2.644540129120832E-05    1.037282660283655E-04    4.875263193993784E-03
    8.519961909963207E-01    5.652926819834314E-03   -4.085259891849873E-04   -3.630484365474960E-05    7.947361179922461E-05    5.236924346639443E-03
    8.633324451431648E-01    6.391407211962991E-03   -7.515966112748747E-04   -4.256827428796603E-05    5.047776303680057E-05    5.602182334216360E-03
    8.740815047915476E-01    7.221251191247807E-03   -1.165898813800532E-03   -5.135577537843453E-05   -7.290921187881583E-06    5.957568841010730E-03
    8.842607873264363E-01    8.126625746400384E-03   -1.618615448434980E-03   -6.493390879718257E-05   -1.159922401478500E-04    6.289310642172835E-03
    8.938885656596867E-01    9.080218705005638E-03   -2.077670781751612E-03   -7.840785342947808E-05   -2.992211340996642E-04    6.587595458687062E-03
    9.029838115542290E-01    1.004518843435115E-02   -2.514646915388163E-03   -8.172085094709097E-05   -5.716515689790994E-04    6.840267683955681E-03
    9.115660415120352E-01    1.096870752354473E-02   -2.886067293473460E-03   -6.756078684049416E-05   -9.412823513888120E-04    7.039965246032620E-03
    9.196551674448159E-01    1.177650945854775E-02   -3.114682673098557E-03   -3.448467279883790E-05   -1.423828825866953E-03    7.180295422470118E-03
    9.272713540412347E-01    1.237597617346808E-02   -3.117650026398355E-03    1.443374187204389E-05   -2.007636415963340E-03    7.252929222917842E-03
    9.344348844170156E-01    1.266457549620731E-02   -2.815993097282296E-03    7.272817486620939E-05   -2.668459040933602E-03    7.250831111075551E-03
    9.411660352991831E-01    1.254863447981636E-02   -2.175815897564867E-03    1.347119822216383E-04   -3.330127982832998E-03    7.184441035957029E-03
    9.474849626654169E-01    1.196722513040926E-02   -1.236658140963742E-03    1.948259102549782E-04   -3.865047252418818E-03    7.076397413148056E-03
    9.534115984454097E-01    1.091621049378783E-02   -1.092524325663688E-04    2.493127529751300E-04   -4.117353884483782E-03    6.968471927930264E-03
    9.589655586009940E-01    9.462679288559539E-03    1.021437426022627E-03    2.959917824498191E-04   -3.920902574196916E-03    6.909077938931613E-03
    9.641660626425548E-01    7.742409149705809E-03    1.945914507787097E-03    3.349479476048613E-04   -3.158390483704823E-03    6.944777018857762E-03
    9.690318644139317E-01    5.935861610622151E-03    2.484790792963473E-03    3.675024730386365E-04   -1.805055099365092E-03    7.101239268379023E-03
    9.735811937892969E-01    4.228926172277714E-03    2.558227304588045E-03    3.953462763168596E-04    2.665730573260961E-05    7.370367147294526E-03
    9.778317087729391E-01    2.771024390732651E-03    2.219997404221505E-03    4.189867218889875E-04    2.098646425610834E-03    7.709237703439814E-03
    9.818004573753960E-01    1.646322998779141E-03    1.635940034817367E-03    4.366600869230332E-04    4.112452616733431E-03    8.057183390009715E-03
    9.855038485545684E-01    8.673254876017493E-04    1.011431079065594E-03    4.434878664956749E-04    5.813271732885594E-03    8.364223344524357E-03
    9.889576314552073E-01    3.896164374378765E-04    5.076911745564572E-04    4.312659205311150E-04    7.078845794996680E-03    8.614918642542935E-03
    9.921768821508081E-01    1.379284920911081E-04    1.925335879745778E-04    3.888034179589800E-04    7.949031020903774E-03    8.834741872308038E-03
    9.951759970847149E-01    3.170650258409180E-05    4.592873578474345E-05    3.028052850206457E-04    8.586477511112023E-03    9.078537435126099E-03
    9.979686924184001E-01    2.297989723658086E-06    3.397365601586001E-06    1.592466235210690E-04    9.154448897847889E-03    9.414576877803726E-03
    1.000000000000000E+00    0.000000000000000E+00    0.000000000000000E+00    0.000000000000000E+00    9.648891157911288E-03    9.787494263693353E-03
