    0.000000000000000E+00    3.350174881155417E-21    1.466744429320877E-20   -7.127700211682041E-05    1.607678470578772E-05    1.607678470578772E-05    4.066441776330761E-05
    1.000000000000001E-02   -1.952015420537905E-06    7.939399473634300E-07   -7.152045287070561E-05    1.608878783207479E-05    1.610639151522898E-05    4.067321411040255E-05
    2.000000000000002E-02   -3.912372553013571E-06    1.442669496720477E-06   -7.238387556950804E-05    1.612593641332392E-05    1.619172190525946E-05    4.072130096940355E-05
    3.170012867189032E-02   -6.215632281553294E-06    1.827149997943802E-06   -7.452321320850202E-05    1.620371226966079E-05    1.634585092085219E-05    4.089133412469269E-05
    4.200000000000004E-02   -8.241384271043077E-06    1.779529938433723E-06   -7.747237867583882E-05    1.630195639393316E-05    1.650832873989309E-05    4.116516393214836E-05
    5.200000000000005E-02   -1.018714590532796E-05    1.455958872296531E-06   -8.118107462980022E-05    1.641893605752948E-05    1.666682460904905E-05    4.155374106798860E-05
    6.311754253808521E-02   -1.229766350510137E-05    8.653261300482662E-07   -8.612162843547357E-05    1.656449194454451E-05    1.681897724501412E-05    4.213567333034548E-05
    7.799999999999985E-02   -1.498387501915136E-05   -2.300052389442588E-07   -9.405225545605850E-05    1.676977544736900E-05    1.698962215824682E-05    4.321436155934754E-05
    9.423565988021565E-02   -1.767957160481409E-05   -1.693936612261251E-06   -1.043895040331757E-04    1.699860873653519E-05    1.723215433128229E-05    4.488812955947565E-05
    1.099999999999999E-01   -2.004392860999280E-05   -3.376224006524758E-06   -1.158123946335614E-04    1.722269676518971E-05    1.755651698568349E-05    4.707794628034073E-05
    1.250373134078284E-01   -2.206774044789870E-05   -5.195953221155268E-06   -1.271273537227198E-04    1.743120702908294E-05    1.790125973342364E-05    4.952182660748110E-05
    1.399999999999997E-01   -2.385707923790135E-05   -7.007091160212526E-06   -1.378827682195737E-04    1.762772933347457E-05    1.828883801976359E-05    5.208974188058166E-05
    1.555047836260162E-01   -2.548721082014426E-05   -8.499772346277782E-06   -1.480729299939672E-04    1.781684965568373E-05    1.876069292872757E-05    5.488105984203118E-05
    1.856198409895775E-01   -2.818902729194721E-05   -1.020509122675765E-05   -1.655467914119021E-04    1.817103659744370E-05    1.996498144910257E-05    6.079332763512624E-05
    2.153637974678508E-01   -3.055195569451005E-05   -1.140716201270984E-05   -1.851958258918636E-04    1.858218060302673E-05    2.142587657500946E-05    6.846827349990146E-05
    2.447175680599312E-01   -3.274316972466879E-05   -1.070330331016440E-05   -2.146707231470953E-04    1.908214261009769E-05    2.328383545580862E-05    7.979396364337027E-05
    2.736617426859418E-01   -3.494579587225003E-05   -6.704138826193876E-06   -2.496484319883287E-04    1.969819724907868E-05    2.585436308043026E-05    9.345755472195232E-05
    3.021766687343224E-01   -3.735614142336423E-05   -2.858581030400387E-07   -2.825964517038995E-04    2.047531590509716E-05    2.872926735401698E-05    1.074463062453830E-04
    3.302425443665093E-01   -3.986433590748772E-05    4.510906652845326E-06   -3.066436175596255E-04    2.143196930377042E-05    3.128763080806254E-05    1.206301433212473E-04
    3.578395224691082E-01   -4.218752738594672E-05    5.402186699076338E-06   -3.234342079794592E-04    2.250114721985541E-05    3.390307960119852E-05    1.333149134393214E-04
    3.849478249010350E-01   -4.433205327256540E-05    2.994346958073415E-06   -3.373265726222454E-04    2.364836715500966E-05    3.659218908102862E-05    1.462441352823802E-04
    4.115478664127252E-01   -4.651428892197889E-05    7.930391438510547E-08   -3.501547159519454E-04    2.486200820989951E-05    3.925265806127912E-05    1.593479163244579E-04
    4.376203873215285E-01   -4.840277414760053E-05    4.264542604252984E-07   -3.640573755244320E-04    2.603633880810940E-05    4.199342777364847E-05    1.726905824854571E-04
    4.631465937191983E-01   -4.976602129983941E-05    2.806418146659957E-06   -3.799639554417176E-04    2.714835769989526E-05    4.523290856234784E-05    1.877888002190702E-04
    4.881083036737000E-01   -5.089290814944505E-05    4.434744853212168E-06   -4.017154803508619E-04    2.831100410729409E-05    4.857317732091218E-05    2.060283998464264E-04
    5.124880975795527E-01   -5.172767009566266E-05    2.564629794203779E-06   -4.264737153204766E-04    2.952069781506301E-05    5.188999472031074E-05    2.261241490544800E-04
    5.362694705219120E-01   -5.214331191337549E-05   -1.678621543547627E-06   -4.514986568332734E-04    3.072840500938068E-05    5.543355604290825E-05    2.477001523835173E-04
    5.594369842636553E-01   -5.235907389319308E-05   -4.985712995943611E-06   -4.813133386092992E-04    3.199370392642487E-05    5.879309393719062E-05    2.717436959304865E-04
    5.819764162566443E-01   -5.231566406197537E-05   -5.825705890933887E-06   -5.140758211489745E-04    3.330583334336954E-05    6.203823047774837E-05    2.980199950260911E-04
    6.038749029319419E-01   -5.173195356687082E-05   -3.871548193026987E-06   -5.486691182110953E-04    3.463806014630832E-05    6.518667085312919E-05    3.263710245529593E-04
    6.251210744525224E-01   -5.035045236394470E-05    1.219238780402960E-07   -5.870980359858058E-04    3.592299062831796E-05    6.790009973701083E-05    3.580771347113862E-04
    6.457051781255032E-01   -4.801967595434464E-05    3.398017458983271E-06   -6.301505089841841E-04    3.704289625263758E-05    7.056813031918689E-05    3.947659342240454E-04
    6.656191877771569E-01   -4.479589371846168E-05    6.734722533086035E-06   -6.767558580205758E-04    3.791148805695646E-05    7.362174908601615E-05    4.370013106589545E-04
    6.848568965950577E-01   -4.086462798714649E-05    1.146958282760796E-05   -7.282069278477243E-04    3.848116690179136E-05    7.734096062163862E-05    4.842153271166112E-04
    7.034139912363955E-01   -3.651344305748692E-05    1.665812045945265E-05   -7.845415643118261E-04    3.873855669607462E-05    8.097486912846986E-05    5.360157057913810E-04
    7.212881053823921E-01   -3.190577892785498E-05    2.125611295666083E-05   -8.477078857551668E-04    3.864223876376936E-05    8.389161630431921E-05    5.934359398154822E-04
    7.384788513743956E-01   -2.692790241051886E-05    2.454237081973582E-05   -9.201361769667835E-04    3.811823621410835E-05    8.666585257274210E-05    6.582167665662962E-04
    7.549878290806298E-01   -2.154998960505084E-05    2.731006597908028E-05   -1.005502127474474E-03    3.717196981132512E-05    8.953531661264232E-05    7.324968370453246E-04
    7.708186116941320E-01   -1.585026857769891E-05    3.024534297614676E-05   -1.103583883444011E-03    3.585975887132825E-05    9.208169965101935E-05    8.183546899019865E-04
    7.859767087290663E-01   -9.914961963632747E-06    3.286032896150561E-05   -1.211562043254261E-03    3.422387968271198E-05    9.380524927668499E-05    9.174127492924747E-04
    8.004695070408161E-01   -3.974288229713818E-06    3.409092978108510E-05   -1.324149321824862E-03    3.231469596363880E-05    9.469993182024440E-05    1.029104636852241E-03
    8.143061912216325E-01    1.647147918540717E-06    3.364690815418729E-05   -1.436775691560678E-03    3.016271783403931E-05    9.497173882149455E-05    1.152579687991352E-03
    8.274976451965728E-01    6.636516603846963E-06    3.164415308214955E-05   -1.545208033965267E-03    2.779234445072489E-05    9.485230788273437E-05    1.286947884244390E-03
    8.400563372459544E-01    1.076611740044803E-05    2.862257177095779E-05   -1.642169913032156E-03    2.524227159090545E-05    9.432917196375160E-05    1.430405072152550E-03
    8.519961909963207E-01    1.395321098184878E-05    2.543780957351219E-05   -1.717939676427735E-03    2.256794457632333E-05    9.321980946625603E-05    1.579893238300559E-03
    8.633324451431648E-01    1.616748444746271E-05    2.260920697772103E-05   -1.757997874617091E-03    1.983556767102786E-05    9.150844111463930E-05    1.731307720339803E-03
    8.740815047915476E-01    1.733592027182537E-05    1.961057133123664E-05   -1.746726421883053E-03    1.712198143150392E-05    8.914179516877289E-05    1.880610507443051E-03
    8.842607873264363E-01    1.742642927592651E-05    1.612272176497052E-05   -1.670387469548819E-03    1.448974590224157E-05    8.586709239175212E-05    2.022617058290072E-03
    8.938885656596867E-01    1.652066410111287E-05    1.235935773654111E-05   -1.518007984505146E-03    1.199230557101207E-05    8.174227005464671E-05    2.150992920110589E-03
    9.029838115542290E-01    1.481164266151108E-05    8.554042548970613E-06   -1.281788143801824E-03    9.679621502815426E-06    7.712486348164689E-05    2.257120425202472E-03
    9.115660415120352E-01    1.258024819191845E-05    5.039847966951678E-06   -9.587427698360823E-04    7.592964743420707E-06    7.215825034763640E-05    2.331532011204410E-03
    9.196551674448159E-01    1.012779347478010E-05    2.206130788470574E-06   -5.548704799187183E-04    5.768803927607525E-06    6.686463694006170E-05    2.365636215763370E-03
    9.272713540412347E-01    7.720133588377679E-06    2.468889516388885E-07   -8.836299387578357E-05    4.231073200151555E-06    6.124040604126675E-05    2.351248599698874E-03
    9.344348844170156E-01    5.559078683412384E-06   -8.066038708073104E-07    4.076682685431945E-04    2.984806674117773E-06    5.531164448226546E-05    2.281792918158443E-03
    9.411660352991831E-01    3.762094532689913E-06   -1.062935458771884E-06    8.860163943995338E-04    2.017103016306170E-06    4.915268343864423E-05    2.153053503497745E-03
    9.474849626654169E-01    2.377520532847072E-06   -7.869484414352613E-07    1.292164992141673E-03    1.299789507839648E-06    4.285484517943050E-05    1.964950993214074E-03
    9.534115984454097E-01    1.389314572871227E-06   -2.886208251962454E-07    1.573949117757580E-03    7.941513737415575E-07    3.655476011832554E-05    1.723256141444036E-03
    9.589655586009940E-01    7.403639027591121E-07    2.235369150165652E-07    1.694270545680776E-03    4.565300772200773E-07    3.041155863409508E-05    1.440365331572969E-03
    9.641660626425548E-01    3.517515763711345E-07    6.509508232946330E-07    1.642919457821447E-03    2.443374773311584E-07    2.456197020942971E-05    1.135439031580726E-03
    9.690318644139317E-01    1.430290604926565E-07    9.380471976866805E-07    1.442732585423170E-03    1.199768987592053E-07    1.909780097105222E-05    8.331531967210488E-04
    9.735811937892969E-01    4.547549694798792E-08    1.050915527764594E-06    1.145477633101473E-03    5.295498175188724E-08    1.411563027673064E-05    5.600318743725560E-04
    9.778317087729391E-01    8.172566145829471E-09    9.909966875380598E-07    8.170782194209456E-04    2.040094713757964E-08    9.750621867018973E-06    3.382051382919589E-04
    9.818004573753960E-01   -1.723732701486531E-09    8.015968993165624E-07    5.177306721562830E-04    6.565145226503892E-09    6.149026881609648E-06    1.790449841020531E-04
    9.855038485545684E-01   -2.160389593929705E-09    5.531538015283974E-07    2.858714643712099E-04    1.646717535990915E-09    3.417063386836590E-06    8.032291760968601E-05
    9.889576314552073E-01   -9.195068621975359E-10    3.159834251373866E-07    1.327748515793908E-04    2.862226718901561E-10    1.577123092360539E-06    2.892945002565847E-05
    9.921768821508081E-01   -2.045066773760146E-10    1.387626131873858E-07    4.816418851460958E-05    2.751323087212760E-11    5.399637589978827E-07    7.539920050440575E-06
    9.951759970847149E-01   -1.779408133868892E-11    3.877514920600552E-08    1.129878734112895E-05    8.583309055883548E-13    1.050713886859083E-07    1.103104415689886E-06
    9.979686924184001E-01   -1.473521919123521E-13    3.369302054233699E-09    8.357154377216063E-07    1.244455130043546E-15    4.400732567452327E-09    3.475815164774154E-08
    1.000000000000000E+00    0.000000000000000E+00    0.000000000000000E+00    2.152521481373499E-70    0.000000000000000E+00    0.000000000000000E+00    5.151161198149065E-91
