    0.000000000000000E+00    5.854025311969194E-26    4.187200049132374E-04    7.275533623499961E-04   -1.692948558592699E-05    1.537232740792130E-04   -1.537232740792139E-04
    1.000000000000001E-02    1.789051369060382E-07    4.190989703215971E-04    7.295095820410921E-04   -1.249505766735831E-05    1.510187885151492E-04   -1.548134883460513E-04
    2.000000000000002E-02    8.169612815766512E-07    4.202731368436723E-04    7.311595510167274E-04   -9.379581653128229E-06    1.431168818419957E-04   -1.580133186736814E-04
    3.170012867189032E-02    2.559750115480364E-06    4.237325207484665E-04    7.261955217011812E-04   -4.378652639220259E-06    1.281301355325615E-04   -1.642242668116380E-04
    4.200000000000004E-02    5.461745171235271E-06    4.289823340723059E-04    7.144464470649203E-04    2.754942163668745E-06    1.108495616524308E-04   -1.715747141451491E-04
    5.200000000000005E-02    1.011873181516862E-05    4.352662904240304E-04    7.021477529454735E-04    9.477098608694863E-06    9.143524575925535E-05   -1.800621995812915E-04
    6.311754253808521E-02    1.796777199763859E-05    4.431147864518235E-04    6.921511565202536E-04    1.801920436963198E-05    6.798355455390386E-05   -1.904967264832859E-04
    7.799999999999985E-02    3.371556830596991E-05    4.550675574605638E-04    6.855182064466857E-04    2.878301745497854E-05    3.548911546142220E-05   -2.050371973179362E-04
    9.423565988021565E-02    5.729479893964279E-05    4.684678825359126E-04    6.840594554291916E-04    3.896126818575193E-05    5.853007107842716E-07   -2.204716179736166E-04
    1.099999999999999E-01    8.513677573527591E-05    4.774548047585363E-04    6.816259043050631E-04    3.871410861810065E-05   -3.241539725339125E-05   -2.352103095835537E-04
    1.250373134078284E-01    1.150547524472398E-04    4.822009991220979E-04    6.700735117521339E-04    3.358570671906157E-05   -6.400503083519790E-05   -2.502100549749472E-04
    1.399999999999997E-01    1.480389491274221E-04    4.886418546518959E-04    6.556682374817650E-04    3.155524606905376E-05   -9.681587558100146E-05   -2.678075939699549E-04
    1.555047836260162E-01    1.854070896466801E-04    4.964074347690792E-04    6.360317769070582E-04    3.494798759130216E-05   -1.330951597738128E-04   -2.901561153277749E-04
    1.856198409895775E-01    2.647344970305235E-04    5.185987602976602E-04    6.054827723094985E-04    4.836543881661789E-05   -2.087970008617232E-04   -3.464416131579596E-04
    2.153637974678508E-01    3.470687345560330E-04    5.473499660056738E-04    6.136353436052358E-04    5.001298445816310E-05   -2.815581817314384E-04   -4.090167588970857E-04
    2.447175680599312E-01    4.339854596945251E-04    5.705927639888496E-04    6.381848854976960E-04    3.154165337150312E-05   -3.457601015086718E-04   -4.693686042050258E-04
    2.736617426859418E-01    5.308331344694960E-04    5.932940421447402E-04    6.427851989531767E-04    1.623055842739092E-05   -4.073045974855184E-04   -5.302920217816719E-04
    3.021766687343224E-01    6.385290654627208E-04    6.187576620115369E-04    6.251276224387668E-04    5.368946837560782E-06   -4.775902709032703E-04   -6.003633030968805E-04
    3.302425443665093E-01    7.566235849644533E-04    6.534954259493388E-04    6.103078305148765E-04    8.825367590030474E-06   -5.565737567818502E-04   -6.791639217981517E-04
    3.578395224691082E-01    8.817879944341758E-04    6.963086551026662E-04    6.077951103347287E-04    1.511258312378609E-05   -6.351260652503639E-04   -7.549880375906509E-04
    3.849478249010350E-01    1.003488577216660E-03    7.435073459231140E-04    5.694493402980984E-04    2.287268267232845E-05   -7.116843821046021E-04   -8.248145969161763E-04
    4.115478664127252E-01    1.123873019519640E-03    7.903676592553623E-04    5.420514791188574E-04    2.136187022895467E-05   -7.851189297301067E-04   -8.890955654746110E-04
    4.376203873215285E-01    1.259151799088143E-03    8.467061700856565E-04    5.371222112216523E-04    2.671209061755645E-05   -8.680056977302744E-04   -9.641768834989829E-04
    4.631465937191983E-01    1.417934525612570E-03    9.074868065730365E-04    5.384943641498635E-04    3.236535093784835E-05   -9.590306122050501E-04   -1.051684664031563E-03
    4.881083036737000E-01    1.591874888376373E-03    9.718359314413623E-04    5.240869563390878E-04    2.310324042041449E-05   -1.049237770851620E-03   -1.141342743923475E-03
    5.124880975795527E-01    1.762929803630325E-03    1.053651482137381E-03    5.372024706566843E-04    2.110308179536493E-05   -1.151395295824878E-03   -1.243640603285946E-03
    5.362694705219120E-01    1.920738281578897E-03    1.140754893875572E-03    5.985333190595722E-04    1.663132167554148E-05   -1.263612299296502E-03   -1.355272342694627E-03
    5.594369842636553E-01    2.077477469066641E-03    1.236208925742478E-03    6.321629344213688E-04    1.590428218061076E-05   -1.376513124157715E-03   -1.466328117108014E-03
    5.819764162566443E-01    2.248370905801933E-03    1.354384432955699E-03    6.386625097794946E-04    3.565101339438178E-05   -1.491056724155823E-03   -1.577769473883141E-03
    6.038749029319419E-01    2.447518666891121E-03    1.491949224190346E-03    6.840047983020271E-04    5.868202682637034E-05   -1.607339170706025E-03   -1.690524640971428E-03
    6.251210744525224E-01    2.677641322348615E-03    1.645441932382689E-03    7.561209659539929E-04    6.591973618926515E-05   -1.729825905516728E-03   -1.808579107212251E-03
    6.457051781255032E-01    2.937872085490623E-03    1.818472142503191E-03    7.975231898193179E-04    6.975590082341923E-05   -1.868566969595996E-03   -1.941769131851796E-03
    6.656191877771569E-01    3.224699691704372E-03    2.006749778171335E-03    8.490026887833027E-04    6.664263058828689E-05   -2.025766924453581E-03   -2.092202123138945E-03
    6.848568965950577E-01    3.545338422008104E-03    2.226493949258029E-03    9.098360828663637E-04    7.511816402240405E-05   -2.195906959226723E-03   -2.256509893362221E-03
    7.034139912363955E-01    3.911400503127188E-03    2.486496671398969E-03    9.633049670157122E-04    1.077570388078805E-04   -2.370676568064514E-03   -2.427771021794228E-03
    7.212881053823921E-01    4.324432765359154E-03    2.794080993362119E-03    9.894944491612850E-04    1.511843720489493E-04   -2.543380334504075E-03   -2.598235758510758E-03
    7.384788513743956E-01    4.763377418224246E-03    3.135506248825026E-03    1.036705393271838E-03    1.790107182797112E-04   -2.711171046101052E-03   -2.763395929276713E-03
    7.549878290806298E-01    5.247572765242486E-03    3.513410191597580E-03    1.041563483314210E-03    2.097724448837717E-04   -2.868809664448288E-03   -2.917285328559532E-03
    7.708186116941320E-01    5.804919496453426E-03    3.939736893483176E-03    1.001723027392612E-03    2.574423528857225E-04   -3.019436698189520E-03   -3.062539992413016E-03
    7.859767087290663E-01    6.429628017072198E-03    4.406781936828835E-03    9.527403789076905E-04    2.911180920985613E-04   -3.159768566151633E-03   -3.195900286069128E-03
    8.004695070408161E-01    7.142702077554991E-03    4.925538771004823E-03    8.502553270244989E-04    3.205370613851549E-04   -3.278593114021164E-03   -3.307398906256559E-03
    8.143061912216325E-01    7.968206190803795E-03    5.494002359057948E-03    6.767174559374547E-04    3.407988656387393E-04   -3.370279955010019E-03   -3.392279448264535E-03
    8.274976451965728E-01    8.925127513447040E-03    6.103545464431509E-03    3.860643670566596E-04    3.338897990523126E-04   -3.432045194347769E-03   -3.447258874580694E-03
    8.400563372459544E-01    1.003146199175764E-02    6.743537177571729E-03   -3.205434741083936E-05    3.050516705050150E-04   -3.464297688664492E-03   -3.472625208286922E-03
    8.519961909963207E-01    1.131356165314956E-02    7.411204989070386E-03   -6.232658670592035E-04    2.714576761041598E-04   -3.470190286457675E-03   -3.472045931476264E-03
    8.633324451431648E-01    1.278660522300684E-02    8.100054616501706E-03   -1.419196320014422E-03    2.412297975558043E-04   -3.453311427520617E-03   -3.449813732713011E-03
    8.740815047915476E-01    1.444454028450615E-02    8.785758385502773E-03   -2.366575496010381E-03    1.592705548308405E-04   -3.417272039337282E-03   -3.410053036698155E-03
    8.842607873264363E-01    1.625485141197214E-02    9.441550182285707E-03   -3.387434513754589E-03   -3.203061219087780E-05   -3.363974780200729E-03   -3.354747449784395E-03
    8.938885656596867E-01    1.816222860214678E-02    1.004946705896687E-02   -4.409933102671626E-03   -3.784775977391536E-04   -3.291031790010543E-03   -3.281400676909851E-03
    9.029838115542290E-01    2.009316252036131E-02    1.058917850443614E-02   -5.368594537623617E-03   -9.059492147500472E-04   -3.191780489233964E-03   -3.183342205837075E-03
    9.115660415120352E-01    2.194365625736849E-02    1.104558391187421E-02   -6.160043033251877E-03   -1.636082276104525E-03   -3.061697122057533E-03   -3.055926514941493E-03
    9.196551674448159E-01    2.356686464683566E-02    1.140542079388779E-02   -6.622297770581209E-03   -2.601138513100898E-03   -2.902771852622901E-03   -2.900628989667683E-03
    9.272713540412347E-01    2.477826251451642E-02    1.165190133935845E-02   -6.589907878696150E-03   -3.781455955130950E-03   -2.719838136148359E-03   -2.721473357367388E-03
    9.344348844170156E-01    2.537241418257496E-02    1.177258568401635E-02   -5.915010784121544E-03   -5.123613962776663E-03   -2.517608284268599E-03   -2.522446919434304E-03
    9.411660352991831E-01    2.516017418103866E-02    1.178803112418997E-02   -4.543151828334979E-03   -6.472420848352534E-03   -2.299353009724267E-03   -2.306392634932028E-03
    9.474849626654169E-01    2.401632724083558E-02    1.174125241936319E-02   -2.561630475082413E-03   -7.572214403041871E-03   -2.067789203663878E-03   -2.075918026917936E-03
    9.534115984454097E-01    2.192837137514925E-02    1.171023310788072E-02   -2.004013381363134E-04   -8.108908982108753E-03   -1.825793343300026E-03   -1.833997782985583E-03
    9.589655586009940E-01    1.902686488449801E-02    1.178571734781214E-02    2.159245706009227E-03   -7.742366647528948E-03   -1.576742521883071E-03   -1.584151528053870E-03
    9.641660626425548E-01    1.558192332369857E-02    1.205090817870119E-02    4.082608772509960E-03   -6.229930305634346E-03   -1.324926322778835E-03   -1.330751682399489E-03
    9.690318644139317E-01    1.195583556195456E-02    1.254032394657800E-02    5.199626957881703E-03   -3.525441706470109E-03   -1.075622377575400E-03   -1.079097267377989E-03
    9.735811937892969E-01    8.523825780181904E-03    1.321289734253783E-02    5.349315494466794E-03    1.260569587835190E-04   -8.348958969493434E-04   -8.352931428704906E-04
    9.778317087729391E-01    5.588756771959469E-03    1.395414037119125E-02    4.645975500823574E-03    4.215150123531824E-03   -6.091892083253808E-04   -6.059381519152897E-04
    9.818004573753960E-01    3.322221296488598E-03    1.461609587184465E-02    3.431898495063104E-03    8.106296396611812E-03   -4.051010353958804E-04   -3.979696504610546E-04
    9.855038485545684E-01    1.751078850983405E-03    1.507889320153022E-02    2.130022747159663E-03    1.125142308786486E-02   -2.293842213101889E-04   -2.186739373768020E-04
    9.889576314552073E-01    7.869424559486006E-04    1.530052197163501E-02    1.074636974908533E-03    1.337140729129938E-02   -8.900811128970858E-05   -7.571762908948872E-05
    9.921768821508081E-01    2.786862454013384E-04    1.532760170973246E-02    4.098971532840445E-04    1.451581372705329E-02    8.859079187313612E-06    2.292602946021350E-05
    9.951759970847149E-01    6.408339751327354E-05    1.526449062956869E-02    9.829829968889276E-05    1.498094498565988E-02    5.701851606370288E-05    6.921633900278243E-05
    9.979686924184001E-01    4.645921814660012E-06    1.523051496346528E-02    7.290083006924542E-06    1.514507847699709E-02    4.872961827680450E-05    5.562159971175189E-05
    1.000000000000000E+00    0.000000000000000E+00    1.529435196487294E-02    0.000000000000000E+00    1.528255137867562E-02    0.000000000000000E+00    0.000000000000000E+00
