   0.0000000e+00   1.0000000e+00   1.0000000e+00   1.0000000e+00
   3.9043254e-02   6.0656335e-01   8.7472075e-01   8.8991884e-01
   7.8086509e-02   2.5875437e-02   5.9675131e-01   6.6741743e-01
   1.1712976e-01  -2.6480611e-01   3.1003153e-01   4.3900126e-01
   1.5617302e-01  -3.2042830e-01   8.8860803e-02   2.3733840e-01
   1.9521627e-01  -2.6712595e-01  -4.9707670e-02   8.3919599e-02
   2.3425953e-01  -1.8956834e-01  -1.1845400e-01  -1.7091569e-02
   2.7330278e-01  -1.1355565e-01  -1.3725839e-01  -7.0790258e-02
   3.1234604e-01  -5.9321929e-02  -1.2646762e-01  -8.9747155e-02
   3.5138929e-01  -1.8674503e-02  -1.0080835e-01  -8.5204764e-02
   3.9043254e-01   3.6812695e-03  -7.1208333e-02  -6.8509317e-02
   4.2947580e-01   1.6390546e-02  -4.3368270e-02  -4.8063930e-02
   4.6851905e-01   2.0517652e-02  -2.0165971e-02  -2.9367187e-02
   5.0756231e-01   2.5402158e-02  -2.2940407e-03  -1.4782138e-02
   5.4660556e-01   2.6345107e-02   9.1674174e-03  -6.0355259e-03
   5.8564882e-01   2.5225978e-02   1.3989516e-02  -2.9967018e-03
   6.2469207e-01   1.7749298e-02   1.2162030e-02  -5.2998365e-03
   6.6373533e-01   6.8665977e-03   5.3552214e-03  -1.1010587e-02
   7.0277858e-01  -7.0685555e-03  -3.4696889e-03  -1.8010468e-02
   7.4182184e-01  -1.3075021e-02  -1.0631599e-02  -2.3314340e-02
   7.8086509e-01  -1.2931126e-02  -1.4571561e-02  -2.5567055e-02
   8.1990834e-01  -9.3449450e-03  -1.5137704e-02  -2.4775026e-02
   8.5895160e-01  -3.9063402e-03  -1.3175133e-02  -2.2449855e-02
   8.9799485e-01   5.6248952e-03  -9.9864733e-03  -1.9572749e-02
   9.3703811e-01   1.1039881e-02  -7.7423324e-03  -1.7373613e-02
   9.7608136e-01   1.2762818e-02  -8.0740447e-03  -1.6506135e-02
   1.0151246e+00   9.0125136e-03  -1.1850307e-02  -1.7686577e-02
   1.0541679e+00   1.7517311e-03  -1.8011852e-02  -2.0815516e-02
   1.0932111e+00  -6.1554149e-03  -2.4431350e-02  -2.5551606e-02
   1.1322544e+00  -8.8237080e-03  -2.9005963e-02  -3.0441064e-02
   1.1712976e+00  -1.0239910e-02  -3.1018724e-02  -3.4520294e-02
   1.2103409e+00  -9.1819221e-03  -3.0366455e-02  -3.6981448e-02
   1.2493841e+00  -5.7506509e-03  -2.7704451e-02  -3.7947270e-02
   1.2884274e+00  -9.6563045e-04  -2.4180297e-02  -3.7190957e-02
   1.3274707e+00   1.2164629e-03  -2.1017363e-02  -3.5041528e-02
   1.3665139e+00   2.2825310e-03  -1.8548881e-02  -3.1960171e-02
   1.4055572e+00   2.5713723e-03  -1.6618045e-02  -2.8655178e-02
   1.4446004e+00   5.6752215e-03  -1.5123581e-02  -2.5480236e-02
   1.4836437e+00   9.4285243e-03  -1.4990209e-02  -2.3487941e-02
   1.5226869e+00   1.0389043e-02  -1.7241501e-02  -2.3456685e-02
   1.5617302e+00   4.6846305e-03  -2.2024782e-02  -2.5866556e-02
   1.6007734e+00  -4.4545768e-03  -2.7960249e-02  -2.9795210e-02
   1.6398167e+00  -1.2787599e-02  -3.2957379e-02  -3.3834146e-02
   1.6788599e+00  -1.3845224e-02  -3.4979888e-02  -3.6467263e-02
   1.7179032e+00  -7.3346762e-03  -3.3623730e-02  -3.7525608e-02
   1.7569465e+00   3.7843102e-03  -3.0372673e-02  -3.6857971e-02
   1.7959897e+00   1.0831545e-02  -2.7729619e-02  -3.5080296e-02
   1.8350330e+00   1.0270213e-02  -2.7311574e-02  -3.2609963e-02
   1.8740762e+00   3.9704969e-03  -2.8972369e-02  -3.0081692e-02
   1.9131195e+00  -3.8387562e-03  -3.1363533e-02  -2.7806523e-02
   1.9521627e+00  -9.2917330e-03  -3.3036839e-02  -2.6056453e-02
   1.9912060e+00  -8.2182909e-03  -3.2974517e-02  -2.4527512e-02
   2.0302492e+00  -4.4192628e-03  -3.1275392e-02  -2.3735933e-02
   2.0692925e+00  -1.4828517e-03  -2.8408913e-02  -2.4070702e-02
   2.1083357e+00  -3.3200975e-04  -2.4852515e-02  -2.5638920e-02
   2.1473790e+00  -9.5606358e-04  -2.0991601e-02  -2.7752753e-02
   2.1864223e+00  -5.7188117e-03  -1.6819530e-02  -2.9910318e-02
   2.2254655e+00  -1.0626442e-02  -1.1310907e-02  -3.0850013e-02
   2.2645088e+00  -1.0613137e-02  -3.1719001e-03  -3.0004033e-02
   2.3035520e+00  -3.3875304e-03   7.7067952e-03  -2.7179748e-02
   2.3425953e+00   7.9597767e-03   1.9624403e-02  -2.2933229e-02
   2.3816385e+00   1.7528150e-02   2.9580334e-02  -1.7973528e-02
   2.4206818e+00   2.1108660e-02   3.4821675e-02  -1.3405041e-02
   2.4597250e+00   1.8382410e-02   3.4221382e-02  -9.5141413e-03
   2.4987683e+00   9.4182008e-03   2.8514742e-02  -6.5061992e-03
   2.5378115e+00  -1.7249040e-03   2.0297294e-02  -4.2712521e-03
   2.5768548e+00  -9.1981857e-03   1.2732885e-02  -2.9224618e-03
   2.6158981e+00  -9.2928150e-03   7.7895402e-03  -2.2239396e-03
   2.6549413e+00  -5.2282838e-03   5.4558145e-03  -2.0332503e-03
   2.6939846e+00   7.0758908e-04   4.6094832e-03  -1.9225968e-03
   2.7330278e+00   5.0696515e-03   3.7867528e-03  -2.1978281e-03
   2.7720711e+00   6.2386788e-03   1.8623541e-03  -2.4661491e-03
   2.8111143e+00   3.6616873e-03  -1.8051243e-03  -2.6374161e-03
   2.8501576e+00   3.8260438e-04  -6.8636486e-03  -2.7631551e-03
   2.8892008e+00  -1.5823458e-03  -1.2450475e-02  -2.9778454e-03
   2.9282441e+00  -2.6296333e-03  -1.7617037e-02  -2.4711684e-03
   2.9672873e+00  -4.8823396e-03  -2.1695788e-02  -9.0814955e-04
   3.0063306e+00  -5.8268670e-03  -2.4256646e-02   1.7806607e-03
   3.0453738e+00  -4.0413709e-03  -2.5301863e-02   4.5946251e-03
   3.0844171e+00  -9.1044761e-04  -2.5300886e-02   6.7249265e-03
