   1.0000000e+00   1.1246907e-01   1.0357158e-01   8.8245683e-02   3.6629401e-02   6.8377963e-02   4.5788146e-02   6.4868923e-03   2.1170326e-01   9.5478983e-02   3.0544932e-04   4.1875637e-01   5.1032626e-02
   2.0000000e+00   7.3733966e-02   5.1357355e-02   4.8915582e-02   5.8532092e-02   5.6718717e-02   4.4344200e-02   1.2588147e-02   2.0668933e-01   8.6996501e-02   1.0835622e-03   5.6414449e-01   6.7020104e-02
   3.0000000e+00   3.3790325e-02   1.8866607e-02   2.2936241e-02   5.2003730e-02   4.7633894e-02   4.4172250e-02   1.6051641e-02   2.2131589e-01   8.3818124e-02   1.9922932e-03   4.9803970e-01   5.2432018e-02
   4.0000000e+00   1.4426745e-02   7.2641283e-03   1.0138909e-02   4.9362619e-02   3.6352156e-02   4.0848585e-02   2.8313582e-02   2.1151336e-01   7.7685767e-02   2.7074550e-03   3.8896905e-01   5.5810491e-02
   5.0000000e+00   6.6438734e-03   2.9125722e-03   4.4577950e-03   3.6688167e-02   2.7329721e-02   3.3657707e-02   4.5352979e-02   2.2577944e-01   8.3726386e-02   6.3387310e-03   6.1915567e-01   5.5312870e-02
   6.0000000e+00   2.8469676e-03   1.1609633e-03   1.9820875e-03   2.8262008e-02   2.0445451e-02   2.9202537e-02   5.3022218e-02   2.0888968e-01   7.6083104e-02   6.9617829e-03   4.6478139e-01   5.4171781e-02
   7.0000000e+00   1.3697162e-03   5.0002443e-04   8.7923231e-04   2.2856224e-02   1.4502918e-02   2.2469563e-02   7.6618174e-02   2.0568342e-01   8.3964153e-02   1.1821720e-02   5.8392610e-01   5.5805795e-02
   8.0000000e+00   6.4204075e-04   2.2194731e-04   3.9189676e-04   1.7594801e-02   1.0495432e-02   1.8403195e-02   9.6916071e-02   2.0254913e-01   7.7967435e-02   1.6196301e-02   6.2945887e-01   5.3020485e-02
   9.0000000e+00   2.9666875e-04   9.5577374e-05   1.7765027e-04   1.4333064e-02   7.6293410e-03   1.4330356e-02   1.0959660e-01   1.7766348e-01   8.0376003e-02   1.8286283e-02   5.6991851e-01   5.0289861e-02
   1.0000000e+01   1.4573376e-04   4.1452529e-05   7.9396533e-05   1.0815371e-02   5.6073574e-03   1.0769440e-02   1.1591157e-01   1.7302778e-01   7.7056145e-02   2.2993518e-02   5.8407890e-01   4.6810113e-02
   1.1000000e+01   6.7258234e-05   1.9757598e-05   4.0141768e-05   8.7789559e-03   4.2206832e-03   8.4297153e-03   1.2367082e-01   1.5597996e-01   7.6115565e-02   2.5335757e-02   5.3224565e-01   4.0043928e-02
   1.2000000e+01   3.3449974e-05   9.0697582e-06   1.8114785e-05   7.0215139e-03   3.1306190e-03   6.9170479e-03   1.3673914e-01   1.4110083e-01   7.7637698e-02   2.7380794e-02   4.8268513e-01   4.0515011e-02
   1.3000000e+01   1.9275204e-05   4.8813911e-06   9.3033184e-06   5.4670206e-03   2.3082926e-03   5.1990868e-03   1.3601356e-01   1.3972360e-01   7.5537666e-02   3.2199722e-02   4.8806091e-01   3.3592370e-02
   1.4000000e+01   1.0855336e-05   2.9991947e-06   5.5390747e-06   4.4237550e-03   1.7747886e-03   3.9574793e-03   1.2089607e-01   1.1812424e-01   6.4848745e-02   2.8490078e-02   3.7093109e-01   2.5450933e-02
   1.5000000e+01   1.2608656e-06   2.9240175e-06   1.8586746e-06   3.5557186e-03   1.3508910e-03   3.1993563e-03   1.1996154e-01   1.0870961e-01   5.8049562e-02   2.6597208e-02   3.0651104e-01   2.0360722e-02
   1.6000000e+01   1.1149342e-07   8.0508996e-08   8.8651402e-08   2.7723539e-03   1.0224847e-03   2.4800093e-03   1.1309664e-01   9.1998632e-02   5.6151075e-02   2.6119099e-02   2.6622476e-01   1.7203279e-02
   1.7000000e+01   0.0000000e+00   0.0000000e+00   0.0000000e+00   2.2702509e-03   7.7728220e-04   1.9018264e-03   9.5715278e-02   8.7210436e-02   5.0534543e-02   2.5076062e-02   2.2230186e-01   1.3992735e-02
   1.8000000e+01   0.0000000e+00   0.0000000e+00   0.0000000e+00   1.7724625e-03   5.9982825e-04   1.5260747e-03   9.7035061e-02   8.3309536e-02   4.8561705e-02   2.7371448e-02   2.2086286e-01   1.2303630e-02
   1.9000000e+01   0.0000000e+00   0.0000000e+00   0.0000000e+00   1.4207009e-03   4.6135044e-04   1.1914549e-03   8.7642284e-02   7.4677663e-02   4.2240310e-02   2.2640461e-02   1.6483060e-01   9.7678521e-03
   2.0000000e+01   0.0000000e+00   0.0000000e+00   0.0000000e+00   1.1361360e-03   3.6072661e-04   9.4888190e-04   8.8078165e-02   6.9039244e-02   4.1421694e-02   2.4887442e-02   1.6434588e-01   8.9298184e-03
   2.1000000e+01   0.0000000e+00   0.0000000e+00   0.0000000e+00   9.2742352e-04   2.7599715e-04   7.3642267e-04   7.8471129e-02   5.8641669e-02   4.0818488e-02   2.3713423e-02   1.3850116e-01   7.4598013e-03
   2.2000000e+01   0.0000000e+00   0.0000000e+00   0.0000000e+00   7.3478240e-04   2.1695071e-04   6.0995261e-04   7.4380398e-02   5.4315182e-02   3.4288505e-02   1.8451991e-02   9.9080075e-02   5.9981973e-03
   2.3000000e+01   0.0000000e+00   0.0000000e+00   0.0000000e+00   5.8565375e-04   1.6388675e-04   4.7897635e-04   6.8008519e-02   4.9344740e-02   3.3279190e-02   1.8751466e-02   9.2402643e-02   5.0621901e-03
   2.4000000e+01   0.0000000e+00   0.0000000e+00   0.0000000e+00   4.7513449e-04   1.2527084e-04   3.7359678e-04   6.7181734e-02   4.5357667e-02   3.0496258e-02   1.8054936e-02   8.1274290e-02   4.6461740e-03
   2.5000000e+01   0.0000000e+00   0.0000000e+00   0.0000000e+00   3.7983575e-04   9.7730919e-05   3.0210440e-04   6.3114063e-02   4.3024630e-02   2.7808688e-02   1.6114993e-02   6.7752617e-02   3.7978308e-03
   2.6000000e+01   0.0000000e+00   0.0000000e+00   0.0000000e+00   3.0801441e-04   7.5853599e-05   2.3333319e-04   5.6494182e-02   3.9575368e-02   2.5886530e-02   1.4520061e-02   5.6870929e-02   3.3303974e-03
   2.7000000e+01   0.0000000e+00   0.0000000e+00   0.0000000e+00   2.4659171e-04   5.9170873e-05   1.8604374e-04   5.2563671e-02   3.3104898e-02   2.3940848e-02   1.3453117e-02   4.7427795e-02   2.9539597e-03
   2.8000000e+01   0.0000000e+00   0.0000000e+00   0.0000000e+00   1.9441418e-04   4.7019279e-05   1.5198417e-04   5.3211244e-02   3.0620081e-02   2.2094920e-02   1.3256078e-02   4.4461554e-02   2.7159989e-03
   2.9000000e+01   0.0000000e+00   0.0000000e+00   0.0000000e+00   1.6074365e-04   3.8236996e-05   1.2046819e-04   4.8862637e-02   2.9179833e-02   2.1728826e-02   1.1760703e-02   3.7595331e-02   2.5088223e-03
   3.0000000e+01   0.0000000e+00   0.0000000e+00   0.0000000e+00   1.3366813e-04   3.1248095e-05   1.0098017e-04   4.3343782e-02   2.6928835e-02   1.9945877e-02   1.0860384e-02   3.2119700e-02   2.2149771e-03
   3.1000000e+01   0.0000000e+00   0.0000000e+00   0.0000000e+00   1.1014087e-04   2.6766517e-05   8.4543140e-05   4.1635897e-02   2.5653360e-02   1.7332022e-02   1.0119766e-02   2.8867295e-02   1.9872601e-03
   3.2000000e+01   0.0000000e+00   0.0000000e+00   0.0000000e+00   9.6431648e-05   2.2827680e-05   7.1849496e-05   3.8236713e-02   2.2789685e-02   1.6244771e-02   9.6482738e-03   2.5449359e-02   1.7721224e-03
   3.3000000e+01   0.0000000e+00   0.0000000e+00   0.0000000e+00   1.0116877e-04   2.2779245e-05   6.7604609e-05   3.7445765e-02   2.0276134e-02   1.5225515e-02   8.4432565e-03   2.1285885e-02   1.6175035e-03
   3.4000000e+01   0.0000000e+00   0.0000000e+00   0.0000000e+00   9.6068177e-05   1.9184524e-05   6.2096925e-05   3.5301212e-02   1.8828071e-02   1.4508797e-02   7.8058926e-03   1.8402788e-02   1.4208970e-03
   3.5000000e+01   0.0000000e+00   0.0000000e+00   0.0000000e+00   2.3062945e-05   1.9019582e-05   3.9508374e-05   3.4065344e-02   1.8058787e-02   1.2797318e-02   6.9440733e-03   1.5754869e-02   1.3204446e-03
   3.6000000e+01   0.0000000e+00   0.0000000e+00   0.0000000e+00   2.3811682e-05   1.7639150e-05   3.9124838e-05   3.1100402e-02   1.6307176e-02   1.2544722e-02   6.3943331e-03   1.3645377e-02   1.2298177e-03
   3.7000000e+01   0.0000000e+00   0.0000000e+00   0.0000000e+00   2.0486524e-07   3.8455318e-08   1.3306963e-07   2.8850171e-02   1.4851815e-02   1.1422975e-02   5.9986577e-03   1.2298312e-02   1.1719408e-03
   3.8000000e+01   0.0000000e+00   0.0000000e+00   0.0000000e+00   1.7426166e-07   2.9540667e-08   9.4896522e-08   2.6888467e-02   1.3604520e-02   1.0337784e-02   5.6014645e-03   1.1293491e-02   1.0190981e-03
   3.9000000e+01   0.0000000e+00   0.0000000e+00   0.0000000e+00   0.0000000e+00   0.0000000e+00   0.0000000e+00   2.5839557e-02   1.2674962e-02   9.7740116e-03   4.9666740e-03   9.4572275e-03   9.6410539e-04
   4.0000000e+01   0.0000000e+00   0.0000000e+00   0.0000000e+00   0.0000000e+00   0.0000000e+00   0.0000000e+00   2.4320289e-02   1.1582319e-02   9.1703947e-03   4.6908297e-03   8.5188030e-03   8.8995174e-04
   4.1000000e+01   0.0000000e+00   0.0000000e+00   0.0000000e+00   0.0000000e+00   0.0000000e+00   0.0000000e+00   2.2347729e-02   1.0567049e-02   8.3680428e-03   4.1677342e-03   7.2158517e-03   8.3126237e-04
   4.2000000e+01   0.0000000e+00   0.0000000e+00   0.0000000e+00   0.0000000e+00   0.0000000e+00   0.0000000e+00   2.1432502e-02   9.8445480e-03   7.6777760e-03   3.8187851e-03   6.5302915e-03   7.6619606e-04
   4.3000000e+01   0.0000000e+00   0.0000000e+00   0.0000000e+00   0.0000000e+00   0.0000000e+00   0.0000000e+00   1.9961343e-02   9.0590356e-03   7.1462971e-03   3.6053718e-03   5.8579255e-03   7.0693774e-04
   4.4000000e+01   0.0000000e+00   0.0000000e+00   0.0000000e+00   0.0000000e+00   0.0000000e+00   0.0000000e+00   1.9030598e-02   8.0578098e-03   6.5457231e-03   3.1173051e-03   4.9956725e-03   6.6857770e-04
   4.5000000e+01   0.0000000e+00   0.0000000e+00   0.0000000e+00   0.0000000e+00   0.0000000e+00   0.0000000e+00   1.8085740e-02   7.7285482e-03   6.1805262e-03   2.9532536e-03   4.5022111e-03   6.1449132e-04
   4.6000000e+01   0.0000000e+00   0.0000000e+00   0.0000000e+00   0.0000000e+00   0.0000000e+00   0.0000000e+00   1.7324494e-02   7.3094202e-03   5.6072698e-03   2.7336828e-03   4.0915844e-03   5.9354040e-04
   4.7000000e+01   0.0000000e+00   0.0000000e+00   0.0000000e+00   0.0000000e+00   0.0000000e+00   0.0000000e+00   1.5005238e-02   6.5728307e-03   5.2473952e-03   2.5598420e-03   3.6847050e-03   5.4172345e-04
   4.8000000e+01   0.0000000e+00   0.0000000e+00   0.0000000e+00   0.0000000e+00   0.0000000e+00   0.0000000e+00   1.4917106e-02   6.0048048e-03   4.9733514e-03   2.3435932e-03   3.3192168e-03   4.9758428e-04
   4.9000000e+01   0.0000000e+00   0.0000000e+00   0.0000000e+00   0.0000000e+00   0.0000000e+00   0.0000000e+00   1.4239302e-02   5.5989590e-03   4.5600119e-03   2.2153877e-03   3.0121379e-03   4.6298468e-04
   5.0000000e+01   0.0000000e+00   0.0000000e+00   0.0000000e+00   0.0000000e+00   0.0000000e+00   0.0000000e+00   1.3369030e-02   5.2303912e-03   4.2252152e-03   1.9457320e-03   2.7023472e-03   4.2241313e-04
   5.1000000e+01   0.0000000e+00   0.0000000e+00   0.0000000e+00   0.0000000e+00   0.0000000e+00   0.0000000e+00   1.2745754e-02   4.8981078e-03   4.0521737e-03   1.6577097e-03   2.2755894e-03   3.9044367e-04
   5.2000000e+01   0.0000000e+00   0.0000000e+00   0.0000000e+00   0.0000000e+00   0.0000000e+00   0.0000000e+00   1.1906343e-02   4.4525742e-03   3.5968111e-03   1.5360233e-03   2.0647554e-03   3.6573734e-04
   5.3000000e+01   0.0000000e+00   0.0000000e+00   0.0000000e+00   0.0000000e+00   0.0000000e+00   0.0000000e+00   1.0960789e-02   4.2581477e-03   3.4576024e-03   1.4616065e-03   1.8401131e-03   3.3864112e-04
   5.4000000e+01   0.0000000e+00   0.0000000e+00   0.0000000e+00   0.0000000e+00   0.0000000e+00   0.0000000e+00   1.0797768e-02   3.8725973e-03   3.1255388e-03   1.3306164e-03   1.6601136e-03   3.0107844e-04
   5.5000000e+01   0.0000000e+00   0.0000000e+00   0.0000000e+00   0.0000000e+00   0.0000000e+00   0.0000000e+00   9.6793518e-03   3.6907359e-03   3.0308080e-03   1.2952554e-03   1.5605683e-03   2.9220398e-04
   5.6000000e+01   0.0000000e+00   0.0000000e+00   0.0000000e+00   0.0000000e+00   0.0000000e+00   0.0000000e+00   9.2478176e-03   3.3813367e-03   2.7656631e-03   1.1630227e-03   1.4187201e-03   2.6684236e-04
   5.7000000e+01   0.0000000e+00   0.0000000e+00   0.0000000e+00   0.0000000e+00   0.0000000e+00   0.0000000e+00   8.7094034e-03   3.2312850e-03   2.6160871e-03   1.0279403e-03   1.2415031e-03   2.4230436e-04
   5.8000000e+01   0.0000000e+00   0.0000000e+00   0.0000000e+00   0.0000000e+00   0.0000000e+00   0.0000000e+00   8.3596037e-03   2.9703926e-03   2.4839288e-03   9.5286285e-04   1.1773794e-03   2.2855592e-04
   5.9000000e+01   0.0000000e+00   0.0000000e+00   0.0000000e+00   0.0000000e+00   0.0000000e+00   0.0000000e+00   8.0862047e-03   2.8710733e-03   2.3073104e-03   8.8956210e-04   1.0656822e-03   2.1134794e-04
   6.0000000e+01   0.0000000e+00   0.0000000e+00   0.0000000e+00   0.0000000e+00   0.0000000e+00   0.0000000e+00   7.7755537e-03   2.6820008e-03   2.1950812e-03   8.2636334e-04   9.7785103e-04   2.0163631e-04
   6.1000000e+01   0.0000000e+00   0.0000000e+00   0.0000000e+00   0.0000000e+00   0.0000000e+00   0.0000000e+00   7.6863870e-03   2.6603097e-03   2.0900313e-03   7.6132396e-04   8.9025974e-04   1.8413626e-04
   6.2000000e+01   0.0000000e+00   0.0000000e+00   0.0000000e+00   0.0000000e+00   0.0000000e+00   0.0000000e+00   7.4338696e-03   2.5133209e-03   2.0508809e-03   7.2024467e-04   8.2832798e-04   1.7318431e-04
   6.3000000e+01   0.0000000e+00   0.0000000e+00   0.0000000e+00   0.0000000e+00   0.0000000e+00   0.0000000e+00   7.0309494e-03   2.4328879e-03   1.9699147e-03   6.7693218e-04   7.8284486e-04   1.6026063e-04
   6.4000000e+01   0.0000000e+00   0.0000000e+00   0.0000000e+00   0.0000000e+00   0.0000000e+00   0.0000000e+00   6.8912583e-03   2.3431762e-03   1.8882025e-03   6.3858003e-04   7.1070709e-04   1.4976437e-04
   6.5000000e+01   0.0000000e+00   0.0000000e+00   0.0000000e+00   0.0000000e+00   0.0000000e+00   0.0000000e+00   6.9650148e-03   2.2728838e-03   1.8550458e-03   5.8940653e-04   6.7020596e-04   1.3775951e-04
   6.6000000e+01   0.0000000e+00   0.0000000e+00   0.0000000e+00   0.0000000e+00   0.0000000e+00   0.0000000e+00   6.8248472e-03   2.2637348e-03   1.8765597e-03   5.6409085e-04   6.3333359e-04   1.2870384e-04
   6.7000000e+01   0.0000000e+00   0.0000000e+00   0.0000000e+00   0.0000000e+00   0.0000000e+00   0.0000000e+00   6.7234909e-03   2.1212714e-03   1.7590856e-03   5.3396763e-04   5.6866115e-04   1.1918992e-04
   6.8000000e+01   0.0000000e+00   0.0000000e+00   0.0000000e+00   0.0000000e+00   0.0000000e+00   0.0000000e+00   6.7875714e-03   2.0880380e-03   1.7177772e-03   4.8977415e-04   5.3588201e-04   1.0665914e-04
   6.9000000e+01   0.0000000e+00   0.0000000e+00   0.0000000e+00   0.0000000e+00   0.0000000e+00   0.0000000e+00   6.4912454e-03   1.9127463e-03   1.6944326e-03   4.8221302e-04   5.1573087e-04   9.7235698e-05
   7.0000000e+01   0.0000000e+00   0.0000000e+00   0.0000000e+00   0.0000000e+00   0.0000000e+00   0.0000000e+00   6.5277130e-03   1.8257917e-03   1.6342946e-03   4.5608412e-04   4.7997112e-04   9.1840259e-05
   7.1000000e+01   0.0000000e+00   0.0000000e+00   0.0000000e+00   0.0000000e+00   0.0000000e+00   0.0000000e+00   6.0281284e-03   1.7221038e-03   1.5368043e-03   4.2771713e-04   4.3805460e-04   8.2681775e-05
   7.2000000e+01   0.0000000e+00   0.0000000e+00   0.0000000e+00   0.0000000e+00   0.0000000e+00   0.0000000e+00   5.6636753e-03   1.3950617e-03   1.5330011e-03   4.1046175e-04   4.2129678e-04   7.6827235e-05
   7.3000000e+01   0.0000000e+00   0.0000000e+00   0.0000000e+00   0.0000000e+00   0.0000000e+00   0.0000000e+00   3.7852481e-03   1.2313208e-03   1.2164600e-03   3.7887766e-04   3.7242971e-04   6.9159979e-05
   7.4000000e+01   0.0000000e+00   0.0000000e+00   0.0000000e+00   0.0000000e+00   0.0000000e+00   0.0000000e+00   1.7142868e-03   2.2525933e-03   1.4042170e-03   3.6171849e-04   3.5960238e-04   6.4194710e-05
   7.5000000e+01   0.0000000e+00   0.0000000e+00   0.0000000e+00   0.0000000e+00   0.0000000e+00   0.0000000e+00   6.0504844e-05   5.9404706e-04   1.9835858e-04   3.3268957e-04   3.1919188e-04   5.9211947e-05
   7.6000000e+01   0.0000000e+00   0.0000000e+00   0.0000000e+00   0.0000000e+00   0.0000000e+00   0.0000000e+00   0.0000000e+00   0.0000000e+00   0.0000000e+00   3.0255136e-04   2.8368119e-04   5.3307662e-05
   7.7000000e+01   0.0000000e+00   0.0000000e+00   0.0000000e+00   0.0000000e+00   0.0000000e+00   0.0000000e+00   0.0000000e+00   0.0000000e+00   0.0000000e+00   2.7701717e-04   2.5276911e-04   4.8170552e-05
   7.8000000e+01   0.0000000e+00   0.0000000e+00   0.0000000e+00   0.0000000e+00   0.0000000e+00   0.0000000e+00   0.0000000e+00   0.0000000e+00   0.0000000e+00   2.2088623e-04   1.9046936e-04   4.2818427e-05
   7.9000000e+01   0.0000000e+00   0.0000000e+00   0.0000000e+00   0.0000000e+00   0.0000000e+00   0.0000000e+00   0.0000000e+00   0.0000000e+00   0.0000000e+00   1.3309294e-04   1.0638631e-04   3.7561524e-05
