    0.000000000000000E+00    0.000000000000000E+00    2.948838861401171E-04    2.703125728694741E-04    1.107856206674897E-05    1.221045132841840E-05    7.686163703960695E-05
    1.000000000000001E-02    0.000000000000000E+00    2.948809370492897E-04    2.710454592244269E-04    1.543160553232588E-05    1.092349970053781E-05    7.730688909044240E-05
    2.000000000000002E-02    0.000000000000000E+00    2.948942796480742E-04    2.727087692641489E-04    1.463460537009820E-05    7.141466585374969E-06    7.850162993269447E-05
    3.170012867189032E-02    0.000000000000000E+00    2.948853329192581E-04    2.750812752438676E-04    1.324958031272572E-05    3.750923396284640E-07    8.043838286239495E-05
    4.200000000000004E-02    0.000000000000000E+00    2.948285946191738E-04    2.762018321886862E-04    1.155300253738233E-05   -6.202917783637601E-06    8.218793803374926E-05
    5.200000000000005E-02    0.000000000000000E+00    2.947968424287638E-04    2.749912608065574E-04    9.719975868814732E-06   -1.157797190410757E-05    8.361733272881739E-05
    6.311754253808521E-02    0.000000000000000E+00    2.949594608233561E-04    2.702629892375880E-04    7.895024457049509E-06   -1.543202724720190E-05    8.452670204542236E-05
    7.799999999999985E-02    0.000000000000000E+00    2.957658011841467E-04    2.591614906975823E-04    6.375881014194736E-06   -1.687734642684229E-05    8.419443957328934E-05
    9.423565988021565E-02    0.000000000000000E+00    2.974588439123693E-04    2.436539433781802E-04    5.485161474336891E-06   -1.395735578396771E-05    8.209905147154618E-05
    1.099999999999999E-01    0.000000000000000E+00    2.996924971642254E-04    2.272013126826391E-04    4.917058160424644E-06   -6.410183107641965E-06    8.030726067414845E-05
    1.250373134078284E-01    0.000000000000000E+00    3.023076961776849E-04    2.104809119919714E-04    4.725155280068988E-06    5.630353316555929E-06    8.096488294821692E-05
    1.399999999999997E-01    0.000000000000000E+00    3.055609033497872E-04    1.925915811771600E-04    4.904001945952506E-06    2.148382265438134E-05    8.511592117935217E-05
    1.555047836260162E-01    0.000000000000000E+00    3.097492121941336E-04    1.755016430324153E-04    5.369307748273719E-06    3.977459481991730E-05    9.314797837277041E-05
    1.856198409895775E-01    0.000000000000000E+00    3.193573815879654E-04    1.547212082901213E-04    5.705421372789011E-06    6.923870849369655E-05    1.182990381991982E-04
    2.153637974678508E-01    0.000000000000000E+00    3.309016334176393E-04    1.436037581027784E-04    6.356408837044058E-06    9.203311464788628E-05    1.531093246620310E-04
    2.447175680599312E-01    0.000000000000000E+00    3.451841005214871E-04    1.361785515581766E-04    8.369497093232612E-06    1.139832777909346E-04    1.922446221494286E-04
    2.736617426859418E-01    0.000000000000000E+00    3.618765637797543E-04    1.372630705047100E-04    9.926760002726225E-06    1.293362140446916E-04    2.339822422192930E-04
    3.021766687343224E-01    0.000000000000000E+00    3.796307376497336E-04    1.418084312711596E-04    1.011755027443840E-05    1.442446348481653E-04    2.721395039981273E-04
    3.302425443665093E-01    0.000000000000000E+00    3.975761044196276E-04    1.419219236155926E-04    8.977308551812158E-06    1.624402626352094E-04    3.040502610814899E-04
    3.578395224691082E-01    0.000000000000000E+00    4.162025876228940E-04    1.389351454687861E-04    7.163902249495791E-06    1.798040964693876E-04    3.304892235652199E-04
    3.849478249010350E-01    0.000000000000000E+00    4.365592990959316E-04    1.429801169279682E-04    6.138952990044207E-06    1.926143103060194E-04    3.603419664210735E-04
    4.115478664127252E-01    0.000000000000000E+00    4.590575617646735E-04    1.443810503704724E-04    5.732396523350035E-06    2.159707256224035E-04    3.874267481036829E-04
    4.376203873215285E-01    0.000000000000000E+00    4.837112917588701E-04    1.233118014031913E-04    5.162378361088624E-06    2.644753507481685E-04    4.202586972312568E-04
    4.631465937191983E-01    0.000000000000000E+00    5.100737372954293E-04    1.039822918851461E-04    4.401331518753517E-06    3.199025306415571E-04    4.631907684748068E-04
    4.881083036737000E-01    0.000000000000000E+00    5.374589758026758E-04    9.322615207520363E-05    3.207038898143182E-06    3.716866604064981E-04    5.090915433232888E-04
    5.124880975795527E-01    0.000000000000000E+00    5.669689916357919E-04    7.137041788803436E-05    3.544559665519920E-06    4.248163436906243E-04    5.665144173909557E-04
    5.362694705219120E-01    0.000000000000000E+00    5.992138675767374E-04    5.765731092118834E-05    5.755814519377620E-06    4.644450748499847E-04    6.296134517444867E-04
    5.594369842636553E-01    0.000000000000000E+00    6.332721147372274E-04    5.395045334699458E-05    7.161698292566153E-06    4.953704909588241E-04    6.889017275065398E-04
    5.819764162566443E-01    0.000000000000000E+00    6.690158776637145E-04    3.807015610958996E-05    6.202935640856749E-06    5.407242861495375E-04    7.364008974172637E-04
    6.038749029319419E-01    0.000000000000000E+00    7.066800707509896E-04    3.862944288132589E-06    2.720330371003315E-06    6.075835930117249E-04    7.700449331158425E-04
    6.251210744525224E-01    0.000000000000000E+00    7.466900716671838E-04   -4.400824801134790E-05   -1.638408274743522E-06    6.913340708632892E-04    7.959919860040209E-04
    6.457051781255032E-01    0.000000000000000E+00    7.882932649135033E-04   -9.684820034972907E-05   -5.615689954646658E-06    7.813180202422172E-04    8.344172966740469E-04
    6.656191877771569E-01    0.000000000000000E+00    8.301987490771344E-04   -1.453007042865849E-04   -9.842737705184461E-06    8.687099092681179E-04    8.965739019219168E-04
    6.848568965950577E-01    0.000000000000000E+00    8.722465726441093E-04   -1.858911757871076E-04   -1.414489604548977E-05    9.521466900145915E-04    9.811352870193885E-04
    7.034139912363955E-01    0.000000000000000E+00    9.143015802759516E-04   -2.169839847014467E-04   -1.891533448788183E-05    1.034183174438721E-03    1.077874090937576E-03
    7.212881053823921E-01    0.000000000000000E+00    9.551833258253303E-04   -2.504288609918182E-04   -2.502899440831304E-05    1.120166899027483E-03    1.176892615763224E-03
    7.384788513743956E-01    0.000000000000000E+00    9.934742009383296E-04   -2.930780325622034E-04   -2.989158069864768E-05    1.208922427151871E-03    1.270750442573902E-03
    7.549878290806298E-01    0.000000000000000E+00    1.028168520068345E-03   -3.337620122855333E-04   -3.373153843427693E-05    1.291557845094320E-03    1.350243731408053E-03
    7.708186116941320E-01    0.000000000000000E+00    1.057622612458807E-03   -3.726871345309298E-04   -3.764518570868410E-05    1.368494291888810E-03    1.415662198256978E-03
    7.859767087290663E-01    0.000000000000000E+00    1.081472425503091E-03   -4.035879371448812E-04   -4.144885148875681E-05    1.431393991657808E-03    1.469709391299631E-03
    8.004695070408161E-01    0.000000000000000E+00    1.097869577505982E-03   -4.182151387517857E-04   -4.661001929410699E-05    1.471026549737339E-03    1.511880496919464E-03
    8.143061912216325E-01    0.000000000000000E+00    1.106499054791633E-03   -4.092479348309034E-04   -5.214219268528985E-05    1.483090989710834E-03    1.539135926648873E-03
    8.274976451965728E-01    0.000000000000000E+00    1.106672894804768E-03   -3.760637324898147E-04   -5.692802559134212E-05    1.465150429345467E-03    1.545059479741095E-03
    8.400563372459544E-01    0.000000000000000E+00    1.098423822620688E-03   -3.223895940912581E-04   -5.909562441103471E-05    1.419680074766345E-03    1.526248571747206E-03
    8.519961909963207E-01    0.000000000000000E+00    1.080801981423643E-03   -2.586107303489734E-04   -5.941438022503878E-05    1.353534327449717E-03    1.478730781674535E-03
    8.633324451431648E-01    0.000000000000000E+00    1.053096688590584E-03   -1.811927130409719E-04   -5.783033434713682E-05    1.263671101887028E-03    1.401386761212695E-03
    8.740815047915476E-01    0.000000000000000E+00    1.015863708249493E-03   -8.688121256361777E-05   -5.443708011374816E-05    1.146554615647541E-03    1.300197468020271E-03
    8.842607873264363E-01    0.000000000000000E+00    9.692545933632779E-04    1.666363857672350E-05   -4.782705531683473E-05    1.008212713249620E-03    1.183511890945024E-03
    8.938885656596867E-01    0.000000000000000E+00    9.147385510381197E-04    1.182504984408891E-04   -3.626551610201307E-05    8.598152900687675E-04    1.052066334605389E-03
    9.029838115542290E-01    0.000000000000000E+00    8.528714689258303E-04    2.034851804166770E-04   -2.055908629035395E-05    7.158118048801974E-04    9.010744611559034E-04
    9.115660415120352E-01    0.000000000000000E+00    7.850736142489996E-04    2.622759050012521E-04   -8.878475070736214E-07    5.876572574901942E-04    7.290180300723835E-04
    9.196551674448159E-01    0.000000000000000E+00    7.135727906400595E-04    2.908143327195693E-04    2.146324084107754E-05    4.817436208191771E-04    5.412234461472307E-04
    9.272713540412347E-01    0.000000000000000E+00    6.398360813512985E-04    2.897401722338731E-04    4.468870725709119E-05    4.007835751259885E-04    3.482799363791044E-04
    9.344348844170156E-01    0.000000000000000E+00    5.664896307128880E-04    2.652678758912428E-04    6.799477036734114E-05    3.415370463677753E-04    1.613805995358316E-04
    9.411660352991831E-01    0.000000000000000E+00    4.953739619033629E-04    2.244403201330887E-04    8.987590118146940E-05    3.000246432055889E-04   -1.127559543042029E-05
    9.474849626654169E-01    0.000000000000000E+00    4.284548696002859E-04    1.754869887160759E-04    1.095264897781651E-04    2.699333514539839E-04   -1.649151126398886E-04
    9.534115984454097E-01    0.000000000000000E+00    3.671084233094687E-04    1.261596978599537E-04    1.259395635802825E-04    2.455496817036808E-04   -2.984620141920011E-04
    9.589655586009940E-01    0.000000000000000E+00    3.123871560740260E-04    8.249684636364805E-05    1.388560295505605E-04    2.215670193399981E-04   -4.137970767602930E-04
    9.641660626425548E-01    0.000000000000000E+00    2.645901168468797E-04    4.817604947644012E-05    1.478815933152961E-04    1.949882696764887E-04   -5.148423512145901E-04
    9.690318644139317E-01    0.000000000000000E+00    2.232674933880328E-04    2.421619506247483E-05    1.525868848321057E-04    1.647640708707723E-04   -6.057241146367430E-04
    9.735811937892969E-01    0.000000000000000E+00    1.872985937088779E-04    9.596817301087439E-06    1.522200627587372E-04    1.319800597750264E-04   -6.889700483640043E-04
    9.778317087729391E-01    0.000000000000000E+00    1.551444815258568E-04    2.162523876635930E-06    1.458801200954572E-04    9.880030557404915E-05   -7.636356452067963E-04
    9.818004573753960E-01    0.000000000000000E+00    1.252578559978283E-04   -6.209251973477918E-07    1.328128218395560E-04    6.791386305944310E-05   -8.237926942923114E-04
    9.855038485545684E-01    0.000000000000000E+00    9.651626994621474E-05   -1.014327796212104E-06    1.128609648425954E-04    4.172910932586683E-05   -8.576554480690876E-04
    9.889576314552073E-01    0.000000000000000E+00    6.861537407944641E-05   -6.031341332951497E-07    8.694331799930346E-05    2.188644408916088E-05   -8.476216622473713E-04
    9.921768821508081E-01    0.000000000000000E+00    4.235675348840872E-05   -2.041488054461392E-07    5.752637641430122E-05    8.933590916886201E-06   -7.712525132428823E-04
    9.951759970847149E-01    0.000000000000000E+00    1.980382130305040E-05   -3.210666177388085E-08    2.900493260127866E-05    2.248408898275370E-06   -6.030927618444863E-04
    9.979686924184001E-01    0.000000000000000E+00    4.303598648049091E-06   -8.154676328154935E-10    8.704900486049012E-06    1.251977531461749E-07   -3.172978022717189E-04
    1.000000000000000E+00    0.000000000000000E+00    0.000000000000000E+00    0.000000000000000E+00   -9.069686451333118E-06    0.000000000000000E+00    0.000000000000000E+00
