   0.0000000e+00   1.0000000e+00   1.0000000e+00   1.0000000e+00   1.0000000e+00   1.0000000e+00   1.0000000e+00   1.0000000e+00   1.0000000e+00   1.0000000e+00   1.0000000e+00   1.0000000e+00   1.0000000e+00
   2.6315789e-02   9.1937368e-01   9.1842834e-01   9.6702520e-01   9.1709685e-01   9.2389672e-01   9.7214392e-01   9.3347022e-01   9.5279556e-01   9.8201535e-01   9.3404665e-01   9.7235782e-01   9.9158031e-01
   5.2631579e-02   7.3478974e-01   7.3131374e-01   8.8474235e-01   7.3156794e-01   7.5079901e-01   9.0340310e-01   7.8970317e-01   8.3864478e-01   9.3606473e-01   7.7693592e-01   8.9742020e-01   9.6778864e-01
   7.8947368e-02   5.3378847e-01   5.2795424e-01   7.8207354e-01   5.3436615e-01   5.6111408e-01   8.1773914e-01   6.4016214e-01   7.0021908e-01   8.7539217e-01   5.9876131e-01   7.9326789e-01   9.3210381e-01
   1.0526316e-01   3.6080498e-01   3.5394170e-01   6.7856699e-01   3.6828533e-01   3.9512758e-01   7.3030006e-01   5.1461486e-01   5.6533964e-01   8.0957473e-01   4.4247449e-01   6.7834500e-01   8.8844567e-01
   1.3157895e-01   2.2658456e-01   2.1942990e-01   5.8350157e-01   2.4169643e-01   2.6395767e-01   6.4809951e-01   4.1700950e-01   4.4723233e-01   7.4413372e-01   3.2181470e-01   5.6624243e-01   8.4022087e-01
   1.5789474e-01   1.2774630e-01   1.2033559e-01   5.0013170e-01   1.5035039e-01   1.6584284e-01   5.7380654e-01   3.4279419e-01   3.5010649e-01   6.8197913e-01   2.3460461e-01   4.6485137e-01   7.9001632e-01
   1.8421053e-01   5.7654177e-02   4.9830627e-02   4.2862947e-01   8.7321716e-02   9.4301809e-02   5.0804952e-01   2.8610295e-01   2.7336595e-01   6.2443621e-01   1.7356335e-01   3.7756342e-01   7.3964489e-01
   2.1052632e-01   1.0295034e-02   2.5483869e-03   3.6771180e-01   4.5707480e-02   4.2357987e-02   4.5058170e-01   2.4186469e-01   2.1414254e-01   5.7197981e-01   1.3109707e-01   3.0483631e-01   6.9030282e-01
   2.3684211e-01  -1.8859079e-02  -2.5074531e-02   3.1588316e-01   1.9907539e-02   4.7580342e-03   4.0080982e-01   2.0626479e-01   1.6884792e-01   5.2459609e-01   1.0122793e-01   2.4550801e-01   6.4273856e-01
   2.6315789e-01  -3.3933618e-02  -3.7304687e-02   2.7189704e-01   5.3902042e-03  -2.2092187e-02   3.5788830e-01   1.7658161e-01   1.3414366e-01   4.8201474e-01   7.9489075e-02   1.9768037e-01   5.9739048e-01
   2.8947368e-01  -3.8186033e-02  -3.9249679e-02   2.3477784e-01  -1.5582871e-03  -4.0360512e-02   3.2094763e-01   1.5102313e-01   1.0735502e-01   4.4382060e-01   6.2823227e-02   1.5928867e-01   5.5448642e-01
   3.1578947e-01  -3.4318627e-02  -3.5788396e-02   2.0344404e-01  -4.3237505e-03  -5.1653745e-02   2.8912389e-01   1.2848952e-01   8.6362085e-02   4.0953196e-01   4.9243614e-02   1.2842436e-01   5.1411188e-01
   3.4210526e-01  -2.4983508e-02  -2.9874950e-02   1.7667124e-01  -5.2717889e-03  -5.7517192e-02   2.6170561e-01   1.0870198e-01   6.9614130e-02   3.7868841e-01   3.7731282e-02   1.0348514e-01   4.7625894e-01
   3.6842105e-01  -1.3248135e-02  -2.2958449e-02   1.5312740e-01  -6.1708365e-03  -5.9859841e-02   2.3809181e-01   9.1366706e-02   5.6067136e-02   3.5087171e-01   2.7948376e-02   8.3193633e-02   4.4085536e-01
   3.9473684e-01  -1.6362916e-03  -1.5598300e-02   1.3155161e-01  -7.7946567e-03  -6.0418979e-02   2.1782335e-01   7.6417541e-02   4.5190361e-02   3.2568017e-01   1.9945210e-02   6.6536996e-02   4.0778687e-01
   4.2105263e-01   8.5134013e-03  -7.5487101e-03   1.1098984e-01  -1.0170926e-02  -6.0661931e-02   2.0045063e-01   6.3499351e-02   3.6616602e-02   3.0275056e-01   1.3586118e-02   5.2665845e-02   3.7691801e-01
   4.4736842e-01   1.7181146e-02   2.1525145e-03   9.1091122e-02  -1.2691095e-02  -6.1282494e-02   1.8553134e-01   5.2343487e-02   2.9995630e-02   2.8179568e-01   8.4208421e-03   4.0860743e-02   3.4810904e-01
   4.7368421e-01   2.4877374e-02   1.3908902e-02   7.1760735e-02  -1.4737264e-02  -6.2725421e-02   1.7253611e-01   4.2458795e-02   2.4952136e-02   2.6254786e-01   3.9210164e-03   3.0574897e-02   3.2122407e-01
   5.0000000e-01   3.2288559e-02   2.6244175e-02   5.2773968e-02  -1.5913502e-02  -6.4780658e-02   1.6091713e-01   3.3552592e-02   2.1304933e-02   2.4479378e-01  -1.4020267e-04   2.1477799e-02   2.9613465e-01
   5.2631579e-01   3.9738252e-02   3.6299925e-02   3.3721150e-02  -1.6296441e-02  -6.7006647e-02   1.5016655e-01   2.5411605e-02   1.8950036e-02   2.2839460e-01  -3.7936071e-03   1.3414957e-02   2.7272074e-01
   5.5263158e-01   4.6561321e-02   4.2547353e-02   1.4209715e-02  -1.6067573e-02  -6.9096712e-02   1.3996113e-01   1.8231946e-02   1.7786118e-02   2.1326633e-01  -7.0238598e-03   6.3343244e-03   2.5086962e-01
   5.7894737e-01   5.1551576e-02   4.5066924e-02  -5.9336663e-03  -1.5598911e-02  -7.0885120e-02   1.3009480e-01   1.2088138e-02   1.7464105e-02   1.9930480e-01  -9.8307353e-03   2.3047451e-04   2.3047334e-01
   6.0526316e-01   5.4168762e-02   4.4826188e-02  -2.6515895e-02  -1.5580441e-02  -7.2014327e-02   1.2046336e-01   7.2769994e-03   1.7561791e-02   1.8638085e-01  -1.2194552e-02  -4.9031416e-03   2.1142736e-01
   6.3157895e-01   5.3893242e-02   4.2736084e-02  -4.7065308e-02  -1.6769573e-02  -7.2366354e-02   1.1100711e-01   3.4945175e-03   1.7716046e-02   1.7432898e-01  -1.4159071e-02  -9.1128950e-03   1.9363100e-01
   6.5789474e-01   4.9810865e-02   3.8685194e-02  -6.7024015e-02  -1.9140966e-02  -7.1730428e-02   1.0175906e-01   2.8637732e-04   1.7792202e-02   1.6302491e-01  -1.5791210e-02  -1.2492361e-02   1.7699176e-01
   6.8421053e-01   4.1266990e-02   3.1347337e-02  -8.5983166e-02  -2.1989049e-02  -6.9937530e-02   9.2869268e-02  -2.7902089e-03   1.7659577e-02   1.5236960e-01  -1.7056035e-02  -1.5169421e-02   1.6142976e-01
   7.1052632e-01   2.9117993e-02   2.0283875e-02  -1.0361421e-01  -2.4471153e-02  -6.7081721e-02   8.4529435e-02  -5.6726149e-03   1.7218185e-02   1.4227585e-01  -1.7812206e-02  -1.7287331e-02   1.4687712e-01
   7.3684211e-01   1.4790610e-02   5.9120567e-03  -1.1979436e-01  -2.6225224e-02  -6.3835193e-02   7.6783055e-02  -8.3317970e-03   1.6312664e-02   1.3264592e-01  -1.8144905e-02  -1.8992082e-02   1.3327050e-01
   7.6315789e-01  -1.1455225e-03  -1.1325967e-02  -1.3464054e-01  -2.7129756e-02  -6.0975024e-02   6.9552135e-02  -1.0742606e-02   1.4915083e-02   1.2342992e-01  -1.8361990e-02  -2.0415299e-02   1.2054810e-01
   7.8947368e-01  -1.9440539e-02  -3.1078855e-02  -1.4835472e-01  -2.7451796e-02  -5.8950143e-02   6.2677920e-02  -1.3149568e-02   1.2956819e-02   1.1460751e-01  -1.8761782e-02  -2.1664294e-02   1.0865392e-01
   8.1578947e-01  -4.0500826e-02  -5.2457149e-02  -1.6104068e-01  -2.7554235e-02  -5.7358547e-02   5.5997872e-02  -1.5474947e-02   1.0414424e-02   1.0619545e-01  -1.9442627e-02  -2.2816456e-02   9.7543298e-02
   8.4210526e-01  -6.3140989e-02  -7.3846657e-02  -1.7264627e-01  -2.7881590e-02  -5.5803337e-02   4.9311675e-02  -1.7682071e-02   7.2622813e-03   9.8191001e-02  -2.0332221e-02  -2.3918590e-02   8.7181979e-02
   8.6842105e-01  -8.4939115e-02  -9.3033618e-02  -1.8290203e-01  -2.9093070e-02  -5.4432321e-02   4.2514085e-02  -1.9717584e-02   3.7075433e-03   9.0610489e-02  -2.1216491e-02  -2.5002061e-02   7.7540800e-02
   8.9473684e-01  -1.0340224e-01  -1.0789152e-01  -1.9142480e-01  -3.2310787e-02  -5.3462806e-02   3.5586122e-02  -2.1770600e-02  -4.8943897e-06   8.3482775e-02  -2.1959394e-02  -2.6112520e-02   6.8590431e-02
   9.2105263e-01  -1.1657479e-01  -1.1743519e-01  -1.9786353e-01  -3.7500406e-02  -5.2561053e-02   2.8604714e-02  -2.3636505e-02  -3.6287554e-03   7.6842912e-02  -2.2588949e-02  -2.7305227e-02   6.0299224e-02
   9.4736842e-01  -1.2415376e-01  -1.2207462e-01  -2.0193384e-01  -4.3631396e-02  -5.1317626e-02   2.1621678e-02  -2.5221110e-02  -7.1257736e-03   7.0655568e-02  -2.3187056e-02  -2.8599046e-02   5.2630334e-02
   9.7368421e-01  -1.2721609e-01  -1.2258087e-01  -2.0349733e-01  -4.9624533e-02  -4.9615881e-02   1.4664668e-02  -2.6372678e-02  -1.0587338e-02   6.4867197e-02  -2.3733053e-02  -2.9941850e-02   4.5540364e-02
   1.0000000e+00  -1.2709993e-01  -1.2018763e-01  -2.0287728e-01  -5.5076737e-02  -4.7940539e-02   7.7573755e-03  -2.7309585e-02  -1.4307606e-02   5.9407715e-02  -2.4193916e-02  -3.1239309e-02   3.8981887e-02
   1.0263158e+00  -1.2475103e-01  -1.1642927e-01  -2.0066255e-01  -5.9510076e-02  -4.6700562e-02   1.0324451e-03  -2.8116463e-02  -1.8542498e-02   5.4229499e-02  -2.4574338e-02  -3.2416158e-02   3.2907114e-02
   1.0526316e+00  -1.2137625e-01  -1.1264685e-01  -1.9743284e-01  -6.2525898e-02  -4.5908777e-02  -5.3389729e-03  -2.9000143e-02  -2.3390085e-02   4.9271832e-02  -2.4947703e-02  -3.3457030e-02   2.7269576e-02
   1.0789474e+00  -1.1784774e-01  -1.0931270e-01  -1.9385176e-01  -6.3652906e-02  -4.5061551e-02  -1.1177169e-02  -2.9867770e-02  -2.8644890e-02   4.4489499e-02  -2.5402769e-02  -3.4393565e-02   2.2026408e-02
   1.1052632e+00  -1.1403240e-01  -1.0597711e-01  -1.9057566e-01  -6.2818472e-02  -4.3502852e-02  -1.6400181e-02  -3.0680510e-02  -3.4142730e-02   3.9813349e-02  -2.5965300e-02  -3.5257067e-02   1.7139575e-02
   1.1315789e+00  -1.0953810e-01  -1.0169607e-01  -1.8787707e-01  -6.0102947e-02  -4.0686318e-02  -2.1029250e-02  -3.1278784e-02  -3.9640776e-02   3.5203725e-02  -2.6500626e-02  -3.6042558e-02   1.2576690e-02
   1.1578947e+00  -1.0458126e-01  -9.6157633e-02  -1.8568776e-01  -5.5740870e-02  -3.6868806e-02  -2.5178066e-02  -3.1847653e-02  -4.4876678e-02   3.0628688e-02  -2.6809793e-02  -3.6714492e-02   8.3108922e-03
   1.1842105e+00  -9.9433452e-02  -8.9382969e-02  -1.8379652e-01  -5.0047508e-02  -3.2791230e-02  -2.8905138e-02  -3.2459094e-02  -4.9533233e-02   2.6105523e-02  -2.6718774e-02  -3.7231980e-02   4.3202181e-03
   1.2105263e+00  -9.4336408e-02  -8.1567947e-02  -1.8201758e-01  -4.4036776e-02  -2.9129986e-02  -3.2246524e-02  -3.3333849e-02  -5.3432776e-02   2.1667046e-02  -2.6179460e-02  -3.7576557e-02   5.8552328e-04
   1.2368421e+00  -8.9233140e-02  -7.3607788e-02  -1.8017825e-01  -3.8923469e-02  -2.5613125e-02  -3.5174435e-02  -3.4310323e-02  -5.6467351e-02   1.7356807e-02  -2.5285829e-02  -3.7775690e-02  -2.9111740e-03
   1.2631579e+00  -8.4009454e-02  -6.6649220e-02  -1.7815487e-01  -3.5426278e-02  -2.2071514e-02  -3.7663844e-02  -3.5470186e-02  -5.8769402e-02   1.3177672e-02  -2.4284679e-02  -3.7904668e-02  -6.1879341e-03
   1.2894737e+00  -7.8568790e-02  -6.1283463e-02  -1.7596269e-01  -3.3165420e-02  -1.9324952e-02  -3.9633655e-02  -3.6624530e-02  -6.0433756e-02   9.1645625e-03  -2.3397554e-02  -3.8040697e-02  -9.2606282e-03
   1.3157895e+00  -7.2630842e-02  -5.7097717e-02  -1.7367808e-01  -3.1290333e-02  -1.8762953e-02  -4.1063796e-02  -3.7784762e-02  -6.1562808e-02   5.3485034e-03  -2.2751416e-02  -3.8225547e-02  -1.2139549e-02
   1.3421053e+00  -6.5403483e-02  -5.2435017e-02  -1.7130681e-01  -2.9120048e-02  -2.0827972e-02  -4.2027884e-02  -3.8692717e-02  -6.2105038e-02   1.7807588e-03  -2.2347696e-02  -3.8458866e-02  -1.4830875e-02
   1.3684211e+00  -5.6673741e-02  -4.6173884e-02  -1.6885794e-01  -2.6654242e-02  -2.4591071e-02  -4.2661220e-02  -3.9135328e-02  -6.2106296e-02  -1.5127233e-03  -2.2084462e-02  -3.8712856e-02  -1.7340721e-02
   1.3947368e+00  -4.7442544e-02  -3.8893358e-02  -1.6635808e-01  -2.4064573e-02  -2.8256810e-02  -4.3057077e-02  -3.8817777e-02  -6.1609852e-02  -4.5168705e-03  -2.1779345e-02  -3.8956676e-02  -1.9678065e-02
   1.4210526e+00  -3.9706236e-02  -3.2334362e-02  -1.6380713e-01  -2.1712403e-02  -3.0427390e-02  -4.3314863e-02  -3.7883068e-02  -6.0751696e-02  -7.2671618e-03  -2.1270040e-02  -3.9170865e-02  -2.1857865e-02
   1.4473684e+00  -3.5105863e-02  -2.7992538e-02  -1.6101824e-01  -1.9775228e-02  -3.0494030e-02  -4.3502231e-02  -3.6579973e-02  -5.9601749e-02  -9.8000338e-03  -2.0522808e-02  -3.9346531e-02  -2.3903453e-02
   1.4736842e+00  -3.3936199e-02  -2.6054416e-02  -1.5766135e-01  -1.8502771e-02  -2.8805414e-02  -4.3623683e-02  -3.5464048e-02  -5.8363602e-02  -1.2200103e-02  -1.9732929e-02  -3.9488299e-02  -2.5847887e-02
   1.5000000e+00  -3.5148327e-02  -2.5720723e-02  -1.5350713e-01  -1.7919745e-02  -2.6129892e-02  -4.3679965e-02  -3.4560568e-02  -5.7187753e-02  -1.4542745e-02  -1.9158708e-02  -3.9613764e-02  -2.7731503e-02
   1.5263158e+00  -3.7341405e-02  -2.6353034e-02  -1.4859979e-01  -1.7971746e-02  -2.3049502e-02  -4.3731783e-02  -3.3780595e-02  -5.6255548e-02  -1.6888334e-02  -1.9013610e-02  -3.9751247e-02  -2.9597452e-02
   1.5526316e+00  -3.9330566e-02  -2.7445654e-02  -1.4311729e-01  -1.8267122e-02  -1.9520623e-02  -4.3836479e-02  -3.2790087e-02  -5.5525466e-02  -1.9231808e-02  -1.9374615e-02  -3.9929118e-02  -3.1487032e-02
   1.5789474e+00  -4.1126365e-02  -2.8706595e-02  -1.3733257e-01  -1.8213863e-02  -1.5568217e-02  -4.4167978e-02  -3.1714476e-02  -5.4949597e-02  -2.1574389e-02  -2.0178421e-02  -4.0159206e-02  -3.3436569e-02
   1.6052632e+00  -4.3312695e-02  -3.0287069e-02  -1.3156660e-01  -1.7364132e-02  -1.1456724e-02  -4.4994255e-02  -3.0654415e-02  -5.4427345e-02  -2.3906001e-02  -2.1165514e-02  -4.0422284e-02  -3.5473926e-02
   1.6315789e+00  -4.6072444e-02  -3.3187753e-02  -1.2607679e-01  -1.6126067e-02  -7.7774920e-03  -4.6598823e-02  -2.9992846e-02  -5.3979300e-02  -2.6238686e-02  -2.1988219e-02  -4.0677828e-02  -3.7617008e-02
   1.6578947e+00  -4.9529671e-02  -3.8186184e-02  -1.2079950e-01  -1.5009232e-02  -4.6087249e-03  -4.9127803e-02  -2.9595721e-02  -5.3659467e-02  -2.8560765e-02  -2.2389263e-02  -4.0894806e-02  -3.9874522e-02
   1.6842105e+00  -5.4076830e-02  -4.4570229e-02  -1.1530035e-01  -1.4255654e-02  -1.8353751e-03  -5.2553323e-02  -2.9219522e-02  -5.3631304e-02  -3.0900526e-02  -2.2404482e-02  -4.1085321e-02  -4.2246986e-02
   1.7105263e+00  -5.9142826e-02  -5.0691086e-02  -1.0916279e-01  -1.3463204e-02   4.1245614e-04  -5.6652317e-02  -2.8647305e-02  -5.3845498e-02  -3.3285882e-02  -2.2311810e-02  -4.1311504e-02  -4.4724523e-02
   1.7368421e+00  -6.3342440e-02  -5.5561668e-02  -1.0234037e-01  -1.2552867e-02   1.5415482e-03  -6.1172225e-02  -2.8105978e-02  -5.4244094e-02  -3.5760632e-02  -2.2451176e-02  -4.1661054e-02  -4.7284940e-02
   1.7631579e+00  -6.5658269e-02  -5.8628333e-02  -9.4905671e-02  -1.1663253e-02   1.5203102e-03  -6.5800716e-02  -2.7600894e-02  -5.4671518e-02  -3.8321572e-02  -2.2958134e-02  -4.2204183e-02  -4.9896127e-02
   1.7894737e+00  -6.5855567e-02  -5.9377585e-02  -8.6821254e-02  -1.1208121e-02   8.0559163e-04  -7.0176285e-02  -2.7362885e-02  -5.5069902e-02  -4.0945509e-02  -2.3741455e-02  -4.2964372e-02  -5.2523995e-02
   1.8157895e+00  -6.4086841e-02  -5.7572528e-02  -7.8062618e-02  -1.1358797e-02  -1.0700231e-04  -7.3904872e-02  -2.7344255e-02  -5.5312492e-02  -4.3546437e-02  -2.4587607e-02  -4.3919182e-02  -5.5140511e-02
   1.8421053e+00  -6.0609068e-02  -5.3534177e-02  -6.8814335e-02  -1.2074134e-02  -9.1883652e-04  -7.6754238e-02  -2.7513806e-02  -5.5410504e-02  -4.6036234e-02  -2.5371092e-02  -4.5030333e-02  -5.7728121e-02
   1.8684211e+00  -5.5107097e-02  -4.7587135e-02  -5.9341554e-02  -1.3248905e-02  -1.6277114e-03  -7.8724758e-02  -2.7775194e-02  -5.5409799e-02  -4.8307723e-02  -2.6111742e-02  -4.6270346e-02  -6.0278311e-02
   1.8947368e+00  -4.7196137e-02  -4.0393525e-02  -4.9849504e-02  -1.5262369e-02  -3.0666695e-03  -8.0046241e-02  -2.8512716e-02  -5.5471398e-02  -5.0322147e-02  -2.6894593e-02  -4.7625794e-02  -6.2785749e-02
   1.9210526e+00  -3.6868025e-02  -3.3024529e-02  -4.0470246e-02  -1.8109854e-02  -5.7045551e-03  -8.0915123e-02  -2.9792129e-02  -5.5630580e-02  -5.2066956e-02  -2.7714361e-02  -4.9084764e-02  -6.5241236e-02
   1.9473684e+00  -2.4421854e-02  -2.6089238e-02  -3.1361083e-02  -2.1157856e-02  -9.4167804e-03  -8.1412368e-02  -3.1352764e-02  -5.5940802e-02  -5.3593495e-02  -2.8524751e-02  -5.0638168e-02  -6.7629074e-02
   1.9736842e+00  -1.0269052e-02  -1.9642211e-02  -2.2715504e-02  -2.3333629e-02  -1.3374073e-02  -8.1520686e-02  -3.2584844e-02  -5.6351373e-02  -5.4951312e-02  -2.9357098e-02  -5.2292231e-02  -6.9928890e-02
   2.0000000e+00   4.3054601e-03  -1.4000166e-02  -1.4685351e-02  -2.4137903e-02  -1.6609380e-02  -8.1262231e-02  -3.3502072e-02  -5.6893748e-02  -5.6200588e-02  -3.0342070e-02  -5.4064322e-02  -7.2119555e-02
   2.0263158e+00   1.7077928e-02  -1.0169100e-02  -7.3598347e-03  -2.3496469e-02  -1.8380692e-02  -8.0620284e-02  -3.4102004e-02  -5.7500136e-02  -5.7336514e-02  -3.1515505e-02  -5.5954702e-02  -7.4180926e-02
   2.0526316e+00   2.5807576e-02  -9.6256980e-03  -9.5918563e-04  -2.1667741e-02  -1.8654478e-02  -7.9554555e-02  -3.4463472e-02  -5.8158316e-02  -5.8357338e-02  -3.2812571e-02  -5.7927700e-02  -7.6094015e-02
   2.0789474e+00   2.9356840e-02  -1.2726335e-02   4.3514637e-03  -1.8568536e-02  -1.7560245e-02  -7.7972428e-02  -3.4470362e-02  -5.8722114e-02  -5.9228962e-02  -3.4108207e-02  -5.9911629e-02  -7.7840434e-02
   2.1052632e+00   2.7930692e-02  -1.7786477e-02   8.8771306e-03  -1.4574252e-02  -1.5396188e-02  -7.5836726e-02  -3.4319876e-02  -5.9036432e-02  -5.9946660e-02  -3.5285359e-02  -6.1815383e-02  -7.9403857e-02
   2.1315789e+00   2.2897443e-02  -2.2119901e-02   1.3437420e-02  -1.0981927e-02  -1.2368449e-02  -7.3156791e-02  -3.4011593e-02  -5.8841838e-02  -6.0500356e-02  -3.6279897e-02  -6.3544957e-02  -8.0773769e-02
   2.1578947e+00   1.6213582e-02  -2.4099590e-02   1.8949514e-02  -9.7981839e-03  -9.1403875e-03  -7.0107984e-02  -3.3757966e-02  -5.8074821e-02  -6.0909052e-02  -3.7091897e-02  -6.5009485e-02  -8.1949953e-02
   2.1842105e+00   1.0101220e-02  -2.3349200e-02   2.6111374e-02  -1.2128003e-02  -6.2722048e-03  -6.6910497e-02  -3.3566911e-02  -5.6643464e-02  -6.1132478e-02  -3.7606048e-02  -6.6125165e-02  -8.2943767e-02
   2.2105263e+00   6.0618565e-03  -2.0761298e-02   3.5284166e-02  -1.7927395e-02  -4.1202539e-03  -6.3742557e-02  -3.3657826e-02  -5.4625211e-02  -6.1108760e-02  -3.7661090e-02  -6.6835659e-02  -8.3776591e-02
   2.2368421e+00   4.0013448e-03  -1.7597700e-02   4.6528950e-02  -2.5839794e-02  -2.9866081e-03  -6.0682439e-02  -3.3939728e-02  -5.2167896e-02  -6.0739732e-02  -3.7148082e-02  -6.7128654e-02  -8.4476055e-02
   2.2631579e+00   2.5789684e-03  -1.4503557e-02   5.9572772e-02  -3.3865503e-02  -3.3483596e-03  -5.7750252e-02  -3.4335574e-02  -4.9559462e-02  -5.9984859e-02  -3.6086208e-02  -6.7035760e-02  -8.5072902e-02
   2.2894737e+00   1.6320618e-03  -1.0921677e-02   7.3871361e-02  -4.0085323e-02  -4.9792932e-03  -5.4875529e-02  -3.4387662e-02  -4.6916982e-02  -5.8840981e-02  -3.4620153e-02  -6.6613613e-02  -8.5597937e-02
   2.3157895e+00   2.1607338e-03  -5.8073641e-03   8.8671525e-02  -4.3887079e-02  -7.5863747e-03  -5.2026327e-02  -3.3896752e-02  -4.4364558e-02  -5.7388495e-02  -3.3031549e-02  -6.5918433e-02  -8.6078376e-02
   2.3421053e+00   4.7036432e-03   7.8658800e-04   1.0302543e-01  -4.5415426e-02  -1.0858191e-02  -4.9147726e-02  -3.2720088e-02  -4.1877859e-02  -5.5722921e-02  -3.1633709e-02  -6.4984023e-02  -8.6532723e-02
   2.3684211e+00   8.6410150e-03   7.9058256e-03   1.1596241e-01  -4.5017218e-02  -1.4440532e-02  -4.6140370e-02  -3.1223066e-02  -3.9517859e-02  -5.3994974e-02  -3.0630364e-02  -6.3823543e-02  -8.6966950e-02
   2.3947368e+00   1.3570166e-02   1.4988269e-02   1.2687661e-01  -4.2873210e-02  -1.7774236e-02  -4.2902152e-02  -2.9706395e-02  -3.7356544e-02  -5.2329948e-02  -2.9923348e-02  -6.2457025e-02  -8.7373226e-02
   2.4210526e+00   2.0042670e-02   2.1571142e-02   1.3565586e-01  -3.9510144e-02  -2.0638275e-02  -3.9514077e-02  -2.8679270e-02  -3.5550027e-02  -5.0862297e-02  -2.9208717e-02  -6.0949221e-02  -8.7733780e-02
   2.4473684e+00   2.8330177e-02   2.7450521e-02   1.4244848e-01  -3.5151119e-02  -2.3004838e-02  -3.6238126e-02  -2.8173311e-02  -3.4070113e-02  -4.9669315e-02  -2.8238359e-02  -5.9431473e-02  -8.8028826e-02
   2.4736842e+00   3.7315340e-02   3.2329621e-02   1.4735891e-01  -3.0269169e-02  -2.5139670e-02  -3.3487541e-02  -2.8103669e-02  -3.2930682e-02  -4.8810916e-02  -2.7094396e-02  -5.8100082e-02  -8.8244378e-02
   2.5000000e+00   4.4608131e-02   3.5656894e-02   1.5037739e-01  -2.6053236e-02  -2.6788402e-02  -3.1637430e-02  -2.8091085e-02  -3.2139674e-02  -4.8288663e-02  -2.6133235e-02  -5.7178103e-02  -8.8374275e-02
