    0.000000000000000E+00    0.000000000000000E+00    2.948838861401154E-04    2.703125728694689E-04    2.212046916278212E-05    1.221045132841840E-05    7.686163703960695E-05
    1.000000000000001E-02    0.000000000000000E+00    2.946369135080323E-04    2.715345363876655E-04    1.385983961473393E-05    1.255872355486595E-05    7.750659925560843E-05
    2.000000000000002E-02    0.000000000000000E+00    2.940106504941316E-04    2.727599664098992E-04    1.158785754703774E-05    1.368861975599965E-05    7.951168874098568E-05
    3.170012867189032E-02    0.000000000000000E+00    2.929321799967129E-04    2.723405644682372E-04    8.590185782277960E-06    1.636056636647963E-05    8.378588394924308E-05
    4.200000000000004E-02    0.000000000000000E+00    2.920211497872052E-04    2.696470144707523E-04    5.805503146370382E-06    2.032941380978714E-05    8.938677611140290E-05
    5.200000000000005E-02    0.000000000000000E+00    2.918807336935950E-04    2.659495501902524E-04    4.203432679886047E-06    2.596843033216912E-05    9.644486685247804E-05
    6.311754253808521E-02    0.000000000000000E+00    2.932107729217062E-04    2.597337742155491E-04    4.749659788377949E-06    3.450051198036937E-05    1.059700244378618E-04
    7.799999999999985E-02    0.000000000000000E+00    2.970900089946851E-04    2.468792760824592E-04    6.891553658009114E-06    4.945360954506750E-05    1.208427577446512E-04
    9.423565988021565E-02    0.000000000000000E+00    3.016201937076062E-04    2.302813681273304E-04    7.444217990211201E-06    6.907021101567766E-05    1.383725665020765E-04
    1.099999999999999E-01    0.000000000000000E+00    3.054521011522753E-04    2.145502733251377E-04    6.327958672315966E-06    8.935798658427129E-05    1.549030489094126E-04
    1.250373134078284E-01    0.000000000000000E+00    3.108827618216285E-04    1.985187089957085E-04    9.067062639947184E-06    1.084320586875924E-04    1.692451720267368E-04
    1.399999999999997E-01    0.000000000000000E+00    3.184287535997719E-04    1.834573570334806E-04    1.304837210426026E-05    1.272465871851591E-04    1.826916727906049E-04
    1.555047836260162E-01    0.000000000000000E+00    3.263848085695697E-04    1.706206293207958E-04    1.384598029275893E-05    1.473437322296357E-04    1.970081369550136E-04
    1.856198409895775E-01    0.000000000000000E+00    3.393043692254526E-04    1.493834683052916E-04    1.062995041761414E-05    1.884022178384971E-04    2.281425749587652E-04
    2.153637974678508E-01    0.000000000000000E+00    3.534589176830902E-04    1.315139654254364E-04    1.034201025773074E-05    2.224844021057205E-04    2.559074342350538E-04
    2.447175680599312E-01    0.000000000000000E+00    3.721886856341266E-04    1.258867795468485E-04    1.142786831573312E-05    2.465254602120655E-04    2.771239820556024E-04
    2.736617426859418E-01    0.000000000000000E+00    3.904139529602637E-04    1.290542131259830E-04    3.383849766010397E-06    2.655116926287057E-04    2.963097795623884E-04
    3.021766687343224E-01    0.000000000000000E+00    4.107228616671878E-04    1.369147647263336E-04   -2.465611456551337E-06    2.947688779485046E-04    3.282237990987705E-04
    3.302425443665093E-01    0.000000000000000E+00    4.359108380083947E-04    1.221401194921165E-04   -1.039713912234886E-06    3.379798897027771E-04    3.751136607166791E-04
    3.578395224691082E-01    0.000000000000000E+00    4.632453046039819E-04    9.725280979891969E-05    4.705862021421600E-07    3.838740733619912E-04    4.244988140254483E-04
    3.849478249010350E-01    0.000000000000000E+00    4.908591370526294E-04    9.110844654813778E-05   -1.811599750766276E-06    4.203511699737462E-04    4.644726304951323E-04
    4.115478664127252E-01    0.000000000000000E+00    5.230950984919484E-04    8.533940785446616E-05    4.141973587826806E-07    4.538876993526904E-04    5.016688173709559E-04
    4.376203873215285E-01    0.000000000000000E+00    5.636245005895997E-04    7.989225678285607E-05    7.384859393640679E-06    4.933133036984123E-04    5.439181862677660E-04
    4.631465937191983E-01    0.000000000000000E+00    6.029657487556725E-04    8.392939045683825E-05    4.010214281412503E-06    5.359691912833336E-04    5.884938955567805E-04
    4.881083036737000E-01    0.000000000000000E+00    6.456738805037630E-04    7.453031104039023E-05    5.184640367304522E-06    5.781240538828038E-04    6.322512006002139E-04
    5.124880975795527E-01    0.000000000000000E+00    6.911314440182885E-04    7.810763460987290E-05    1.049363308850321E-05    6.214551714329372E-04    6.771261858950391E-04
    5.362694705219120E-01    0.000000000000000E+00    7.325144253484198E-04    7.919583757622344E-05    5.958991130095720E-06    6.680520959702375E-04    7.256588909501996E-04
    5.594369842636553E-01    0.000000000000000E+00    7.767675773110543E-04    7.628557568196666E-05    1.823462200847683E-06    7.170930658472741E-04    7.774263896015293E-04
    5.819764162566443E-01    0.000000000000000E+00    8.245993866696950E-04    7.969899244819221E-05   -7.707067988587368E-07    7.781549671651566E-04    8.413685764659638E-04
    6.038749029319419E-01    0.000000000000000E+00    8.819743379702739E-04    6.175821078951114E-05    5.646454651702754E-06    8.554911538513343E-04    9.204797078556613E-04
    6.251210744525224E-01    0.000000000000000E+00    9.467555320674045E-04    3.036781017623903E-05    7.861193768853296E-06    9.478154821627102E-04    1.012587121208337E-03
    6.457051781255032E-01    0.000000000000000E+00    1.012767209048762E-03    3.152430164595594E-06    2.548707405959148E-07    1.044771234754542E-03    1.107351835177857E-03
    6.656191877771569E-01    0.000000000000000E+00    1.084333298121465E-03   -2.653135526460538E-05    2.219326688170307E-08    1.136372483982441E-03    1.195628221217139E-03
    6.848568965950577E-01    0.000000000000000E+00    1.157828603193550E-03   -3.267148357313549E-05   -3.412049856038528E-06    1.219578886673900E-03    1.275374606342965E-03
    7.034139912363955E-01    0.000000000000000E+00    1.228537803494224E-03   -3.924918669766285E-05   -1.000028670370329E-05    1.297045680838577E-03    1.349896930856812E-03
    7.212881053823921E-01    0.000000000000000E+00    1.303011117700717E-03   -5.825085942618249E-05   -6.714163772510666E-06    1.370787996148357E-03    1.421343142747708E-03
    7.384788513743956E-01    0.000000000000000E+00    1.382934111369000E-03   -6.022490809497270E-05   -4.562034197414297E-06    1.443904668831535E-03    1.492645486702943E-03
    7.549878290806298E-01    0.000000000000000E+00    1.463512976724701E-03   -4.972892068864508E-05   -8.004094707947417E-06    1.519869857550191E-03    1.567041597151653E-03
    7.708186116941320E-01    0.000000000000000E+00    1.541268204398982E-03   -4.182398311608406E-05   -1.780746096934278E-05    1.601245967171892E-03    1.646877794156149E-03
    7.859767087290663E-01    0.000000000000000E+00    1.614089450552955E-03   -4.232711654290054E-05   -3.631498771267008E-05    1.682160114476548E-03    1.726190894769636E-03
    8.004695070408161E-01    0.000000000000000E+00    1.687860191107941E-03   -3.210678781305444E-05   -4.781860693311795E-05    1.753021849397837E-03    1.795518409337275E-03
    8.143061912216325E-01    0.000000000000000E+00    1.764785027087074E-03   -9.945529365895764E-06   -4.675311233255067E-05    1.811885325745458E-03    1.853143521615759E-03
    8.274976451965728E-01    0.000000000000000E+00    1.841495757425156E-03    1.730926236465655E-05   -4.193333429195509E-05    1.861724122309817E-03    1.902199394839738E-03
    8.400563372459544E-01    0.000000000000000E+00    1.917532390051956E-03    5.313495130047767E-05   -4.356158769447545E-05    1.906163923392247E-03    1.946376636539869E-03
    8.519961909963207E-01    0.000000000000000E+00    1.991969028595164E-03    9.052121327646559E-05   -5.390132092079067E-05    1.952944536144897E-03    1.993315149801889E-03
    8.633324451431648E-01    0.000000000000000E+00    2.062395532966707E-03    1.191689009454725E-04   -7.378921848433077E-05    2.007637066369639E-03    2.048426971500497E-03
    8.740815047915476E-01    0.000000000000000E+00    2.125359612029837E-03    1.355680203424820E-04   -1.015961291459385E-04    2.068436310526015E-03    2.109855568678043E-03
    8.842607873264363E-01    0.000000000000000E+00    2.179939584020199E-03    1.389632584809716E-04   -1.289180685174239E-04    2.128940168976579E-03    2.171235558839510E-03
    8.938885656596867E-01    0.000000000000000E+00    2.222676259218723E-03    1.342540465250992E-04   -1.602491956702165E-04    2.185936556226176E-03    2.229334342304559E-03
    9.029838115542290E-01    0.000000000000000E+00    2.250189485631590E-03    1.265729164273335E-04   -1.959714538511802E-04    2.237720506216095E-03    2.282267744681224E-03
    9.115660415120352E-01    0.000000000000000E+00    2.263329331064184E-03    1.073257574616474E-04   -2.258455723130387E-04    2.281475067387462E-03    2.326908484869092E-03
    9.196551674448159E-01    0.000000000000000E+00    2.260641631207622E-03    7.134917127708850E-05   -2.476048543658266E-04    2.313661426294397E-03    2.359405543520376E-03
    9.272713540412347E-01    0.000000000000000E+00    2.238801022776946E-03    2.095857485094447E-05   -2.612747814033142E-04    2.327927323995338E-03    2.373193420988143E-03
    9.344348844170156E-01    0.000000000000000E+00    2.190926347586067E-03   -3.490701351120131E-05   -2.769699264529683E-04    2.317140388126332E-03    2.361066319898311E-03
    9.411660352991831E-01    0.000000000000000E+00    2.114428136823415E-03   -8.481426619494576E-05   -2.982885271941970E-04    2.275890712302067E-03    2.317668230362238E-03
    9.474849626654169E-01    0.000000000000000E+00    2.010818147902368E-03   -1.269651384894618E-04   -3.212675721028773E-04    2.201881032448200E-03    2.240833139557599E-03
    9.534115984454097E-01    0.000000000000000E+00    1.886497167434449E-03   -1.624459589627597E-04   -3.394056432179278E-04    2.096835096255259E-03    2.132459797177286E-03
    9.589655586009940E-01    0.000000000000000E+00    1.748913459961275E-03   -1.913309564356442E-04   -3.503005647738922E-04    1.965975705766787E-03    1.997948604813823E-03
    9.641660626425548E-01    0.000000000000000E+00    1.609723643804614E-03   -2.087725214060037E-04   -3.528304978444394E-04    1.817440888107598E-03    1.845594033613826E-03
    9.690318644139317E-01    0.000000000000000E+00    1.486635355086419E-03   -2.100601112893031E-04   -3.398874356336373E-04    1.660537503975656E-03    1.684821382014499E-03
    9.735811937892969E-01    0.000000000000000E+00    1.404006562962114E-03   -1.942554769730799E-04   -2.945408310282820E-04    1.503817078410782E-03    1.524263191234249E-03
    9.778317087729391E-01    0.000000000000000E+00    1.389368255537496E-03   -1.639378809537026E-04   -1.909535181598846E-04    1.352879287195380E-03    1.369573797121874E-03
    9.818004573753960E-01    0.000000000000000E+00    1.468802617317341E-03   -1.242170281170281E-04    2.335294867233207E-06    1.208685688820987E-03    1.221762344753179E-03
    9.855038485545684E-01    0.000000000000000E+00    1.662277821828241E-03   -8.224635014705524E-05    3.185053112517051E-04    1.066675823291889E-03    1.076329385445766E-03
    9.889576314552073E-01    0.000000000000000E+00    1.980711044667419E-03   -4.547895720851628E-05    7.877573982692822E-04    9.168224651534482E-04    9.233392913368076E-04
    9.921768821508081E-01    0.000000000000000E+00    2.427506227103846E-03   -1.923318333737470E-05    1.436109342742707E-03    7.445281165857215E-04    7.483264837826915E-04
    9.951759970847149E-01    0.000000000000000E+00    3.006506540367049E-03   -5.053030962772230E-06    2.289101593277346E-03    5.322052309488928E-04    5.338764228417503E-04
    9.979686924184001E-01    0.000000000000000E+00    3.732821361956337E-03   -3.913014591316631E-07    3.290338327081824E-03    2.613351230892572E-04    2.616762025599729E-04
    1.000000000000000E+00    0.000000000000000E+00    4.423050400200718E-03    0.000000000000000E+00    4.167475473142723E-03    0.000000000000000E+00    0.000000000000000E+00
