   0.0000000e+00   1.0000000e+00   1.0000000e+00   1.0000000e+00
   3.5164395e-02   5.7017346e-01   8.0721830e-01   7.3890270e-01
   7.0328790e-02   6.8665596e-02   4.9943374e-01   3.6636459e-01
   1.0549318e-01  -1.4004334e-01   2.7741079e-01   1.4870226e-01
   1.4065758e-01  -2.3170967e-01   1.3486304e-01   3.6214572e-02
   1.7582197e-01  -2.1819440e-01   5.6045962e-02  -4.8283074e-03
   2.1098637e-01  -2.0686200e-01   5.1289498e-03  -2.8628352e-02
   2.4615076e-01  -1.4583757e-01  -1.5649373e-02  -2.3261577e-02
   2.8131516e-01  -1.1271570e-01  -2.8477462e-02  -2.1423070e-02
   3.1647955e-01  -5.9672914e-02  -2.8792249e-02  -7.1104171e-03
   3.5164395e-01  -3.0485648e-02  -2.9298276e-02  -3.5456476e-04
   3.8680834e-01  -2.4115425e-03  -2.5376613e-02   1.0234443e-02
   4.2197274e-01   1.4213682e-02  -2.2246997e-02   1.4926961e-02
   4.5713713e-01   2.0304369e-02  -1.7135509e-02   1.8232129e-02
   4.9230153e-01   2.2320068e-02  -1.3812773e-02   1.7276776e-02
   5.2746592e-01   1.2935548e-02  -1.0540211e-02   1.4407450e-02
   5.6263032e-01   1.0775255e-02  -9.1538753e-03   1.0454128e-02
   5.9779471e-01   6.1445394e-04  -8.1641074e-03   3.7688897e-03
   6.3295911e-01   2.4613264e-03  -7.7928963e-03  -7.8152468e-04
   6.6812350e-01  -4.3632627e-03  -7.7210917e-03  -4.8388489e-03
   7.0328790e-01  -2.2419408e-03  -6.8292426e-03  -2.8944299e-03
   7.3845229e-01  -1.6143410e-03  -6.4936655e-03  -1.3002593e-03
   7.7361669e-01   4.7641970e-03  -4.5930732e-03   3.5918977e-03
   8.0878108e-01   5.9227767e-03  -2.8391051e-03   4.2029977e-03
   8.4394548e-01   5.9238075e-03   1.2029334e-03   5.5122381e-03
   8.7910987e-01   3.4766020e-03   2.4052150e-03   4.1850144e-03
   9.1427427e-01   3.7817277e-04   2.6635648e-03   4.9238023e-03
   9.4943866e-01   1.1848303e-05  -1.8114285e-03   3.4457630e-03
   9.8460306e-01  -2.9894282e-03  -5.6197581e-03   1.5612999e-03
   1.0197675e+00  -4.0966993e-03  -9.1774357e-03  -2.4180472e-03
   1.0549318e+00  -8.4346262e-03  -7.7739700e-03  -5.6573113e-03
   1.0900962e+00  -4.5604561e-03  -5.1549637e-03  -7.1354941e-03
   1.1252606e+00  -1.5006896e-03  -2.3797186e-03  -7.8803792e-03
   1.1604250e+00   1.0663932e-03  -1.5355605e-03  -7.7427686e-03
   1.1955894e+00  -1.2521741e-03  -7.8108985e-04  -7.9670997e-03
   1.2307538e+00  -1.5886758e-03   3.5199096e-04  -5.6463085e-03
   1.2659182e+00  -1.2380448e-03   5.6704170e-04  -2.9502480e-03
   1.3010826e+00   1.8087772e-03   7.3511902e-04   1.4397357e-03
   1.3362470e+00   7.1518730e-03  -1.3862733e-03   2.7568234e-03
   1.3714114e+00   1.1098125e-02  -2.4269467e-03   2.5487151e-03
   1.4065758e+00   1.0933661e-02  -4.2219798e-03  -2.1663017e-03
   1.4417402e+00   6.4848355e-03  -2.9589934e-03  -6.0129200e-03
   1.4769046e+00   1.7957205e-03  -3.1216475e-03  -9.3265792e-03
   1.5120690e+00  -3.6778817e-03  -1.9091149e-03  -9.0766028e-03
   1.5472334e+00  -4.7893810e-03  -1.9204242e-03  -8.7164571e-03
   1.5823978e+00  -5.7547201e-03  -1.1926015e-03  -8.2350708e-03
   1.6175622e+00  -6.7989378e-03  -2.4096672e-03  -6.6953348e-03
   1.6527266e+00  -9.1134062e-03  -3.3833013e-03  -4.6257507e-03
   1.6878910e+00  -8.6511850e-03  -3.5134251e-03  -3.1703393e-03
   1.7230553e+00  -4.4926818e-03  -3.4489765e-03  -4.2409424e-03
   1.7582197e+00   1.4676931e-04  -3.4429039e-03  -5.5758626e-03
   1.7933841e+00   2.8625943e-03  -5.2306857e-03  -6.7818297e-03
   1.8285485e+00   3.8872232e-03  -5.9167372e-03  -5.1384072e-03
   1.8637129e+00   1.8317994e-03  -7.2754962e-03  -4.4958621e-03
   1.8988773e+00  -2.3757657e-03  -5.8378336e-03  -4.6331917e-03
   1.9340417e+00  -4.7303105e-03  -4.8633216e-03  -7.7657475e-03
   1.9692061e+00  -4.6206897e-03  -2.5300700e-03  -9.5574591e-03
   2.0043705e+00  -4.8887087e-03  -2.2150804e-03  -1.1671180e-02
   2.0395349e+00  -5.4559616e-03  -1.0149110e-03  -1.0987581e-02
   2.0746993e+00  -3.1259739e-03   4.4853344e-04  -8.4612580e-03
   2.1098637e+00  -2.7548113e-04   3.2942696e-03  -3.7466873e-03
   2.1450281e+00   3.0768140e-03   5.9826247e-03  -3.4670469e-04
   2.1801925e+00   7.0022703e-03   7.4805525e-03   1.9295774e-04
   2.2153569e+00   7.8861660e-03   7.9734710e-03  -3.6708313e-04
   2.2505213e+00   5.5977206e-03   5.6328858e-03  -2.5580134e-03
   2.2856857e+00   2.7902330e-03   2.7838928e-03  -3.0069989e-03
   2.3208501e+00   2.5687921e-04  -1.5953656e-03  -3.2813803e-03
   2.3560145e+00  -1.2700420e-03  -4.7765702e-03  -1.6407346e-03
   2.3911788e+00  -1.0379733e-03  -8.3030904e-03  -1.1245590e-03
   2.4263432e+00   5.3155118e-04  -9.5292195e-03   1.4169762e-03
   2.4615076e+00   1.8223640e-03  -9.9535231e-03   1.4928521e-03
   2.4966720e+00   4.6049131e-03  -8.3955475e-03   1.5648596e-04
   2.5318364e+00   5.8598934e-03  -6.9123571e-03  -3.7045617e-03
   2.5670008e+00   5.1786431e-03  -5.5718486e-03  -7.2470513e-03
   2.6021652e+00   2.6972706e-04  -5.9185280e-03  -9.6067349e-03
   2.6373296e+00  -4.6716518e-03  -7.0792656e-03  -1.0579451e-02
   2.6724940e+00  -5.2975236e-03  -8.1257604e-03  -1.1728317e-02
   2.7076584e+00  -3.3180206e-03  -9.5265323e-03  -1.4115903e-02
   2.7428228e+00  -6.4441130e-04  -9.5196166e-03  -1.4489349e-02
   2.7779872e+00   1.5048916e-03  -1.0470714e-02  -1.5841537e-02
