  0.000000000000000E+00  1.294593141691209E+00 -5.802729236998623E-15  4.617566764520697E-02  4.617566764520697E-02  6.016437855661660E-02  4.322385598000411E-03 -5.186551604121166E-12  6.872692324753551E-01  6.872692324753551E-01  6.416524186108674E-01
  1.000000000000001E-02  1.294567454192290E+00  4.366233126517163E-05  4.618409810896806E-02  4.619119265477911E-02  6.015742204957530E-02  4.324313977250527E-03  5.149332174029908E-03  6.875965034512355E-01  6.876093900715858E-01  6.416720934963287E-01
  2.000000000000002E-02  1.294489433823912E+00  8.711581134029618E-05  4.620903375643204E-02  4.623535576293092E-02  6.013732115596881E-02  4.330110136337828E-03  1.053926029431351E-02  6.884796795408761E-01  6.885275249789267E-01  6.417055758080465E-01
  3.170012867189032E-02  1.294325554000018E+00  1.374429368846729E-04  4.625775860909243E-02  4.631521469891520E-02  6.010423218183103E-02  4.341816141818972E-03  1.763289202100693E-02  6.902828931276304E-01  6.911543331528769E-01  6.415893145249107E-01
  4.200000000000004E-02  1.294107811952003E+00  1.812204089250494E-04  4.631589248110557E-02  4.640150556705969E-02  6.007628278049348E-02  4.356425246147544E-03  2.485128594709607E-02  6.927124555178565E-01  6.952271139972908E-01  6.417086760088644E-01
  5.200000000000005E-02  1.293818920935657E+00  2.231892861571357E-04  4.638318473149705E-02  4.649249899183228E-02  6.006323435775585E-02  4.374217477475795E-03  3.312533516465277E-02  6.958213401569004E-01  6.999915803270369E-01  6.428606882706838E-01
  6.311754253808521E-02  1.293393450730825E+00  2.694014351020107E-04  4.646702050348228E-02  4.659881765451401E-02  6.007819047771679E-02  4.397745339280806E-03  4.365148708054289E-02  7.000207990535756E-01  7.055546709926013E-01  6.459782408787014E-01
  7.799999999999985E-02  1.292626877533365E+00  3.308137761003031E-04  4.658887438847503E-02  4.675748606199148E-02  6.017327516723792E-02  4.434626859391277E-03  5.959703030095942E-02  7.066206255187453E-01  7.133819293243526E-01  6.524737794333220E-01
  9.423565988021565E-02  1.291513036522204E+00  3.981851254851402E-04  4.673033753100619E-02  4.697213380893395E-02  6.041456711083049E-02  4.480918833506847E-03  7.755161803180100E-02  7.147200387760435E-01  7.217873886117765E-01  6.593740586424062E-01
  1.099999999999999E-01  1.290158660062410E+00  4.647178532847119E-04  4.687445066918361E-02  4.722753981965955E-02  6.082240241078463E-02  4.531217051158887E-03  9.403832941320900E-02  7.228318341007167E-01  7.265652991024361E-01  6.650606072638787E-01
  1.250373134078284E-01  1.288634768859168E+00  5.293056556122562E-04  4.701701854736373E-02  4.750745706352055E-02  6.135789748995202E-02  4.584210171903497E-03  1.085121993719818E-01  7.301900705099875E-01  7.273357912389109E-01  6.721390769138260E-01
  1.399999999999997E-01  1.286905969261241E+00  5.941604481682454E-04  4.716455426821020E-02  4.783306595335812E-02  6.199979269126388E-02  4.642451375731188E-03  1.225327036173711E-01  7.371333592198930E-01  7.291343139891246E-01  6.814059904362111E-01
  1.555047836260162E-01  1.284895278604381E+00  6.617600548375797E-04  4.732502885300893E-02  4.823223849467184E-02  6.275997065612193E-02  4.708958947224756E-03  1.367711438566959E-01  7.444457546618111E-01  7.313365835368160E-01  6.914639611926425E-01
  1.856198409895775E-01  1.280378787979679E+00  7.927561829900974E-04  4.766160914539852E-02  4.916210411844979E-02  6.452273233747086E-02  4.855229094643670E-03  1.625937317481441E-01  7.593170986407607E-01  7.421957742031893E-01  7.098587070502838E-01
  2.153637974678508E-01  1.275214493515477E+00  9.231695394718888E-04  4.801850409999542E-02  5.020896143512843E-02  6.679305322098239E-02  5.016514479385753E-03  1.839663383549359E-01  7.760355087832203E-01  7.576118458750116E-01  7.276044102600387E-01
  2.447175680599312E-01  1.269545077715456E+00  1.054259877258372E-03  4.840031002422407E-02  5.137797912978437E-02  6.946330343194607E-02  5.183919444795626E-03  2.021135880549405E-01  7.940196812771418E-01  7.673900817426400E-01  7.473235908927798E-01
  2.736617426859418E-01  1.263435669994251E+00  1.182993492204097E-03  4.884426798863406E-02  5.268318468418687E-02  7.216233500595548E-02  5.359097127944662E-03  2.202318373334702E-01  8.119354344718772E-01  7.788716698240634E-01  7.669037041907636E-01
  3.021766687343224E-01  1.256884900806803E+00  1.307414186687811E-03  4.937268498043168E-02  5.395049172563438E-02  7.470512975673271E-02  5.547965259406124E-03  2.394726203160795E-01  8.301937975251121E-01  7.936077946928499E-01  7.892071166952768E-01
  3.302425443665093E-01  1.249882680240695E+00  1.427969748963809E-03  4.997885632034826E-02  5.508719444199794E-02  7.702258218741154E-02  5.748623090146288E-03  2.596938492833303E-01  8.500375889084566E-01  8.128931267809563E-01  8.178950054220024E-01
  3.578395224691082E-01  1.242434372790903E+00  1.545395495840075E-03  5.063632625288106E-02  5.614818913204855E-02  7.919310448862893E-02  5.952350748047591E-03  2.799820609130599E-01  8.725855086482746E-01  8.354655829675046E-01  8.492585025268262E-01
  3.849478249010350E-01  1.234592152133892E+00  1.659140123142236E-03  5.130891900350054E-02  5.716827208320252E-02  8.128510111065612E-02  6.154979351618795E-03  2.981883737678483E-01  8.978533593214451E-01  8.606468384206494E-01  8.792435579168014E-01
  4.115478664127252E-01  1.226446608306418E+00  1.770403606731634E-03  5.197190127011364E-02  5.810309580038076E-02  8.340034588529210E-02  6.354931277514714E-03  3.142171075578393E-01  9.250293756465062E-01  8.849521866882064E-01  9.106750694857340E-01
  4.376203873215285E-01  1.218033103199765E+00  1.879556795158638E-03  5.261660461501849E-02  5.899485132856785E-02  8.552750727039671E-02  6.548795470398411E-03  3.318243453702152E-01  9.537529497402062E-01  9.135603794564346E-01  9.472866049627733E-01
  4.631465937191983E-01  1.209294225694329E+00  1.983614249514570E-03  5.324240166627092E-02  5.995106924774785E-02  8.771354837792655E-02  6.732133194446516E-03  3.535979694180504E-01  9.845430291075701E-01  9.416756246695748E-01  9.817802325186413E-01
  4.881083036737000E-01  1.200169153612883E+00  2.083673058048810E-03  5.384884511314558E-02  6.091038185255537E-02  9.000563214873258E-02  6.908669836046377E-03  3.776636205790833E-01  1.016508431091012E+00  9.700324361236525E-01  1.018043199610709E+00
  5.124880975795527E-01  1.190684886054228E+00  2.183479649690984E-03  5.442506071425668E-02  6.189202500099444E-02  9.230174257337476E-02  7.081132271704066E-03  3.997907427771832E-01  1.049993720173283E+00  1.006413612153928E+00  1.054964940767121E+00
  5.362694705219120E-01  1.180960722506562E+00  2.282906831709786E-03  5.498148995886654E-02  6.296203454061278E-02  9.456780047217972E-02  7.248420186943882E-03  4.175623451121115E-01  1.085631700827449E+00  1.040180886910193E+00  1.089707202418857E+00
  5.594369842636553E-01  1.171095298590316E+00  2.380132536094870E-03  5.554820078558809E-02  6.405460632967497E-02  9.676909738031947E-02  7.416215680947885E-03  4.342612973784163E-01  1.123029799307147E+00  1.075528616622201E+00  1.127755986692073E+00
  5.819764162566443E-01  1.161106020146171E+00  2.474788080721504E-03  5.613568121180657E-02  6.510964749033388E-02  9.891171334222371E-02  7.585661689173129E-03  4.527268996682778E-01  1.163610489489251E+00  1.119797692498359E+00  1.169503074705560E+00
  6.038749029319419E-01  1.150956003956509E+00  2.566372731084038E-03  5.672344992460987E-02  6.607420458648727E-02  1.011199255437769E-01  7.756845733400491E-03  4.750710311215265E-01  1.207225548114394E+00  1.169476074196687E+00  1.219141858018681E+00
  6.251210744525224E-01  1.140591165704748E+00  2.655239565480430E-03  5.726775160442932E-02  6.699187288105524E-02  1.035103507404789E-01  7.928646656431781E-03  5.014646930153752E-01  1.253408489886787E+00  1.220700297440196E+00  1.274051994473069E+00
  6.457051781255032E-01  1.129961246296560E+00  2.740721869835344E-03  5.772580975902941E-02  6.790073433351518E-02  1.060790169897827E-01  8.096958656294451E-03  5.322340078519510E-01  1.303174193113264E+00  1.274704054731821E+00  1.328239089859878E+00
  6.656191877771569E-01  1.119024196807253E+00  2.822620967551231E-03  5.807029180084111E-02  6.877165273050467E-02  1.087992199068064E-01  8.260105889090097E-03  5.670839524476072E-01  1.355185209475060E+00  1.330643152844360E+00  1.383421862597153E+00
  6.848568965950577E-01  1.107745963906076E+00  2.900230976443055E-03  5.828100659406310E-02  6.962495258492751E-02  1.116121127684586E-01  8.417442856053226E-03  6.065219434784233E-01  1.411356830096828E+00  1.392902046128242E+00  1.437581478910502E+00
  7.034139912363955E-01  1.096082352716131E+00  2.972186709714386E-03  5.834373085351507E-02  7.041885032916895E-02  1.145178093863883E-01  8.569636197501784E-03  6.519905822321590E-01  1.470545151349789E+00  1.464996305002828E+00  1.489722446412571E+00
  7.212881053823921E-01  1.083971955057926E+00  3.037641949856340E-03  5.824373861027365E-02  7.109911962567672E-02  1.175948834467349E-01  8.715096546045242E-03  7.042943211347783E-01  1.535513843728204E+00  1.547636092143513E+00  1.543624038112632E+00
  7.384788513743956E-01  1.071387526735187E+00  3.096719478378626E-03  5.795891987951007E-02  7.169930947141934E-02  1.209301538484873E-01  8.847383971723688E-03  7.611128326098964E-01  1.605101306434285E+00  1.632840844285894E+00  1.598330602013739E+00
  7.549878290806298E-01  1.058303312844870E+00  3.147432250639529E-03  5.747927143726606E-02  7.223927133528285E-02  1.245436954779668E-01  8.963274226278961E-03  8.263072408278447E-01  1.679038356755655E+00  1.719904540732060E+00  1.651488234681011E+00
  7.708186116941320E-01  1.044629972379006E+00  3.189932773792800E-03  5.680181025839626E-02  7.270353482162717E-02  1.284341168467478E-01  9.061924907297902E-03  9.035166900849916E-01  1.756181220731150E+00  1.813700491654096E+00  1.701301438589667E+00
  7.859767087290663E-01  1.030289874633986E+00  3.225794754855321E-03  5.592394755275842E-02  7.306723752086741E-02  1.326102874501611E-01  9.141685970002200E-03  9.911399111675010E-01  1.835274857895023E+00  1.910227126885772E+00  1.746123481492596E+00
  8.004695070408161E-01  1.015213058641876E+00  3.253840708940789E-03  5.484653691342789E-02  7.328084621153552E-02  1.370276960705832E-01  9.202700031697264E-03  1.093023117950985E+00  1.916850643704684E+00  2.013334005518729E+00  1.789590441479788E+00
  8.143061912216325E-01  9.992840378353698E-01  3.272539112066555E-03  5.356564476189241E-02  7.332825258150022E-02  1.416406610854652E-01  9.244694366696726E-03  1.213906493707206E+00  1.998866503934920E+00  2.122754732135931E+00  1.831930528064881E+00
  8.274976451965728E-01  9.823546492749884E-01  3.279917883338423E-03  5.207686854412974E-02  7.323891380561021E-02  1.463953419444168E-01  9.266965893320156E-03  1.358276012835852E+00  2.081437680140752E+00  2.234979668067240E+00  1.871565347607913E+00
  8.400563372459544E-01  9.642530304422046E-01  3.273980579670210E-03  5.037912633492203E-02  7.304558179826737E-02  1.512078123646665E-01  9.269209344424933E-03  1.531225497141719E+00  2.161857777870225E+00  2.349739097093845E+00  1.905538093194373E+00
  8.519961909963207E-01  9.447743746934307E-01  3.252341695614253E-03  4.848012959663262E-02  7.275039550344120E-02  1.559850852667033E-01  9.251441944726546E-03  1.739940650613519E+00  2.239790940142228E+00  2.465817468861815E+00  1.934642351355187E+00
  8.633324451431648E-01  9.236800043166760E-01  3.212927472297941E-03  4.638994350616321E-02  7.233165180369694E-02  1.606456524918203E-01  9.214455061442306E-03  1.991547984195606E+00  2.312753331275786E+00  2.583595221745512E+00  1.958307841553243E+00
  8.740815047915476E-01  9.007176604699687E-01  3.153883825292858E-03  4.411982364443090E-02  7.175816371628008E-02  1.651284772131731E-01  9.159467344102445E-03  2.292219803772312E+00  2.379563037140827E+00  2.697631986546838E+00  1.976031160577982E+00
  8.842607873264363E-01  8.756435762511288E-01  3.073564119625449E-03  4.168168927565530E-02  7.100010929101286E-02  1.693441572280845E-01  9.086786416887094E-03  2.646904878756729E+00  2.437689808218920E+00  2.804284316983782E+00  1.986873356352255E+00
  8.938885656596867E-01  8.482382231368071E-01  2.970365838635552E-03  3.909262397173663E-02  7.004213408748550E-02  1.731531666504624E-01  8.997000629985208E-03  3.060201412257115E+00  2.485537264998811E+00  2.902538361384956E+00  1.987526063946710E+00
  9.029838115542290E-01  8.183038927523718E-01  2.842203507754826E-03  3.637904334823339E-02  6.886789856653497E-02  1.763683213832739E-01  8.891626016755805E-03  3.538124730798359E+00  2.520483210757050E+00  2.991756168564280E+00  1.977064682225063E+00
  9.115660415120352E-01  7.856602368123902E-01  2.687006754615681E-03  3.357255186178376E-02  6.745740266621825E-02  1.787709324110036E-01  8.773226122318845E-03  4.086628594747509E+00  2.540509205661166E+00  3.071412858582732E+00  1.955403629591267E+00
  9.196551674448159E-01  7.501616693761086E-01  2.503710774791945E-03  3.070921568981955E-02  6.580130388257421E-02  1.801222015598967E-01  8.645785417283169E-03  4.708797256642271E+00  2.544542944591896E+00  3.140542543030151E+00  1.922867124578040E+00
  9.272713540412347E-01  7.117234278418003E-01  2.292659682687492E-03  2.782688278535794E-02  6.390178794885992E-02  1.801643661879861E-01  8.513718998439279E-03  5.403788214147283E+00  2.529686021276532E+00  3.198894706410641E+00  1.880122109698043E+00
  9.344348844170156E-01  6.703532197063566E-01  2.056504298918932E-03  2.496166814731171E-02  6.177079384600614E-02  1.786403599565975E-01  8.381104728895750E-03  6.164175228944089E+00  2.494113435087627E+00  3.246130713590361E+00  1.824931502247807E+00
  9.411660352991831E-01  6.261819941930789E-01  1.800341938435389E-03  2.214771589484321E-02  5.941641599916703E-02  1.753090612664367E-01  8.251520004680324E-03  6.975612207824724E+00  2.435598068581172E+00  3.288537622480931E+00  1.757082941192152E+00
  9.474849626654169E-01  5.794839417183297E-01  1.531896185641431E-03  1.941533821943531E-02  5.683862394023165E-02  1.699750202417052E-01  8.127974681243877E-03  7.816360600918244E+00  2.352280189089072E+00  3.335224148928361E+00  1.676943330687756E+00
  9.534115984454097E-01  5.306834183064488E-01  1.261086344639097E-03  1.679108485652880E-02  5.403237140153383E-02  1.625221804843440E-01  8.012909099333998E-03  8.658550664906329E+00  2.242919793118816E+00  3.400441775638726E+00  1.587577590038663E+00
  9.589655586009940E-01  4.803417701607859E-01  9.991039658905493E-04  1.429708250909462E-02  5.099144051222826E-02  1.529409561987336E-01  7.908106064026921E-03  9.470787882785658E+00  2.107187174899551E+00  3.498265898937731E+00  1.492164979635781E+00
  9.641660626425548E-01  4.291250330730190E-01  7.571837400512545E-04  1.195222063363621E-02  4.770728814208236E-02  1.413523111042414E-01  7.814790261258697E-03  1.022161995067898E+01  1.946242453508518E+00  3.637739663989294E+00  1.396730091243299E+00
  9.690318644139317E-01  3.777546969167247E-01  5.450167549945484E-04  9.773133714110815E-03  4.416598851312781E-02  1.280149619782245E-01  7.733639483223032E-03  1.088400484313263E+01  1.762722472623700E+00  3.815780543318226E+00  1.311811849853562E+00
  9.735811937892969E-01  3.269481684571893E-01  3.693450871479747E-04  7.775445054516800E-03  4.034795472852615E-02  1.133144219237487E-01  7.664872552453433E-03  1.143923911251068E+01  1.560930783762672E+00  4.015442908199503E+00  1.254172948603326E+00
  9.778317087729391E-01  2.773594823936705E-01  2.329899932556568E-04  5.974464774298832E-03  3.623134544593998E-02  9.772675917136642E-02  7.608303230332181E-03  1.187967170351612E+01  1.346519179250997E+00  4.210758139916209E+00  1.243637838151564E+00
  9.818004573753960E-01  2.295307920011043E-01  1.346629799657325E-04  4.385377260715861E-03  3.179716736715998E-02  8.176229409687785E-02  7.563399544563254E-03  1.220919160759468E+01  1.126024997628207E+00  4.375798983924852E+00  1.295171449959120E+00
  9.855038485545684E-01  1.838631991954411E-01  6.960902014984489E-05  3.022929778971756E-03  2.703395989238599E-02  6.589980510412508E-02  7.529340552798636E-03  1.244140451839394E+01  9.061013533600075E-01  4.493590683102099E+00  1.410785153774867E+00
  9.889576314552073E-01  1.406101790644669E-01  3.088157752749498E-05  1.900814526525962E-03  2.194090817610628E-02  5.052797273484955E-02  7.505085949219309E-03  1.259604527697888E+01  6.926637109456344E-01  4.561027580560705E+00  1.579633566760577E+00
  9.921768821508081E-01  9.989115210849775E-02  1.084618734586279E-05  1.030867360617478E-03  1.652818379856613E-02  3.590958704186398E-02  7.489455007489793E-03  1.269476698686231E+01  4.901406046457435E-01  4.588246050038833E+00  1.785930256785107E+00
  9.951759970847149E-01  6.171834161065415E-02  2.480771385377710E-06  4.221925291895967E-04  1.081450333519857E-02  2.217637523824989E-02  7.481208926441607E-03  1.275749752760629E+01  3.010709941010408E-01  4.593248182636017E+00  2.017105461355698E+00
  9.979686924184001E-01  2.602847670541253E-02  1.791813228525104E-07  8.036094822726388E-05  4.822539946898963E-03  9.350539742596087E-03  7.479127830028354E-03  1.280018899418093E+01  1.261847120916624E-01  4.595682036321222E+00  2.267505965590601E+00
  1.000000000000000E+00  0.000000000000000E+00  0.000000000000000E+00  0.000000000000000E+00  0.000000000000000E+00  5.154856106995961E-24  7.481029450823323E-03  1.282683826384624E+01  1.350068061454145E-22  4.607176225678472E+00  2.476576035910185E+00
