    0.000000000000000E+00   -1.063072094204366E-14   -9.237349785236733E-17    2.772802680459436E-15   -9.076685216631034E-08    1.369865913259237E-15   -3.516588174005527E-16
    1.000000000000001E-02    8.078842061238730E-06    1.828465844591807E-06    8.789546189115407E-06   -1.209958155492205E-06   -6.000635729319940E-05   -1.557316278621293E-06
    2.000000000000002E-02    1.701165130450278E-05    3.772613922224652E-06    1.602812047969021E-05   -2.195472311956922E-06   -1.163262043233750E-04   -4.188806384458930E-06
    3.170012867189032E-02    2.991837503866796E-05    6.295755024755763E-06    2.517724379838787E-05   -2.705947374427790E-06   -1.745722359524316E-04   -8.017549744200711E-06
    4.200000000000004E-02    4.411918941519925E-05    8.910184552680153E-06    3.509742796132457E-05   -3.187830904819133E-06   -2.183251739742787E-04   -1.041773530322145E-05
    5.200000000000005E-02    6.137257916757942E-05    1.190195077848278E-05    4.611770232506901E-05   -2.780389530785419E-06   -2.543187008263240E-04   -1.103656722184612E-05
    6.311754253808521E-02    8.423893229968747E-05    1.573191077269473E-05    5.739531473553474E-05   -2.178858288932770E-06   -2.874299878533621E-04   -1.046127472147009E-05
    7.799999999999985E-02    1.201413233212394E-04    2.130008561701839E-05    6.852623290944972E-05   -4.266727916191224E-07   -3.222873162797499E-04   -1.073895306400022E-05
    9.423565988021565E-02    1.617158219450509E-04    2.728781785535578E-05    7.750950172532439E-05    1.204184191918910E-06   -3.518550583744579E-04   -1.594765585698026E-05
    1.099999999999999E-01    2.008626419952074E-04    3.220693700689212E-05    8.944272805734869E-05    1.860611045788057E-06   -3.740009707613144E-04   -2.641789539399651E-05
    1.250373134078284E-01    2.358956972124725E-04    3.630401755998040E-05    1.022448063304525E-04    1.244892304971743E-06   -3.870891917335251E-04   -4.094261426110203E-05
    1.399999999999997E-01    2.699326611462164E-04    4.054399817096373E-05    1.106043297154657E-04    7.891736411896926E-07   -3.913267634172869E-04   -5.908191571939603E-05
    1.555047836260162E-01    3.046399414873991E-04    4.545735807314735E-05    1.128743217703849E-04   -3.253661469952909E-07   -3.898809878512370E-04   -8.028445810402121E-05
    1.856198409895775E-01    3.686155317449979E-04    5.470721000040853E-05    1.035581807824213E-04    7.453866311616215E-08   -3.885882974899585E-04   -1.180300219864108E-04
    2.153637974678508E-01    4.243285937499241E-04    6.227982989911573E-05    9.952916514621886E-05    9.050958909350093E-07   -3.925340407622182E-04   -1.457226126500835E-04
    2.447175680599312E-01    4.754650609496893E-04    6.813198731593336E-05    9.598913178890346E-05   -4.850777896343268E-09   -3.967506494956391E-04   -1.834121628416438E-04
    2.736617426859418E-01    5.289490332314566E-04    7.326106229000803E-05    8.134190739793714E-05   -8.615104159040860E-07   -4.166708581188824E-04   -2.505081789387752E-04
    3.021766687343224E-01    5.881473704746933E-04    8.029370430030942E-05    7.776578290167105E-05   -9.532844982060324E-07   -4.643493183635796E-04   -3.329895483215450E-04
    3.302425443665093E-01    6.536162931400358E-04    8.943154321674942E-05    9.161541471563442E-05   -5.797049385724330E-07   -5.303055748488265E-04   -4.027005101421982E-04
    3.578395224691082E-01    7.230184793192602E-04    9.873098789076008E-05    9.726414173060133E-05   -8.812409709129256E-07   -5.868757400862915E-04   -4.572062606737985E-04
    3.849478249010350E-01    7.876776103220712E-04    1.070267382695289E-04    9.724092793684429E-05   -6.762156210038212E-07   -6.427143627949737E-04   -5.054690848527651E-04
    4.115478664127252E-01    8.498429681214892E-04    1.143200370058149E-04    1.102832961771862E-04   -3.843878926322616E-07   -7.013865679319428E-04   -5.659902752556054E-04
    4.376203873215285E-01    9.213024646413243E-04    1.223556193013734E-04    1.181561873211260E-04   -1.802019942836547E-06   -7.583780840136715E-04   -6.223155873890523E-04
    4.631465937191983E-01    1.008699724686181E-03    1.321039418800537E-04    8.151459511548855E-05   -8.037214693630174E-07   -7.966740898802151E-04   -6.818723007675290E-04
    4.881083036737000E-01    1.104431937959616E-03    1.428421170323020E-04    3.807287693157997E-05    1.591210351862812E-06   -8.314904720129503E-04   -7.409758790303707E-04
    5.124880975795527E-01    1.193253911344186E-03    1.533675526635379E-04    3.334836028487929E-05    1.748813002666434E-06   -8.828425419934172E-04   -8.000901354073171E-04
    5.362694705219120E-01    1.268691008748546E-03    1.625912504009145E-04    4.361986099434651E-05    5.466926263275022E-07   -9.475151654212421E-04   -8.707454120865342E-04
    5.594369842636553E-01    1.341783980673208E-03    1.708558970398696E-04    7.276316601149708E-05   -4.785160399379526E-08   -1.039974939356127E-03   -9.170212571338460E-04
    5.819764162566443E-01    1.424177946580327E-03    1.797242518071663E-04    1.018198575272566E-04   -5.839300642125022E-07   -1.146808793158226E-03   -9.549443493859014E-04
    6.038749029319419E-01    1.524898639284587E-03    1.896697477676229E-04    1.046198427770489E-04   -3.438132343715708E-07   -1.243403022252440E-03   -1.018641888972972E-03
    6.251210744525224E-01    1.643102245283995E-03    2.003319408286873E-04    8.390486462309587E-05   -7.724337855530596E-07   -1.329641019361109E-03   -1.108944684263306E-03
    6.457051781255032E-01    1.775521640260937E-03    2.115504080361652E-04    5.180027597085301E-05   -1.344905926461830E-06   -1.422373440738200E-03   -1.209491722996107E-03
    6.656191877771569E-01    1.917719542605410E-03    2.214687322926005E-04    2.465255913327062E-05   -2.577228699339224E-06   -1.529654271797735E-03   -1.323928898469863E-03
    6.848568965950577E-01    2.071181289340099E-03    2.301039592143561E-04   -9.261019549158887E-06   -4.084999977474832E-06   -1.640061904200900E-03   -1.457327225451346E-03
    7.034139912363955E-01    2.239083505567452E-03    2.381938493553563E-04   -4.219807334505032E-05   -4.755684700144135E-06   -1.759786708434560E-03   -1.599637383949692E-03
    7.212881053823921E-01    2.417134065590909E-03    2.441346881169584E-04   -8.129873096418940E-05   -4.595190446620611E-06   -1.876893796886853E-03   -1.762265474628759E-03
    7.384788513743956E-01    2.587374549928079E-03    2.461177957984988E-04   -1.448451287773093E-04   -7.892578766912175E-06   -1.965633098314920E-03   -1.985331570986362E-03
    7.549878290806298E-01    2.757274151961933E-03    2.456728623219384E-04   -2.300459404023288E-04   -9.001923971987751E-06   -2.048377542262531E-03   -2.229825836443225E-03
    7.708186116941320E-01    2.937354815167714E-03    2.448943079502025E-04   -2.999725375803057E-04   -7.995676831416712E-06   -2.154861571064565E-03   -2.445551090781511E-03
    7.859767087290663E-01    3.117743760410366E-03    2.406881781799137E-04   -3.504788307667362E-04   -1.112057187426776E-05   -2.275116735926772E-03   -2.663572941631484E-03
    8.004695070408161E-01    3.302651821858404E-03    2.320726703926761E-04   -4.128157360137122E-04   -1.546853634000879E-05   -2.390059908317851E-03   -2.895719001969208E-03
    8.143061912216325E-01    3.494915803591292E-03    2.195104020304012E-04   -4.940981123311046E-04   -2.181978981011896E-05   -2.495023691213447E-03   -3.142488113933445E-03
    8.274976451965728E-01    3.692694840809960E-03    2.036140592609941E-04   -5.967994660528476E-04   -3.010145358841253E-05   -2.587555404112152E-03   -3.413317927203535E-03
    8.400563372459544E-01    3.892246894381265E-03    1.854936707495003E-04   -7.092359160230446E-04   -4.136384935517863E-05   -2.674080048672756E-03   -3.684823445773172E-03
    8.519961909963207E-01    4.093218099957691E-03    1.657739984214195E-04   -8.152595507892185E-04   -5.394914145365865E-05   -2.766573201273534E-03   -3.925751173270736E-03
    8.633324451431648E-01    4.289117969097117E-03    1.454706837009656E-04   -8.950842420040739E-04   -6.865292554936045E-05   -2.876050605666855E-03   -4.126518016663777E-03
    8.740815047915476E-01    4.466024226568444E-03    1.254470112224812E-04   -9.401518791805306E-04   -8.585691534811115E-05   -2.994780917182110E-03   -4.291443038462850E-03
    8.842607873264363E-01    4.604122902243796E-03    1.069978802660711E-04   -9.501833247429377E-04   -1.066767561612443E-04   -3.100743126545250E-03   -4.438743078643670E-03
    8.938885656596867E-01    4.683505143342315E-03    9.128176786819082E-05   -9.094885736813003E-04   -1.341418133584344E-04   -3.187429889567397E-03   -4.563853950178942E-03
    9.029838115542290E-01    4.690241603150846E-03    8.042432804838268E-05   -8.100697905530051E-04   -1.681527610999118E-04   -3.250523892356708E-03   -4.638461802498828E-03
    9.115660415120352E-01    4.614739648758859E-03    7.731049307252999E-05   -6.516645610720080E-04   -2.047608361969155E-04   -3.285182304869461E-03   -4.636322228694700E-03
    9.196551674448159E-01    4.450352602253876E-03    8.487725758892471E-05   -4.349407176835879E-04   -2.405197863412931E-04   -3.285665166641430E-03   -4.537581938406532E-03
    9.272713540412347E-01    4.195237579801753E-03    1.059364339006724E-04   -1.769812106395333E-04   -2.670504868024851E-04   -3.238272943209164E-03   -4.335880526330493E-03
    9.344348844170156E-01    3.852805628727515E-03    1.427716725829293E-04    1.060384542429936E-04   -2.772280960790918E-04   -3.132372531525984E-03   -4.033857551460851E-03
    9.411660352991831E-01    3.434448361592249E-03    1.967976968128005E-04    3.888415552874922E-04   -2.604227779474076E-04   -2.964285719101872E-03   -3.633451543100477E-03
    9.474849626654169E-01    2.959383884216030E-03    2.672254059524828E-04    6.437328619010377E-04   -2.076224953511813E-04   -2.734047246823981E-03   -3.146410983681971E-03
    9.534115984454097E-01    2.453679639148262E-03    3.503056889480969E-04    8.398122690276774E-04   -1.134137267778650E-04   -2.447784308336379E-03   -2.596107617163557E-03
    9.589655586009940E-01    1.947190456681104E-03    4.388212644876148E-04    9.489774474026880E-04    2.206666283215836E-05   -2.114302466799334E-03   -2.018170797764549E-03
    9.641660626425548E-01    1.469747203966115E-03    5.222715392441783E-04    9.574083415901796E-04    1.876084757045787E-04   -1.749889186132836E-03   -1.463242256848844E-03
    9.690318644139317E-01    1.047004245765898E-03    5.882607044027412E-04    8.698155858917304E-04    3.626069875919888E-04   -1.376207786249452E-03   -9.900941039391389E-04
    9.735811937892969E-01    6.968850416486129E-04    6.246552288642106E-04    7.108054385023856E-04    5.186722785795080E-04   -1.018872296932073E-03   -6.562871914044047E-04
    9.778317087729391E-01    4.274516087035916E-04    6.227142823317169E-04    5.181115984373083E-04    6.271575644867904E-04   -7.023582577064952E-04   -5.060024927689907E-04
    9.818004573753960E-01    2.367595026716782E-04    5.796726517999541E-04    3.314380339455286E-04    6.673099466622326E-04   -4.450362473763948E-04   -5.614653684827345E-04
    9.855038485545684E-01    1.146599635015451E-04    5.000271852563867E-04    1.809727572883281E-04    6.330637547475905E-04   -2.552132697039907E-04   -8.177729223774535E-04
    9.889576314552073E-01    4.590358152904250E-05    3.947144726207073E-04    8.034768002741733E-05    5.349624483936485E-04   -1.301886999899903E-04   -1.240744029895713E-03
    9.921768821508081E-01    1.360777196423787E-05    2.782782232573413E-04    2.640668194515126E-05    3.961437156496349E-04   -5.819862127894580E-05   -1.765765976325773E-03
    9.951759970847149E-01    2.293792375442278E-06    1.649006801305343E-04    5.143202218735288E-06    2.438684641033317E-04   -2.255284784606268E-05   -2.301802449020743E-03
    9.979686924184001E-01    8.338337990658728E-08    6.493871693574781E-05    2.674127157200566E-07    1.098474561593205E-04   -6.669004890593789E-06   -2.732045318836321E-03
    1.000000000000000E+00    0.000000000000000E+00    0.000000000000000E+00    0.000000000000000E+00   -7.806829049854496E-06    0.000000000000000E+00   -2.916218373351598E-03
