   0.0000000e+00   1.0000000e+00   1.0000000e+00   1.0000000e+00
   3.9043254e-02   5.6471284e-01   8.6451262e-01   8.8029919e-01
   7.8086509e-02  -4.1641450e-02   5.6020187e-01   6.0847251e-01
   1.1712976e-01  -2.5580486e-01   2.5389963e-01   3.2507965e-01
   1.5617302e-01  -2.3267588e-01   3.0910777e-02   1.0640878e-01
   1.9521627e-01  -1.4612770e-01  -9.8413463e-02  -3.1346559e-02
   2.3425953e-01  -7.5757413e-02  -1.5542177e-01  -1.0075405e-01
   2.7330278e-01  -3.0263172e-02  -1.6571063e-01  -1.2166297e-01
   3.1234604e-01  -1.1193945e-02  -1.5007062e-01  -1.1325404e-01
   3.5138929e-01  -1.3085568e-03  -1.2176197e-01  -8.9808330e-02
   3.9043254e-01   5.7053580e-03  -8.8716417e-02  -6.1679095e-02
   4.2947580e-01   1.3826830e-02  -5.5995908e-02  -3.4847853e-02
   4.6851905e-01   2.0187742e-02  -2.7849206e-02  -1.2401876e-02
   5.0756231e-01   2.4751541e-02  -7.3672754e-03   4.4974929e-03
   5.4660556e-01   2.2029328e-02   3.5971386e-03   1.4878855e-02
   5.8564882e-01   1.4395991e-02   5.2112149e-03   1.8508422e-02
   6.2469207e-01   3.1152603e-03  -4.0562891e-04   1.5832341e-02
   6.6373533e-01  -4.9089252e-03  -9.5018314e-03   8.6124363e-03
   7.0277858e-01  -9.8418287e-03  -1.8213162e-02  -3.3867750e-04
   7.4182184e-01  -1.1135797e-02  -2.3613297e-02  -7.6799302e-03
   7.8086509e-01  -9.2110215e-03  -2.4791167e-02  -1.1718661e-02
   8.1990834e-01  -3.1784626e-03  -2.2513120e-02  -1.2402083e-02
   8.5895160e-01   2.8206885e-03  -1.8550050e-02  -1.0570844e-02
   8.9799485e-01   5.5703263e-03  -1.4685968e-02  -7.7527357e-03
   9.3703811e-01   1.9064768e-03  -1.2111588e-02  -6.2714379e-03
   9.7608136e-01  -1.6130666e-03  -1.0785342e-02  -7.6269843e-03
   1.0151246e+00  -1.6922837e-05  -1.0372494e-02  -1.2179501e-02
   1.0541679e+00   3.8531800e-03  -1.1137609e-02  -1.8924716e-02
   1.0932111e+00   4.9396402e-03  -1.3519382e-02  -2.5886074e-02
   1.1322544e+00   5.2676199e-03  -1.7417122e-02  -3.1097126e-02
   1.1712976e+00   2.4045259e-03  -2.2370573e-02  -3.3772689e-02
   1.2103409e+00  -2.2873592e-03  -2.7214065e-02  -3.3702662e-02
   1.2493841e+00  -7.1520364e-03  -3.0474648e-02  -3.1286242e-02
   1.2884274e+00  -7.9399661e-03  -3.0955370e-02  -2.7564821e-02
   1.3274707e+00  -5.9105570e-03  -2.8446954e-02  -2.3778704e-02
   1.3665139e+00  -2.7898303e-03  -2.3687424e-02  -2.0547725e-02
   1.4055572e+00  -2.0330488e-04  -1.8039782e-02  -1.8038219e-02
   1.4446004e+00   3.2722767e-03  -1.2832197e-02  -1.6335019e-02
   1.4836437e+00   7.3101100e-03  -9.2998790e-03  -1.6171930e-02
   1.5226869e+00   9.8405128e-03  -8.6240081e-03  -1.8496457e-02
   1.5617302e+00   7.2404450e-03  -1.1405303e-02  -2.3450431e-02
   1.6007734e+00   1.5592328e-03  -1.6822737e-02  -2.9578033e-02
   1.6398167e+00  -4.0746162e-03  -2.2861171e-02  -3.4498268e-02
   1.6788599e+00  -6.9012441e-03  -2.7373617e-02  -3.6141861e-02
   1.7179032e+00  -7.8401569e-03  -2.9237635e-02  -3.4221512e-02
   1.7569465e+00  -5.4701433e-03  -2.8502378e-02  -3.0470440e-02
   1.7959897e+00  -2.6721833e-03  -2.6127605e-02  -2.7705315e-02
   1.8350330e+00   3.1404714e-04  -2.3287193e-02  -2.7738742e-02
   1.8740762e+00   9.2446021e-04  -2.0975770e-02  -3.0373750e-02
   1.9131195e+00  -1.4097700e-03  -1.9405277e-02  -3.3938034e-02
   1.9521627e+00  -3.7174288e-03  -1.7947960e-02  -3.6368386e-02
   1.9912060e+00  -1.0391175e-03  -1.6042788e-02  -3.6302240e-02
   2.0302492e+00   5.0279414e-03  -1.4224263e-02  -3.3933571e-02
   2.0692925e+00   8.5647406e-03  -1.3709498e-02  -3.0252711e-02
   2.1083357e+00   6.8786826e-03  -1.5104096e-02  -2.6112948e-02
   2.1473790e+00   3.0367733e-03  -1.7782507e-02  -2.1954882e-02
   2.1864223e+00  -1.8625026e-03  -2.0482456e-02  -1.7620905e-02
   2.2254655e+00  -3.9434162e-03  -2.1962078e-02  -1.1925925e-02
   2.2645088e+00  -3.5518135e-03  -2.1693985e-02  -3.5844262e-03
   2.3035520e+00  -2.5285226e-03  -1.9813637e-02   7.3973258e-03
   2.3425953e+00  -2.9800297e-03  -1.6603592e-02   1.9116325e-02
   2.3816385e+00  -3.1559512e-03  -1.2279765e-02   2.8576601e-02
   2.4206818e+00  -1.6006458e-03  -7.4135389e-03   3.3296620e-02
   2.4597250e+00   1.0147648e-03  -3.1594831e-03   3.2410307e-02
   2.4987683e+00   1.6630535e-03  -5.7388427e-04   2.6803527e-02
   2.5378115e+00   5.2705039e-04   4.5782189e-04   1.8874144e-02
   2.5768548e+00  -1.1755711e-03   8.6012891e-04   1.1511033e-02
   2.6158981e+00  -9.1376088e-04   1.2590624e-03   6.6178456e-03
   2.6549413e+00   2.7764053e-04   1.5347399e-03   4.2682340e-03
   2.6939846e+00   2.1365965e-03   1.3781330e-03   3.3207133e-03
   2.7330278e+00   3.0311449e-03   5.3631098e-04   2.1648037e-03
   2.7720711e+00   1.8577765e-03  -1.1279678e-03  -4.0158685e-04
   2.8111143e+00  -6.6410234e-04  -3.2906508e-03  -4.6790759e-03
   2.8501576e+00  -2.4179579e-03  -5.1486719e-03  -1.0056669e-02
   2.8892008e+00  -4.7166595e-03  -5.9078874e-03  -1.5698928e-02
   2.9282441e+00  -5.3668113e-03  -4.8616317e-03  -2.1084448e-02
   2.9672873e+00  -3.0022628e-03  -1.6938950e-03  -2.5869793e-02
   3.0063306e+00   1.6386654e-03   3.0612976e-03  -2.9464078e-02
   3.0453738e+00   3.4668435e-03   7.9155893e-03  -3.1503275e-02
   3.0844171e+00   1.6040223e-03   1.1331065e-02  -3.2280046e-02
