   1.0000000e+00   1.5240312e-04   1.5918434e-04   4.3277797e-04   2.0460008e-04   1.8333334e-04   1.3701172e-03   2.2759191e-04   7.2821262e-04   7.1216706e-03   2.0062278e-06   1.6312456e-04   1.9237425e-03
   2.0000000e+00   2.6562449e-04   2.4458598e-04   9.8646802e-04   2.1371226e-04   2.6176528e-04   9.1971607e-04   2.0000845e-04   5.9126807e-04   4.0477538e-03   1.7561748e-06   1.2780908e-04   1.0943452e-03
   3.0000000e+00   1.4065945e-04   1.5431070e-04   4.0819237e-04   2.1811431e-04   2.9529794e-04   5.6227233e-04   1.6342167e-04   4.1599035e-04   2.6514987e-03   1.6729867e-06   1.1691286e-04   7.3275039e-04
   4.0000000e+00   1.0633264e-04   1.2321548e-04   3.5977403e-04   1.5701165e-04   2.5308161e-04   4.8592964e-04   1.3108885e-04   3.9522797e-04   1.9988363e-03   1.4609531e-06   9.4855696e-05   4.4098918e-04
   5.0000000e+00   8.2699673e-05   7.3735369e-05   1.7847501e-04   1.5601884e-04   2.4054989e-04   3.1768970e-04   1.1082950e-04   3.6715779e-04   1.3612119e-03   1.2482032e-06   7.8396432e-05   2.7639625e-04
   6.0000000e+00   1.1957871e-04   1.3394467e-04   1.8222551e-04   1.5914665e-04   2.1552682e-04   3.4370443e-04   9.7344413e-05   3.6571352e-04   1.1355018e-03   1.1920840e-06   6.7851515e-05   2.0086114e-04
   7.0000000e+00   1.8483388e-04   1.7267236e-04   1.3516860e-04   1.5932075e-04   1.8973187e-04   2.4790147e-04   7.6570909e-05   2.7456608e-04   7.9369438e-04   1.0100697e-06   5.2059448e-05   1.3367731e-04
   8.0000000e+00   1.5278986e-04   1.6421017e-04   1.7179449e-04   1.3540962e-04   1.7335798e-04   1.8680911e-04   6.8892687e-05   2.3445026e-04   6.5785629e-04   9.2491284e-07   4.5222435e-05   9.5507907e-05
   9.0000000e+00   1.1402233e-04   1.1749898e-04   1.1301623e-04   1.1610984e-04   1.6610123e-04   1.6189593e-04   5.9603145e-05   1.9662306e-04   5.0213953e-04   7.9262739e-07   3.5126043e-05   7.1141781e-05
   1.0000000e+01   1.1859988e-04   1.1740085e-04   1.0973499e-04   1.0868043e-04   1.2278529e-04   1.3367390e-04   5.1382946e-05   1.7491748e-04   4.0431751e-04   7.3886534e-07   3.0343847e-05   4.9746742e-05
   1.1000000e+01   6.6527819e-05   7.3898395e-05   7.1737964e-05   1.0162153e-04   1.3171691e-04   9.8742062e-05   4.5016248e-05   1.4341162e-04   2.9558957e-04   6.5189499e-07   2.4375436e-05   3.6628387e-05
   1.2000000e+01   8.5373682e-05   7.8269958e-05   6.6427108e-05   9.9673427e-05   1.1112372e-04   8.8600271e-05   4.0963501e-05   1.2105815e-04   2.5760417e-04   5.7753460e-07   2.0170777e-05   2.7323790e-05
   1.3000000e+01   7.0148956e-05   7.6672002e-05   5.9826049e-05   7.1299599e-05   9.2681126e-05   6.5967601e-05   3.6560248e-05   1.0899573e-04   2.0446633e-04   5.1480737e-07   1.5787349e-05   2.1532028e-05
   1.4000000e+01   6.8280762e-05   6.3693628e-05   4.1141143e-05   7.4620778e-05   7.5987435e-05   5.3742339e-05   3.2677749e-05   9.2196522e-05   1.6780814e-04   4.5176475e-07   1.2742104e-05   1.5423315e-05
   1.5000000e+01   5.5180370e-05   5.9557158e-05   3.9955732e-05   5.4294717e-05   6.7905977e-05   4.6562554e-05   2.7665046e-05   7.9803194e-05   1.3452322e-04   4.0103215e-07   1.0082172e-05   1.2231703e-05
   1.6000000e+01   4.0142290e-05   4.6008144e-05   2.6523632e-05   6.0512503e-05   6.2462190e-05   4.2371309e-05   2.5642386e-05   6.5112627e-05   1.0575189e-04   3.4945203e-07   8.1297858e-06   9.3023993e-06
   1.7000000e+01   3.8707016e-05   3.8471796e-05   2.7563375e-05   4.8178239e-05   4.7353302e-05   3.2277706e-05   2.2596177e-05   5.4378551e-05   9.1622870e-05   3.1148372e-07   6.5017352e-06   7.0814340e-06
   1.8000000e+01   3.4649316e-05   3.6867309e-05   2.2945674e-05   4.0745634e-05   4.4780072e-05   3.2149210e-05   1.9653178e-05   4.7433099e-05   7.3400160e-05   2.7058032e-07   5.3166092e-06   5.6557100e-06
   1.9000000e+01   2.7833740e-05   3.1380911e-05   2.1677614e-05   3.4289714e-05   4.1791225e-05   2.3545674e-05   1.8127685e-05   4.0005529e-05   6.2388098e-05   2.3995412e-07   4.2282976e-06   4.4605458e-06
   2.0000000e+01   2.7347104e-05   2.9769555e-05   1.5480638e-05   2.8671949e-05   3.6644609e-05   2.0526998e-05   1.5783353e-05   3.4548737e-05   5.3121550e-05   2.1403629e-07   3.5728570e-06   3.5391920e-06
   2.1000000e+01   2.0722616e-05   2.3198005e-05   1.2522797e-05   2.8000625e-05   3.1600679e-05   1.8004365e-05   1.4552338e-05   2.8251819e-05   4.5334398e-05   1.7682733e-07   2.7403918e-06   2.7771970e-06
   2.2000000e+01   2.1105242e-05   1.8812805e-05   1.2419829e-05   2.2571307e-05   2.6686004e-05   1.5143330e-05   1.2289321e-05   2.3851369e-05   3.6534519e-05   1.5476941e-07   2.3115734e-06   2.2275893e-06
   2.3000000e+01   1.5099191e-05   1.5337448e-05   1.0018294e-05   2.1328259e-05   2.5247548e-05   1.2501218e-05   1.1190857e-05   2.0822593e-05   3.3114820e-05   1.3693331e-07   1.8438597e-06   1.7795733e-06
   2.4000000e+01   1.8384240e-05   1.5963160e-05   9.4111810e-06   1.9860046e-05   2.2135208e-05   1.1460781e-05   9.7974365e-06   1.8454264e-05   2.7187916e-05   1.1985111e-07   1.4835584e-06   1.4781989e-06
   2.5000000e+01   1.5899233e-05   1.5373250e-05   8.1810966e-06   1.6912628e-05   1.8325636e-05   9.9089867e-06   8.7967062e-06   1.5479553e-05   2.3171668e-05   9.9054076e-08   1.1498800e-06   1.1465197e-06
   2.6000000e+01   1.2208232e-05   1.1012734e-05   7.0648141e-06   1.4922487e-05   1.7311044e-05   8.7335707e-06   7.4186743e-06   1.3049057e-05   2.0333595e-05   9.1318456e-08   9.8284283e-07   9.4336568e-07
   2.7000000e+01   1.0849769e-05   1.2095595e-05   5.9423286e-06   1.2559149e-05   1.5292898e-05   7.3139017e-06   6.8597400e-06   1.1496297e-05   1.7063443e-05   7.6999738e-08   7.9809269e-07   7.6206231e-07
   2.8000000e+01   9.7689011e-06   1.0945856e-05   5.2518912e-06   1.2626404e-05   1.2029494e-05   6.4724707e-06   6.1250928e-06   9.6279365e-06   1.5085963e-05   6.8078882e-08   6.6872387e-07   6.0762851e-07
   2.9000000e+01   8.3083275e-06   9.6883557e-06   4.4066281e-06   1.0062337e-05   1.1295461e-05   5.7463577e-06   5.5534044e-06   8.5250144e-06   1.2790335e-05   5.8306386e-08   5.4059209e-07   4.9456993e-07
   3.0000000e+01   7.7378797e-06   8.3606071e-06   3.6163722e-06   9.7139822e-06   9.9546273e-06   5.2031285e-06   4.9626393e-06   7.6021175e-06   1.1336092e-05   5.2774544e-08   4.4382850e-07   4.2014671e-07
   3.1000000e+01   6.8773087e-06   7.2342588e-06   3.0261264e-06   7.7928770e-06   8.8593937e-06   4.5140673e-06   4.5060005e-06   6.6157227e-06   1.0138784e-05   4.5226071e-08   3.7452040e-07   3.3534874e-07
   3.2000000e+01   6.4713633e-06   7.0802425e-06   2.9334989e-06   7.6088559e-06   7.2979904e-06   4.0227567e-06   4.0393913e-06   5.8051780e-06   8.6863886e-06   4.1540752e-08   3.2719822e-07   2.9107381e-07
   3.3000000e+01   4.7768150e-06   4.9210453e-06   2.1814568e-06   6.6201691e-06   6.5189114e-06   3.3803090e-06   3.4434417e-06   5.0274988e-06   7.6138924e-06   3.5639028e-08   2.6745393e-07   2.3330916e-07
   3.4000000e+01   4.7156477e-06   5.0549183e-06   2.1862827e-06   6.0108877e-06   6.6019029e-06   3.0190963e-06   3.2623720e-06   4.4722383e-06   6.6019881e-06   3.0600612e-08   2.1536279e-07   1.9215078e-07
   3.5000000e+01   3.8879292e-06   4.2886109e-06   1.8196196e-06   5.1786629e-06   5.8105821e-06   2.7571751e-06   2.9103143e-06   3.9099724e-06   5.8950401e-06   2.6798938e-08   1.8270390e-07   1.6157219e-07
   3.6000000e+01   4.0957285e-06   4.0855141e-06   1.6966952e-06   4.5326505e-06   4.3430205e-06   2.2658362e-06   2.5014501e-06   3.5138108e-06   5.1284516e-06   2.3175176e-08   1.5026650e-07   1.3393543e-07
   3.7000000e+01   3.2433401e-06   3.7896645e-06   1.5057984e-06   4.2828576e-06   4.2237494e-06   2.1689528e-06   2.3194054e-06   2.9920784e-06   4.5161364e-06   2.0278749e-08   1.2603723e-07   1.1255062e-07
   3.8000000e+01   3.3119562e-06   3.1725164e-06   1.3303538e-06   3.6284477e-06   3.9075846e-06   1.8396196e-06   2.1627033e-06   2.6310593e-06   3.9515248e-06   1.8281419e-08   1.0839984e-07   9.5692656e-08
   3.9000000e+01   2.7754437e-06   3.0275695e-06   1.1732452e-06   3.2650400e-06   3.5492057e-06   1.6360274e-06   1.8886566e-06   2.3275063e-06   3.4852712e-06   1.5628525e-08   8.7871620e-08   8.1664325e-08
   4.0000000e+01   2.3714967e-06   2.5356013e-06   1.0273509e-06   3.3353900e-06   3.1258507e-06   1.5336024e-06   1.7483751e-06   2.2047662e-06   3.2056549e-06   1.3814260e-08   7.4505659e-08   6.8678917e-08
   4.1000000e+01   1.8838758e-06   1.9532350e-06   9.4183560e-07   2.6960170e-06   2.8555904e-06   1.3477301e-06   1.5341173e-06   1.9090205e-06   2.8622961e-06   1.2231679e-08   6.1811697e-08   5.7459171e-08
   4.2000000e+01   1.9243701e-06   1.7852277e-06   7.5384461e-07   2.4562964e-06   2.5060373e-06   1.1573382e-06   1.3728825e-06   1.7502738e-06   2.5341238e-06   1.0619454e-08   5.3345660e-08   4.7476244e-08
   4.3000000e+01   1.7453054e-06   1.7540478e-06   7.1427819e-07   2.1116246e-06   2.2862098e-06   1.0530490e-06   1.2477266e-06   1.5710723e-06   2.2173061e-06   9.5482253e-09   4.7223494e-08   3.9879601e-08
   4.4000000e+01   1.4540586e-06   1.5054527e-06   6.5675811e-07   1.9285568e-06   1.9739821e-06   9.1117409e-07   1.1217408e-06   1.4249001e-06   1.9916406e-06   8.4474305e-09   4.0160948e-08   3.4557864e-08
   4.5000000e+01   1.4823424e-06   1.2898022e-06   5.3041109e-07   1.8076562e-06   1.8252784e-06   8.2643004e-07   1.0459806e-06   1.2552180e-06   1.7358506e-06   7.5968769e-09   3.3987775e-08   2.9949087e-08
   4.6000000e+01   1.1329045e-06   1.1698558e-06   5.4373959e-07   1.6620090e-06   1.6713059e-06   7.6185540e-07   9.4941349e-07   1.1161877e-06   1.5502853e-06   6.6403746e-09   2.8942147e-08   2.5492714e-08
   4.7000000e+01   1.1634866e-06   1.1585320e-06   4.8843317e-07   1.4017040e-06   1.6379212e-06   6.6961386e-07   8.4816123e-07   9.8692191e-07   1.4451504e-06   5.9238180e-09   2.4622585e-08   2.2382118e-08
   4.8000000e+01   9.3613499e-07   9.3371377e-07   3.5621444e-07   1.3203855e-06   1.3153954e-06   6.1714194e-07   7.8840141e-07   8.9952768e-07   1.3170412e-06   5.2370637e-09   2.1620683e-08   1.9220012e-08
   4.9000000e+01   8.1062354e-07   9.3261454e-07   3.8108002e-07   1.1528925e-06   1.1676559e-06   5.4995945e-07   6.7992889e-07   8.1710129e-07   1.1760427e-06   4.6123749e-09   1.8115078e-08   1.6029287e-08
   5.0000000e+01   7.1597696e-07   8.5484242e-07   3.3868598e-07   1.1318115e-06   1.1184119e-06   4.9189367e-07   6.3921081e-07   7.3681896e-07   1.0554164e-06   4.0008524e-09   1.5351097e-08   1.3662166e-08
   5.1000000e+01   7.0423291e-07   6.9633206e-07   3.0639601e-07   9.4894397e-07   1.0205960e-06   4.3221385e-07   5.8307284e-07   6.6887046e-07   9.5850255e-07   3.5956795e-09   1.3185732e-08   1.2384874e-08
   5.2000000e+01   6.8274724e-07   7.1020824e-07   2.6166437e-07   9.0343900e-07   9.1940436e-07   3.9719996e-07   5.2942228e-07   5.9732451e-07   8.6156972e-07   3.2035886e-09   1.1434493e-08   1.0670997e-08
   5.3000000e+01   5.8618900e-07   6.1488856e-07   2.2497502e-07   7.7244953e-07   8.3600898e-07   3.6285199e-07   4.9779659e-07   5.2437920e-07   7.8174535e-07   2.8563149e-09   9.8702675e-09   9.2616759e-09
   5.4000000e+01   5.6917409e-07   5.4063720e-07   2.0630348e-07   6.9314658e-07   7.8704121e-07   3.3401801e-07   4.4369589e-07   4.9804657e-07   7.2101588e-07   2.6123136e-09   8.7540409e-09   7.9448020e-09
   5.5000000e+01   4.6071250e-07   4.6073759e-07   1.8520944e-07   6.2752767e-07   6.8000085e-07   2.8562405e-07   3.9768610e-07   4.5295439e-07   6.2862541e-07   2.3347445e-09   7.7411453e-09   6.8371817e-09
   5.6000000e+01   4.2118341e-07   4.3104586e-07   1.7272466e-07   5.9155786e-07   6.5535173e-07   2.6995751e-07   3.7934015e-07   4.0582216e-07   5.7372013e-07   2.1021618e-09   6.8992640e-09   5.8991400e-09
   5.7000000e+01   3.8854921e-07   3.5142940e-07   1.3270071e-07   5.4738075e-07   5.6557767e-07   2.4297519e-07   3.3264198e-07   3.7254491e-07   5.2064413e-07   1.8478222e-09   6.0468023e-09   5.1323695e-09
   5.8000000e+01   3.8920475e-07   3.5257747e-07   1.2242350e-07   4.7686476e-07   5.1073635e-07   2.1786689e-07   3.0910304e-07   3.3397737e-07   4.6978125e-07   1.6246232e-09   5.0628450e-09   4.4167185e-09
   5.9000000e+01   2.9423237e-07   3.3570275e-07   1.1505611e-07   4.4405688e-07   4.9526051e-07   1.9475612e-07   2.8552676e-07   3.1534568e-07   4.2564061e-07   1.4796866e-09   4.4409977e-09   3.9083861e-09
   6.0000000e+01   2.8297714e-07   2.8492839e-07   1.0963944e-07   3.6882967e-07   4.1165790e-07   1.7799011e-07   2.5467932e-07   2.8450940e-07   3.9089853e-07   1.3197029e-09   3.8657547e-09   3.4315987e-09
   6.1000000e+01   2.6187046e-07   2.8788091e-07   1.0441580e-07   3.4863092e-07   3.9086096e-07   1.7095348e-07   2.3616812e-07   2.6613352e-07   3.6044966e-07   1.2094230e-09   3.4794801e-09   3.0202389e-09
   6.2000000e+01   2.2999297e-07   2.3634867e-07   8.9858004e-08   3.2625473e-07   3.5026709e-07   1.4669092e-07   2.2068088e-07   2.3404858e-07   3.3018874e-07   1.0795038e-09   2.9880903e-09   2.7030958e-09
   6.3000000e+01   2.3175784e-07   1.9916966e-07   7.2558294e-08   2.9735005e-07   3.2154905e-07   1.3596670e-07   2.0163043e-07   2.1920155e-07   2.9694542e-07   9.4581818e-10   2.5444677e-09   2.4380227e-09
   6.4000000e+01   2.0672607e-07   1.7389621e-07   7.0433768e-08   2.7283118e-07   3.0172566e-07   1.2591565e-07   1.8553376e-07   2.0520564e-07   2.8561350e-07   8.5827292e-10   2.3067901e-09   2.1982981e-09
   6.5000000e+01   1.6421993e-07   1.6179126e-07   6.2392845e-08   2.4159859e-07   2.8521630e-07   1.0900955e-07   1.7354854e-07   1.8518643e-07   2.6321455e-07   7.6364602e-10   2.0593281e-09   1.8819290e-09
   6.6000000e+01   1.5892191e-07   1.5377407e-07   5.8781131e-08   2.1845776e-07   2.4610661e-07   9.8873537e-08   1.5890250e-07   1.7252649e-07   2.4044454e-07   7.0062157e-10   1.8073137e-09   1.6614531e-09
   6.7000000e+01   1.4917094e-07   1.5150409e-07   5.4543389e-08   2.0723440e-07   2.2733522e-07   9.1770527e-08   1.4208753e-07   1.5676878e-07   2.1360686e-07   6.2448876e-10   1.5739904e-09   1.5202036e-09
   6.8000000e+01   1.2882203e-07   1.1501358e-07   4.4402879e-08   1.9136247e-07   2.1031175e-07   8.6815241e-08   1.3503811e-07   1.4829264e-07   1.9273034e-07   5.6539239e-10   1.4103599e-09   1.4062988e-09
   6.9000000e+01   1.1079544e-07   1.2038778e-07   3.9007770e-08   1.7800235e-07   1.7023562e-07   7.3341067e-08   1.2600262e-07   1.3710044e-07   1.8169445e-07   5.1857716e-10   1.2944264e-09   1.2344366e-09
   7.0000000e+01   1.1115204e-07   1.0763640e-07   3.6329722e-08   1.6182564e-07   1.7424860e-07   7.1079875e-08   1.1595597e-07   1.2908361e-07   1.6510135e-07   4.5922965e-10   1.1040142e-09   1.0733088e-09
   7.1000000e+01   9.7626619e-08   1.0442216e-07   3.5720083e-08   1.4447983e-07   1.5212711e-07   6.3469955e-08   1.1006413e-07   1.1711600e-07   1.4939286e-07   4.1920296e-10   9.7054243e-10   9.7175209e-10
   7.2000000e+01   9.0970126e-08   7.8120576e-08   3.0194741e-08   1.3497103e-07   1.4979659e-07   5.8907842e-08   1.0328370e-07   1.0589129e-07   1.4039299e-07   3.7398043e-10   8.8785621e-10   8.7233381e-10
   7.3000000e+01   8.0703436e-08   6.8604144e-08   2.5543506e-08   1.2431518e-07   1.3437474e-07   5.3373279e-08   9.6216182e-08   1.0301750e-07   1.3115797e-07   3.4446986e-10   8.0406327e-10   7.8084809e-10
   7.4000000e+01   7.5061522e-08   7.1531867e-08   2.5945482e-08   1.1352069e-07   1.1880422e-07   4.9122372e-08   9.0577474e-08   9.5858680e-08   1.2078284e-07   3.1141049e-10   7.2183374e-10   6.9477111e-10
   7.5000000e+01   7.0303366e-08   6.2275238e-08   2.4261573e-08   1.0470872e-07   1.1589492e-07   4.4106143e-08   8.1473148e-08   8.6853058e-08   1.1246404e-07   2.7912624e-10   6.3795874e-10   6.2822442e-10
   7.6000000e+01   6.3915472e-08   5.7640744e-08   2.2783101e-08   1.0129577e-07   1.1021920e-07   4.0642899e-08   7.7234290e-08   8.1209709e-08   1.0428285e-07   2.6097840e-10   6.0024343e-10   5.7125008e-10
   7.7000000e+01   6.0799612e-08   5.1894539e-08   2.0398492e-08   8.7615860e-08   9.7209787e-08   3.8228421e-08   7.2785362e-08   7.7666006e-08   9.7310525e-08   2.3778472e-10   5.4957755e-10   4.9827147e-10
   7.8000000e+01   5.2048441e-08   5.5235596e-08   1.7487776e-08   8.2205952e-08   9.3277943e-08   3.5885438e-08   6.7485268e-08   7.1801764e-08   9.2497275e-08   2.1493285e-10   4.7847428e-10   4.3783746e-10
   7.9000000e+01   4.8477556e-08   4.2511650e-08   1.5863195e-08   7.8034337e-08   8.4295649e-08   3.2511112e-08   6.0881623e-08   6.8804021e-08   8.5138545e-08   1.9328065e-10   4.1764213e-10   4.0407890e-10
   8.0000000e+01   4.2287078e-08   4.4160153e-08   1.4698864e-08   7.3148285e-08   7.6545379e-08   3.1583373e-08   5.9783699e-08   6.4531978e-08   8.0865511e-08   1.7905375e-10   3.8157537e-10   3.6687080e-10
   8.1000000e+01   4.5269965e-08   3.8064406e-08   1.3546590e-08   6.5140014e-08   7.3913565e-08   2.9358678e-08   5.7902190e-08   6.0654219e-08   7.5446315e-08   1.6117274e-10   3.4634717e-10   3.2585460e-10
   8.2000000e+01   3.8265279e-08   3.9449103e-08   1.2433465e-08   6.6380077e-08   6.7705093e-08   2.7688931e-08   5.5220463e-08   5.6872714e-08   7.3248465e-08   1.4549629e-10   3.0671408e-10   2.8780463e-10
   8.3000000e+01   3.8688190e-08   3.9263066e-08   1.2669923e-08   6.0374328e-08   6.1334509e-08   2.4265396e-08   5.0506508e-08   5.5542307e-08   6.7543070e-08   1.3222072e-10   2.7314261e-10   2.7188702e-10
   8.4000000e+01   3.5578728e-08   3.3242559e-08   1.1609522e-08   5.7284226e-08   6.1561180e-08   2.3548798e-08   4.9691080e-08   5.1566866e-08   6.6699372e-08   1.2108568e-10   2.5036637e-10   2.5736458e-10
   8.5000000e+01   3.2374623e-08   3.2612398e-08   1.0911935e-08   5.4492244e-08   5.8603086e-08   2.3845968e-08   4.7549722e-08   5.1355527e-08   6.1779230e-08   1.1249837e-10   2.3469460e-10   2.2950797e-10
   8.6000000e+01   3.1752277e-08   2.6605936e-08   9.5869904e-09   5.3532525e-08   5.4329272e-08   2.2595897e-08   4.5935904e-08   4.9010440e-08   6.0834092e-08   1.0041455e-10   2.1116334e-10   2.0146725e-10
   8.7000000e+01   2.7534546e-08   2.5955255e-08   9.5696945e-09   5.1527185e-08   5.1342873e-08   2.1162033e-08   4.4239323e-08   4.7305777e-08   5.8701488e-08   9.1269713e-11   1.8840017e-10   1.8715331e-10
   8.8000000e+01   2.6931725e-08   2.5551677e-08   8.6449634e-09   5.1608494e-08   5.1788379e-08   2.0793530e-08   4.4569504e-08   4.5208449e-08   5.7440490e-08   8.2657113e-11   1.6987762e-10   1.7131339e-10
   8.9000000e+01   2.2918285e-08   2.3490486e-08   8.1470951e-09   4.6174709e-08   5.0162467e-08   2.0413375e-08   4.2948980e-08   4.3766281e-08   5.6401698e-08   7.2025483e-11   1.5097404e-10   1.4616075e-10
   9.0000000e+01   2.4190982e-08   2.2498527e-08   7.5513828e-09   4.2646694e-08   4.9225661e-08   1.8982805e-08   4.3698480e-08   4.3925647e-08   5.6496639e-08   6.5131228e-11   1.3468830e-10   1.2950898e-10
   9.1000000e+01   2.1189600e-08   2.2552209e-08   7.2514897e-09   3.9654820e-08   4.5319090e-08   1.6793970e-08   4.2176859e-08   4.3634364e-08   5.4832958e-08   5.7791252e-11   1.1480200e-10   1.1925832e-10
   9.2000000e+01   2.1154541e-08   2.0886291e-08   6.6596225e-09   4.1079486e-08   4.5181230e-08   1.7837531e-08   4.1277925e-08   4.2530406e-08   5.6941902e-08   5.0370024e-11   9.5947026e-11   1.0989397e-10
   9.3000000e+01   1.9679295e-08   2.0187737e-08   6.0316194e-09   3.9345713e-08   4.1854773e-08   1.6606392e-08   4.0849324e-08   4.2597224e-08   5.7174161e-08   4.3633759e-11   8.4331258e-11   9.6562683e-11
   9.4000000e+01   2.0003033e-08   1.6808962e-08   5.5174200e-09   3.9186892e-08   3.9202270e-08   1.5875142e-08   4.1829828e-08   4.3345666e-08   5.8550933e-08   3.8372766e-11   7.3877673e-11   8.5461988e-11
   9.5000000e+01   1.6895879e-08   1.6495699e-08   4.7913805e-09   4.1897582e-08   4.5469729e-08   1.6362247e-08   4.2719702e-08   4.8788304e-08   7.0237494e-08   3.4836549e-11   6.1043533e-11   7.6829492e-11
