    0.000000000000000E+00    1.454914148059508E-24    8.275179483104490E-24    4.380776855241797E-03    5.242208413151914E-01    2.606092528428796E-01    2.003410764256128E-03   -4.234159566452983E-03
    1.000000000000001E-02    1.747355844070155E-04    7.446724744120331E-06    4.648763401798484E-03    5.240267416222864E-01    2.359207958236533E-01    2.347559196688970E-03    4.332113750799699E-03
    2.000000000000002E-02    6.236659177805727E-04    4.995961873903031E-05    5.583704914578658E-03    5.230997411707392E-01    2.130217122382607E-01    2.860750872743137E-03    1.056709263226469E-02
    3.170012867189032E-02    1.325003703670294E-03    1.944855008507249E-04    7.138255620067757E-03    5.222886742311275E-01    1.978319731917342E-01    4.034837037873940E-03    1.570073067517486E-02
    4.200000000000004E-02    2.034673151249125E-03    4.267280337979708E-04    9.114790836006359E-03    5.235851883710296E-01    1.970513064220549E-01    5.625751396421852E-03    1.703077472406400E-02
    5.200000000000005E-02    2.822357355843574E-03    7.665540879606067E-04    1.123265583583172E-02    5.274263795346457E-01    1.955386659335332E-01    7.601244793123352E-03    1.862345765385442E-02
    6.311754253808521E-02    3.861258532680795E-03    1.287095338500764E-03    1.355193740443111E-02    5.357536027286081E-01    1.872275186652974E-01    9.762481712495330E-03    1.843388767311449E-02
    7.799999999999985E-02    5.555638532755869E-03    2.239698746915611E-03    1.595090148775813E-02    5.531189031069914E-01    1.767910183406061E-01    1.159999906510162E-02    1.103638459718415E-02
    9.423565988021565E-02    7.657992285921150E-03    3.596767647248492E-03    1.724253249290097E-02    5.735976678197794E-01    1.729404631534397E-01    1.180131717712224E-02   -4.795686408660960E-04
    1.099999999999999E-01    9.710795662082605E-03    5.258966113844438E-03    1.751942078583801E-02    5.850789955284732E-01    1.732398668240096E-01    1.060450659596074E-02    1.745390930451007E-04
    1.250373134078284E-01    1.183941397340676E-02    7.060092718919692E-03    1.739186306009632E-02    5.916437082749120E-01    1.727008666650676E-01    8.940503490874219E-03    1.121200453342303E-02
    1.399999999999997E-01    1.448669893703464E-02    9.059571570477709E-03    1.722466801909950E-02    6.045503002277108E-01    1.662520254622999E-01    7.133259310605433E-03    7.337558771739888E-03
    1.555047836260162E-01    1.784173105557119E-02    1.138794487196759E-02    1.698308725710251E-02    6.212649518075217E-01    1.561116999118939E-01    5.179709946829092E-03    9.181834707501224E-03
    1.856198409895775E-01    2.540081387903825E-02    1.681960649978276E-02    1.569751007431774E-02    6.610700085379051E-01    1.409341193877669E-01    2.447977204148799E-03    1.004308510095919E-02
    2.153637974678508E-01    3.279574949537922E-02    2.308918842098440E-02    1.386570152411409E-02    7.167515852182262E-01    1.296006464279857E-01    1.970998510914757E-03    5.426141318362721E-03
    2.447175680599312E-01    3.946658885291932E-02    3.015621490109055E-02    1.277088393362880E-02    7.688130226092689E-01    1.240782561172717E-01    2.485790157040049E-03    5.781820206205601E-03
    2.736617426859418E-01    4.619145843390138E-02    3.826965484074285E-02    1.241537389933062E-02    8.170196902390607E-01    1.238032839344476E-01    5.441088991751331E-03    8.885295026593243E-03
    3.021766687343224E-01    5.476686159453537E-02    4.739085676863208E-02    1.270338927452547E-02    8.695852591045430E-01    1.311992510458326E-01    9.473442555096134E-03    1.376356880347818E-02
    3.302425443665093E-01    6.550485387721938E-02    5.777045161080596E-02    1.286173661873630E-02    9.321711997440225E-01    1.459745408357085E-01    8.738766356109595E-03    1.234107290611008E-02
    3.578395224691082E-01    7.724504790263209E-02    7.019030072200882E-02    1.290297564728676E-02    9.983657101120791E-01    1.581074991692955E-01    5.967083593349271E-03    1.139367281998693E-02
    3.849478249010350E-01    8.932898128040101E-02    8.475411658916432E-02    1.208362551165454E-02    1.071546075193154E+00    1.756928309324630E-01    7.665499859438180E-03    1.164434006518289E-02
    4.115478664127252E-01    1.008716437432664E-01    1.010709522456263E-01    1.224015054097238E-02    1.157056017024537E+00    2.048189517021886E-01    8.169602608648519E-03    2.028249227990842E-02
    4.376203873215285E-01    1.143485581487420E-01    1.190976509557506E-01    1.349272574740451E-02    1.279369493616421E+00    2.167328123493526E-01    3.839666626529459E-03    1.051744462035581E-02
    4.631465937191983E-01    1.320131170894268E-01    1.395181391602165E-01    1.475275561360778E-02    1.413129906365910E+00    2.129400784526929E-01    2.921699081199769E-03    1.323817330865695E-02
    4.881083036737000E-01    1.526301383899868E-01    1.632617361966693E-01    1.540061794013969E-02    1.550824917627182E+00    2.375122060831929E-01    4.992358140953196E-03    2.660919024393882E-02
    5.124880975795527E-01    1.731394146527006E-01    1.886821731646542E-01    1.470829007312829E-02    1.729687147669090E+00    2.553210101376653E-01    5.609348757028260E-03    1.421761127124777E-02
    5.362694705219120E-01    1.909706565072469E-01    2.148685248558353E-01    1.392716888682982E-02    1.912903406476346E+00    2.459122280679349E-01    9.329919172759937E-03    2.313940856778984E-02
    5.594369842636553E-01    2.085032481661662E-01    2.434625583597922E-01    1.421438779500528E-02    2.116867912489866E+00    2.526081023497326E-01    1.762614713797517E-02    3.841133885363290E-02
    5.819764162566443E-01    2.291319158113794E-01    2.774337493623769E-01    1.549377235436444E-02    2.366187939001676E+00    2.672627212827958E-01    2.398211139674555E-02    4.488808370864517E-02
    6.038749029319419E-01    2.539367267663657E-01    3.200340416556049E-01    1.800604275075912E-02    2.641584804199539E+00    2.943891790332973E-01    2.561199666208214E-02    4.408392400133954E-02
    6.251210744525224E-01    2.829326470834772E-01    3.727639450337197E-01    2.149967332709790E-02    2.946145191228780E+00    3.458708788249734E-01    2.405119923127685E-02    4.638179580748236E-02
    6.457051781255032E-01    3.169582382450713E-01    4.375461453804821E-01    2.478919766100474E-02    3.309251232469776E+00    3.988769010221862E-01    2.207867764219695E-02    4.917111109251904E-02
    6.656191877771569E-01    3.532524574054978E-01    5.158744007581113E-01    2.930385729745200E-02    3.710404293939234E+00    4.576088195294563E-01    2.434041900574102E-02    6.819002621836168E-02
    6.848568965950577E-01    3.917654799465815E-01    6.099246647951766E-01    3.504140402767919E-02    4.160259476520736E+00    5.040614584140855E-01    2.825973844630614E-02    8.324832801292370E-02
    7.034139912363955E-01    4.344301886922626E-01    7.242101428489676E-01    4.225525526226259E-02    4.662253887112200E+00    5.419139374019579E-01    2.126940003085420E-02    1.148186005050955E-01
    7.212881053823921E-01    4.793989493994015E-01    8.630962217507339E-01    5.058674075818947E-02    5.273193429397679E+00    5.854952908510427E-01    7.889156996769231E-03    1.106383891071263E-01
    7.384788513743956E-01    5.209363794589592E-01    1.026317519493894E+00    6.188814720918656E-02    5.981194463196545E+00    5.953395675825490E-01   -2.639218563199874E-04    1.139899968573101E-01
    7.549878290806298E-01    5.631710822824623E-01    1.221204613786824E+00    8.019305223467255E-02    6.752728424506245E+00    6.015615183958651E-01   -1.080274190062347E-02    1.377430015319687E-01
    7.708186116941320E-01    6.121441091036104E-01    1.456242339610341E+00    1.044444995852674E-01    7.616012945849292E+00    6.309910962789864E-01   -3.497211763189090E-02    1.302587742961991E-01
    7.859767087290663E-01    6.579685719901285E-01    1.731726163458021E+00    1.360704858498911E-01    8.514086319852709E+00    6.568649721614293E-01   -6.954208236073267E-02    1.855870627125213E-01
    8.004695070408161E-01    6.977826707528862E-01    2.060198462634119E+00    1.830704180221181E-01    9.514254084033837E+00    6.411542953583194E-01   -9.894103531323140E-02    2.114517942562912E-01
    8.143061912216325E-01    7.312226059150788E-01    2.459377542399622E+00    2.520195396750751E-01    1.057108723941599E+01    5.454022039657644E-01   -1.194750158478461E-01    2.084502724801025E-01
    8.274976451965728E-01    7.574142009467337E-01    2.944034300346758E+00    3.488019335554693E-01    1.167411552833141E+01    3.947284686292658E-01   -1.294064220649798E-01    2.045822969138467E-01
    8.400563372459544E-01    7.778177108083746E-01    3.527635182831744E+00    4.838503604635598E-01    1.275842287714676E+01    1.854444333150846E-01   -1.304291867824778E-01    2.085461587002317E-01
    8.519961909963207E-01    7.918178468149755E-01    4.236083708035949E+00    6.694019631518842E-01    1.387427521463513E+01   -1.010971282811770E-01   -1.386556903182434E-01    2.025573797196198E-01
    8.633324451431648E-01    7.983064577791055E-01    5.098271874606979E+00    9.143185131310290E-01    1.496950910170449E+01   -4.103793380851073E-01   -1.580863338223244E-01    1.140493843371426E-01
    8.740815047915476E-01    7.956140043546505E-01    6.131628513114691E+00    1.222277233578680E+00    1.596232377262481E+01   -7.803765611502911E-01   -1.715104866290327E-01   -7.578093130276242E-03
    8.842607873264363E-01    7.872822019302674E-01    7.341835785590320E+00    1.589943219333676E+00    1.682593222571802E+01   -1.232716136319276E+00   -1.685680486918821E-01   -1.264669876741698E-01
    8.938885656596867E-01    7.821051326897610E-01    8.721589027360096E+00    2.006622148430878E+00    1.750596530796463E+01   -1.701632193994897E+00   -1.529225423584268E-01   -3.091133839021030E-01
    9.029838115542290E-01    8.060257792416969E-01    1.025521915540867E+01    2.440265491600869E+00    1.801351548073546E+01   -2.177438664001855E+00   -1.283713574582031E-01   -4.822816482360821E-01
    9.115660415120352E-01    9.067213687239786E-01    1.191564091013572E+01    2.825177601612992E+00    1.835169329899577E+01   -2.516610795846347E+00   -1.046031717466529E-01   -6.881045628185127E-01
    9.196551674448159E-01    1.155162309777644E+00    1.364433600346257E+01    3.060534017173950E+00    1.848219722916167E+01   -2.586255382161184E+00   -8.403906899947078E-02   -9.802363088539039E-01
    9.272713540412347E-01    1.652190957755273E+00    1.534608917906820E+01    3.025344069924230E+00    1.842426231671072E+01   -2.366892570428661E+00   -6.741186184176140E-02   -1.325332636707181E+00
    9.344348844170156E-01    2.523581416814224E+00    1.688397891949512E+01    2.611937422198096E+00    1.813298325509993E+01   -1.844370049097137E+00   -5.082656385491635E-02   -1.383130983608034E+00
    9.411660352991831E-01    3.907326265205668E+00    1.808215367039929E+01    1.775114807163540E+00    1.761944322670320E+01   -1.141251517816720E+00   -3.534952338223407E-02   -1.123296909466731E+00
    9.474849626654169E-01    5.907582204984635E+00    1.875183914161630E+01    5.873977016584782E-01    1.691137263817745E+01   -4.706698135739149E-01   -1.997270247076099E-02   -2.002410512387094E-01
    9.534115984454097E-01    8.537085884672706E+00    1.872324525939132E+01   -7.502119569974646E-01    1.608957046666580E+01   -1.099950010196116E-01    4.450775522983896E-04    1.294353796190599E+00
    9.589655586009940E-01    1.165608746887199E+01    1.788703509742709E+01   -1.943186168358537E+00    1.531229416225739E+01   -2.775834215392425E-01    2.959303965236737E-02    3.263651718790285E+00
    9.641660626425548E-01    1.493540799860631E+01    1.623311154986345E+01   -2.708829326031790E+00    1.479811055207676E+01   -9.333487930369415E-01    7.591959160940887E-02    5.045543308832890E+00
    9.690318644139317E-01    1.788234498459599E+01    1.387665008557087E+01   -2.897564246004094E+00    1.475404177322309E+01   -1.699061875828953E+00    1.414360021698160E-01    5.783502342274659E+00
    9.735811937892969E-01    1.993427122424998E+01    1.105287216380452E+01   -2.559749490073202E+00    1.520896670004896E+01   -1.967980441526286E+00    2.261985160141800E-01    4.746058738258824E+00
    9.778317087729391E-01    2.062006538727996E+01    8.077319471185547E+00   -1.911411252813437E+00    1.587740595592709E+01   -1.303175021791759E+00    3.267666213523057E-01    2.019435256399163E+00
    9.818004573753960E-01    1.971373857141862E+01    5.282788818767926E+00   -1.214757125465660E+00    1.617694906267593E+01    1.905186986056844E-01    4.360039825459339E-01   -1.155005435951189E+00
    9.855038485545684E-01    1.731799374246975E+01    2.954103373259343E+00   -6.571805451228201E-01    1.546064038504960E+01    1.842124742860250E+00    5.414345687110185E-01   -2.805690357554184E+00
    9.889576314552073E-01    1.383288960408879E+01    1.274852560150165E+00   -3.012733409298818E-01    1.337024348613272E+01    2.842255100914969E+00    6.222156929102809E-01   -1.218145931335343E+00
    9.921768821508081E-01    9.824108953770462E+00    2.964562112760003E-01   -1.149397127361165E-01    1.008081721984445E+01    2.803879593436761E+00    6.469302165816870E-01    4.258442401148784E+00
    9.951759970847149E-01    5.847966301095141E+00   -7.210932145229565E-02   -3.363154662845891E-02    6.230049857473688E+00    1.961444657907634E+00    5.726514595003565E-01    1.358269678497123E+01
    9.979686924184001E-01    2.309833775868000E+00   -5.628662170264187E-02   -4.874687763405661E-03    2.527544442749289E+00    8.393019765915852E-01    3.556770019121434E-01    2.638316167007861E+01
    1.000000000000000E+00    0.000000000000000E+00    0.000000000000000E+00    0.000000000000000E+00   -2.902579738876771E-23   -1.527673096053744E-02    1.331731202017297E-01    3.760458507195858E+01
