   0.0000000e+00   1.0000000e+00   1.0000000e+00   1.0000000e+00
   3.5164395e-02   7.7882995e-01   9.3761804e-01   8.9734955e-01
   7.0328790e-02   3.5670509e-01   7.8872695e-01   6.7036436e-01
   1.0549318e-01   1.9482154e-02   6.1443391e-01   4.2771644e-01
   1.4065758e-01  -1.6887582e-01   4.5195900e-01   2.1950206e-01
   1.7582197e-01  -2.3544025e-01   3.1740030e-01   6.4260734e-02
   2.1098637e-01  -2.3283076e-01   2.1326228e-01  -3.9877064e-02
   2.4615076e-01  -1.9028385e-01   1.3758495e-01  -9.8089092e-02
   2.8131516e-01  -1.3726977e-01   8.5006709e-02  -1.2267156e-01
   3.1647955e-01  -8.3425248e-02   5.0623029e-02  -1.2285221e-01
   3.5164395e-01  -3.9727807e-02   2.9237584e-02  -1.0952738e-01
   3.8680834e-01  -6.6776031e-03   1.6748081e-02  -9.0075141e-02
   4.2197274e-01   1.4674837e-02   9.8275962e-03  -7.0505122e-02
   4.5713713e-01   2.5570398e-02   5.9474087e-03  -5.4597027e-02
   4.9230153e-01   2.8016288e-02   3.3812056e-03  -4.3745282e-02
   5.2746592e-01   2.3742801e-02   9.9550179e-04  -3.7994299e-02
   5.6263032e-01   1.5501352e-02  -1.5124768e-03  -3.5545078e-02
   5.9779471e-01   3.9600756e-03  -4.1293662e-03  -3.5367016e-02
   6.3295911e-01  -6.4576080e-03  -6.4833127e-03  -3.5666913e-02
   6.6812350e-01  -1.3706909e-02  -8.5017052e-03  -3.6248415e-02
   7.0328790e-01  -1.4794335e-02  -1.0016329e-02  -3.6024925e-02
   7.3845229e-01  -1.1919625e-02  -1.1117844e-02  -3.5145376e-02
   7.7361669e-01  -6.2383756e-03  -1.1986001e-02  -3.4017634e-02
   8.0878108e-01  -8.6284639e-04  -1.3038093e-02  -3.3772929e-02
   8.4394548e-01   3.8119454e-03  -1.4479211e-02  -3.4754039e-02
   8.7910987e-01   6.5300883e-03  -1.6484906e-02  -3.6837080e-02
   9.1427427e-01   6.9161261e-03  -1.9237803e-02  -3.9424621e-02
   9.4943866e-01   4.4894248e-03  -2.2899875e-02  -4.1845135e-02
   9.8460306e-01  -3.2853496e-04  -2.7485016e-02  -4.3878943e-02
   1.0197675e+00  -5.7214922e-03  -3.2809117e-02  -4.5032166e-02
   1.0549318e+00  -9.6564820e-03  -3.8396115e-02  -4.4972790e-02
   1.0900962e+00  -1.0383054e-02  -4.3497677e-02  -4.3135439e-02
   1.1252606e+00  -9.1549624e-03  -4.7434422e-02  -4.0351277e-02
   1.1604250e+00  -6.8359947e-03  -4.9675377e-02  -3.7571011e-02
   1.1955894e+00  -4.4920782e-03  -5.0058859e-02  -3.5314177e-02
   1.2307538e+00  -1.2639861e-03  -4.8764980e-02  -3.3157375e-02
   1.2659182e+00   2.8357611e-03  -4.6340398e-02  -3.0835218e-02
   1.3010826e+00   7.3258728e-03  -4.3497896e-02  -2.8341879e-02
   1.3362470e+00   9.5287139e-03  -4.0883438e-02  -2.6248406e-02
   1.3714114e+00   7.6910243e-03  -3.8768752e-02  -2.5664363e-02
   1.4065758e+00   1.5802241e-03  -3.7172761e-02  -2.7456384e-02
   1.4417402e+00  -5.8278092e-03  -3.5920796e-02  -3.1583674e-02
   1.4769046e+00  -1.0890268e-02  -3.4750180e-02  -3.7141756e-02
   1.5120690e+00  -1.1401720e-02  -3.3386478e-02  -4.3048808e-02
   1.5472334e+00  -8.5630426e-03  -3.1834731e-02  -4.8181765e-02
   1.5823978e+00  -4.6863152e-03  -3.0322510e-02  -5.2167600e-02
   1.6175622e+00  -1.6909247e-04  -2.9199512e-02  -5.4806990e-02
   1.6527266e+00   3.8487455e-03  -2.8813377e-02  -5.5820153e-02
   1.6878910e+00   6.3283091e-03  -2.9323845e-02  -5.4762546e-02
   1.7230553e+00   6.2936403e-03  -3.0813319e-02  -5.1734820e-02
   1.7582197e+00   5.0664261e-03  -3.3269328e-02  -4.7617186e-02
   1.7933841e+00   4.1241161e-03  -3.6486482e-02  -4.3434997e-02
   1.8285485e+00   4.0225536e-03  -4.0034727e-02  -3.9855387e-02
   1.8637129e+00   3.2246882e-03  -4.3451911e-02  -3.7116126e-02
   1.8988773e+00   5.2857772e-04  -4.6267412e-02  -3.4770659e-02
   1.9340417e+00  -3.9267177e-03  -4.8131768e-02  -3.1910547e-02
   1.9692061e+00  -8.4469221e-03  -4.8857505e-02  -2.7985331e-02
   2.0043705e+00  -1.1357670e-02  -4.8468977e-02  -2.2975639e-02
   2.0395349e+00  -1.0876987e-02  -4.7018338e-02  -1.6824552e-02
   2.0746993e+00  -6.5469927e-03  -4.4638025e-02  -9.4703915e-03
   2.1098637e+00  -8.2064852e-05  -4.1524462e-02  -1.4178482e-03
   2.1450281e+00   5.3110723e-03  -3.7975380e-02   6.6188957e-03
   2.1801925e+00   7.2243828e-03  -3.4246376e-02   1.3799451e-02
   2.2153569e+00   5.5675361e-03  -3.0407340e-02   1.9240339e-02
   2.2505213e+00   1.3328643e-03  -2.6508662e-02   2.2737119e-02
   2.2856857e+00  -2.4875874e-03  -2.2705281e-02   2.4828334e-02
   2.3208501e+00  -3.7361363e-03  -1.9188647e-02   2.6230457e-02
   2.3560145e+00  -1.7603844e-03  -1.5909014e-02   2.7541080e-02
   2.3911788e+00   2.3635396e-03  -1.2711450e-02   2.9074463e-02
   2.4263432e+00   7.6397174e-03  -9.5497789e-03   3.0741807e-02
   2.4615076e+00   1.1744626e-02  -6.6792872e-03   3.2227209e-02
   2.4966720e+00   1.3072562e-02  -4.4314977e-03   3.3212892e-02
   2.5318364e+00   1.1517153e-02  -3.1267192e-03   3.3145795e-02
   2.5670008e+00   8.3878934e-03  -2.8464858e-03   3.1726701e-02
   2.6021652e+00   5.3187969e-03  -3.3633553e-03   2.9171219e-02
   2.6373296e+00   2.8302158e-03  -4.0661883e-03   2.6544106e-02
   2.6724940e+00   8.7234547e-05  -4.2351667e-03   2.4924397e-02
   2.7076584e+00  -3.0472252e-03  -3.5922918e-03   2.4514180e-02
   2.7428228e+00  -5.6819271e-03  -2.4576153e-03   2.4896878e-02
   2.7779872e+00  -7.7412335e-03  -1.4889289e-03   2.5508530e-02
