   1.0000000e+00   7.7592985e-04   7.1739828e-04   6.0824514e-04   3.0923336e-04   5.8415203e-04   1.0746043e-03   1.3473631e-05   2.7953246e-04   5.1117260e-04   8.6452617e-08   1.7154972e-05   1.6549472e-04
   2.0000000e+00   1.9067364e-04   1.4717769e-04   1.3799676e-04   2.6407828e-04   3.2467267e-04   9.5481349e-04   1.7266676e-05   3.0435136e-04   1.2574736e-03   8.6989550e-08   2.5231931e-05   2.0807511e-04
   3.0000000e+00   4.5381352e-05   3.1539464e-05   3.1441019e-05   2.0799036e-04   2.0263268e-04   3.7332492e-04   1.8751232e-05   2.2721323e-04   8.1767446e-04   9.1804253e-08   2.0753658e-05   1.8393569e-04
   4.0000000e+00   1.1057031e-05   6.7582764e-06   8.0341233e-06   1.4056123e-04   1.0277018e-04   2.3702023e-04   2.2065718e-05   2.2751618e-04   9.7804815e-04   9.9185281e-08   2.4261169e-05   1.3650909e-04
   5.0000000e+00   3.0661319e-06   1.6907616e-06   2.5094741e-06   9.6310302e-05   5.9310404e-05   1.1469998e-04   2.6030998e-05   1.8457718e-04   1.1224201e-03   1.1278838e-07   2.6188599e-05   2.1766018e-04
   6.0000000e+00   9.1634570e-07   4.5732179e-07   7.7125065e-07   6.2112231e-05   3.1479126e-05   6.5049441e-05   2.9334287e-05   1.7589444e-04   9.0065041e-04   1.3178132e-07   2.7367211e-05   1.5970795e-04
   7.0000000e+00   2.8270997e-07   1.3016475e-07   2.8111264e-07   3.6302794e-05   1.8415350e-05   3.9711118e-05   3.7112863e-05   1.7662655e-04   1.0083638e-03   1.5061724e-07   3.0003832e-05   2.0469865e-04
   8.0000000e+00   9.6896536e-08   4.2768539e-08   1.0259516e-07   2.4395805e-05   1.0574042e-05   2.4069448e-05   3.8233974e-05   1.3576992e-04   1.0087647e-03   1.7985292e-07   3.1055229e-05   2.1865435e-04
   9.0000000e+00   3.4682122e-08   1.4504397e-08   3.7950056e-08   1.5492950e-05   6.4467626e-06   1.6081501e-05   4.6248227e-05   1.1513541e-04   9.2145662e-04   2.2136970e-07   3.0911060e-05   1.9653087e-04
   1.0000000e+01   1.2246981e-08   4.9208366e-09   1.5423775e-08   9.7965534e-06   3.9974861e-06   9.7919595e-06   4.7008095e-05   1.0073803e-04   7.9822775e-04   2.4387234e-07   3.0738246e-05   1.9901488e-04
   1.1000000e+01   4.9309812e-09   1.7902580e-09   5.9384966e-09   6.4505335e-06   2.4675393e-06   6.7917209e-06   4.8906094e-05   8.5012751e-05   7.0522670e-04   2.7804266e-07   2.8031982e-05   1.8345073e-04
   1.2000000e+01   1.8781372e-09   6.7553657e-10   2.5090077e-09   4.4380888e-06   1.5425192e-06   4.6835834e-06   5.0050321e-05   7.3673244e-05   6.5804535e-04   3.4527114e-07   3.0129509e-05   1.6485676e-04
   1.3000000e+01   8.0517920e-10   2.8410394e-10   1.2462743e-09   2.9531653e-06   1.0179607e-06   3.1201877e-06   5.1878873e-05   6.1921344e-05   5.6366835e-04   3.3922240e-07   2.5337251e-05   1.6794512e-04
   1.4000000e+01   3.7138570e-10   1.1808294e-10   6.1229144e-10   1.9244716e-06   6.5572897e-07   2.2220595e-06   4.2059607e-05   4.7221090e-05   4.3489382e-04   3.3032550e-07   2.0602862e-05   1.2801104e-04
   1.5000000e+01   1.2930656e-10   6.8583091e-11   5.7547427e-11   1.3818604e-06   4.5186983e-07   1.5702741e-06   3.7291037e-05   3.7004339e-05   3.7893171e-04   3.2978049e-07   1.7159611e-05   1.0421711e-04
   1.6000000e+01   1.6519553e-12   5.2537266e-12   5.0805274e-12   9.4782110e-07   3.0368725e-07   1.0817421e-06   3.5073836e-05   3.3361448e-05   3.1295423e-04   3.4242192e-07   1.5743875e-05   8.9683024e-05
   1.7000000e+01   0.0000000e+00   0.0000000e+00   0.0000000e+00   6.5775561e-07   2.1134460e-07   7.9555491e-07   3.0855281e-05   2.6995699e-05   2.3345642e-04   3.3333918e-07   1.3280153e-05   7.6415770e-05
   1.8000000e+01   0.0000000e+00   0.0000000e+00   0.0000000e+00   4.7919938e-07   1.4359084e-07   5.5939927e-07   2.9737776e-05   2.2816580e-05   2.1321862e-04   3.2884342e-07   1.1795876e-05   7.4981423e-05
   1.9000000e+01   0.0000000e+00   0.0000000e+00   0.0000000e+00   3.3278092e-07   9.7544910e-08   4.0615704e-07   2.4595384e-05   1.7725001e-05   1.7343050e-04   3.0766265e-07   9.5639732e-06   5.5411300e-05
   2.0000000e+01   0.0000000e+00   0.0000000e+00   0.0000000e+00   2.4369057e-07   7.0730937e-08   2.9436882e-07   2.3560867e-05   1.6096778e-05   1.5789772e-04   3.3088932e-07   9.3187965e-06   5.5235367e-05
   2.1000000e+01   0.0000000e+00   0.0000000e+00   0.0000000e+00   1.7113285e-07   4.8915845e-08   2.2105077e-07   2.1956088e-05   1.3058253e-05   1.2777633e-04   3.3850554e-07   8.2628477e-06   4.7886209e-05
   2.2000000e+01   0.0000000e+00   0.0000000e+00   0.0000000e+00   1.3139946e-07   3.5219094e-08   1.6050214e-07   1.7271238e-05   1.1712371e-05   1.1021443e-04   3.1424024e-07   6.9119547e-06   3.3416102e-05
   2.3000000e+01   0.0000000e+00   0.0000000e+00   0.0000000e+00   9.5020092e-08   2.5434622e-08   1.1732458e-07   1.6466214e-05   9.2830155e-06   9.2915975e-05   3.0627000e-07   5.9950206e-06   3.1430461e-05
   2.4000000e+01   0.0000000e+00   0.0000000e+00   0.0000000e+00   6.8187119e-08   1.8123973e-08   8.7956282e-08   1.4670103e-05   8.1567212e-06   8.4507723e-05   2.9104568e-07   5.1727973e-06   2.7890379e-05
   2.5000000e+01   0.0000000e+00   0.0000000e+00   0.0000000e+00   5.1054854e-08   1.2839378e-08   6.5544729e-08   1.3005829e-05   6.7653870e-06   7.3274902e-05   2.6921865e-07   4.2971942e-06   2.2956694e-05
   2.6000000e+01   0.0000000e+00   0.0000000e+00   0.0000000e+00   3.6768194e-08   9.3916511e-09   4.9342122e-08   1.1335960e-05   5.8419792e-06   6.0717534e-05   2.4493140e-07   3.5740052e-06   1.9160650e-05
   2.7000000e+01   0.0000000e+00   0.0000000e+00   0.0000000e+00   2.7156015e-08   6.7080547e-09   3.6960969e-08   9.9947225e-06   4.9867027e-06   5.2396868e-05   2.5018388e-07   3.2540175e-06   1.6451027e-05
   2.8000000e+01   0.0000000e+00   0.0000000e+00   0.0000000e+00   2.0808096e-08   5.0876826e-09   2.7061339e-08   9.1040187e-06   4.2806229e-06   4.9614333e-05   2.2732183e-07   2.8001628e-06   1.5127272e-05
   2.9000000e+01   0.0000000e+00   0.0000000e+00   0.0000000e+00   1.5462622e-08   3.7803419e-09   2.0968590e-08   8.5642139e-06   3.7530367e-06   4.2418767e-05   2.1001545e-07   2.3168929e-06   1.2545635e-05
   3.0000000e+01   0.0000000e+00   0.0000000e+00   0.0000000e+00   1.2052812e-08   2.8854611e-09   1.6389560e-08   7.4759757e-06   3.1436405e-06   3.5234008e-05   1.9636876e-07   2.0518251e-06   1.0780367e-05
   3.1000000e+01   0.0000000e+00   0.0000000e+00   0.0000000e+00   9.4312554e-09   2.2381212e-09   1.2735552e-08   6.3700373e-06   2.7767053e-06   3.1716735e-05   1.7824714e-07   1.7353338e-06   9.4280013e-06
   3.2000000e+01   0.0000000e+00   0.0000000e+00   0.0000000e+00   7.4888832e-09   1.8245776e-09   1.0460258e-08   5.7400775e-06   2.3955047e-06   2.7228200e-05   1.6478267e-07   1.4818583e-06   8.4847907e-06
   3.3000000e+01   0.0000000e+00   0.0000000e+00   0.0000000e+00   6.4710040e-09   1.6649491e-09   1.0472234e-08   5.2119908e-06   2.0647354e-06   2.5227191e-05   1.6176003e-07   1.3428133e-06   6.9428241e-06
   3.4000000e+01   0.0000000e+00   0.0000000e+00   0.0000000e+00   5.5790224e-09   1.4246687e-09   9.4216470e-09   4.6560890e-06   1.8225112e-06   2.2396170e-05   1.4307450e-07   1.0927771e-06   6.0844426e-06
   3.5000000e+01   0.0000000e+00   0.0000000e+00   0.0000000e+00   3.4061009e-09   8.6387666e-10   2.0414806e-09   4.0190174e-06   1.6078356e-06   2.0429963e-05   1.3664199e-07   9.7414105e-07   5.0988094e-06
   3.6000000e+01   0.0000000e+00   0.0000000e+00   0.0000000e+00   3.1857393e-09   7.5040809e-10   2.0320250e-09   3.7942872e-06   1.3611285e-06   1.7634142e-05   1.2586498e-07   8.5540716e-07   4.4308921e-06
   3.7000000e+01   0.0000000e+00   0.0000000e+00   0.0000000e+00   3.6242983e-11   7.3475759e-11   1.3813949e-11   3.3498029e-06   1.2135309e-06   1.5525751e-05   1.1791963e-07   7.3553925e-07   3.9515265e-06
   3.8000000e+01   0.0000000e+00   0.0000000e+00   0.0000000e+00   3.3039266e-11   6.3752432e-11   1.0968031e-11   2.9468647e-06   1.0127958e-06   1.3732926e-05   1.0262030e-07   6.2316473e-07   3.5019497e-06
   3.9000000e+01   0.0000000e+00   0.0000000e+00   0.0000000e+00   0.0000000e+00   0.0000000e+00   0.0000000e+00   2.6599966e-06   9.4280884e-07   1.2535835e-05   9.5424943e-08   5.4331032e-07   2.9440604e-06
   4.0000000e+01   0.0000000e+00   0.0000000e+00   0.0000000e+00   0.0000000e+00   0.0000000e+00   0.0000000e+00   2.4330565e-06   7.8859959e-07   1.1236735e-05   8.8777858e-08   4.8389363e-07   2.6401774e-06
   4.1000000e+01   0.0000000e+00   0.0000000e+00   0.0000000e+00   0.0000000e+00   0.0000000e+00   0.0000000e+00   2.1160189e-06   7.0724106e-07   9.8098134e-06   8.4289544e-08   4.2644309e-07   2.2289969e-06
   4.2000000e+01   0.0000000e+00   0.0000000e+00   0.0000000e+00   0.0000000e+00   0.0000000e+00   0.0000000e+00   1.8643201e-06   6.3065668e-07   8.9655335e-06   7.6372913e-08   3.5683933e-07   1.9574710e-06
   4.3000000e+01   0.0000000e+00   0.0000000e+00   0.0000000e+00   0.0000000e+00   0.0000000e+00   0.0000000e+00   1.7141417e-06   5.6184660e-07   7.9683520e-06   7.2078678e-08   3.2527240e-07   1.7582334e-06
   4.4000000e+01   0.0000000e+00   0.0000000e+00   0.0000000e+00   0.0000000e+00   0.0000000e+00   0.0000000e+00   1.5075232e-06   4.9641387e-07   7.2656733e-06   6.3288656e-08   2.6658245e-07   1.4524650e-06
   4.5000000e+01   0.0000000e+00   0.0000000e+00   0.0000000e+00   0.0000000e+00   0.0000000e+00   0.0000000e+00   1.3760571e-06   4.3816515e-07   6.6245404e-06   5.8425691e-08   2.3694532e-07   1.3170379e-06
   4.6000000e+01   0.0000000e+00   0.0000000e+00   0.0000000e+00   0.0000000e+00   0.0000000e+00   0.0000000e+00   1.2238398e-06   3.8022491e-07   6.0664651e-06   5.4464225e-08   2.0607036e-07   1.1718663e-06
   4.7000000e+01   0.0000000e+00   0.0000000e+00   0.0000000e+00   0.0000000e+00   0.0000000e+00   0.0000000e+00   1.1097629e-06   3.3927843e-07   5.0232316e-06   4.9401534e-08   1.7994045e-07   1.0510576e-06
   4.8000000e+01   0.0000000e+00   0.0000000e+00   0.0000000e+00   0.0000000e+00   0.0000000e+00   0.0000000e+00   1.0100020e-06   3.0325349e-07   4.7978745e-06   4.5606793e-08   1.5884740e-07   9.2444654e-07
   4.9000000e+01   0.0000000e+00   0.0000000e+00   0.0000000e+00   0.0000000e+00   0.0000000e+00   0.0000000e+00   8.9299180e-07   2.7339870e-07   4.3982956e-06   4.1910107e-08   1.3821249e-07   8.4089224e-07
   5.0000000e+01   0.0000000e+00   0.0000000e+00   0.0000000e+00   0.0000000e+00   0.0000000e+00   0.0000000e+00   8.0938577e-07   2.4167460e-07   3.9635860e-06   3.7357114e-08   1.1922893e-07   7.0870248e-07
   5.1000000e+01   0.0000000e+00   0.0000000e+00   0.0000000e+00   0.0000000e+00   0.0000000e+00   0.0000000e+00   7.5573355e-07   2.2095627e-07   3.6317392e-06   3.3051091e-08   1.0008628e-07   5.7952200e-07
   5.2000000e+01   0.0000000e+00   0.0000000e+00   0.0000000e+00   0.0000000e+00   0.0000000e+00   0.0000000e+00   6.5209101e-07   1.9792092e-07   3.2611725e-06   3.1143094e-08   8.9488587e-08   5.1669003e-07
   5.3000000e+01   0.0000000e+00   0.0000000e+00   0.0000000e+00   0.0000000e+00   0.0000000e+00   0.0000000e+00   6.0234453e-07   1.7028296e-07   2.8967364e-06   2.8598066e-08   8.0002186e-08   4.7371288e-07
   5.4000000e+01   0.0000000e+00   0.0000000e+00   0.0000000e+00   0.0000000e+00   0.0000000e+00   0.0000000e+00   5.2646870e-07   1.5207641e-07   2.7527040e-06   2.5839863e-08   7.0776174e-08   4.1466582e-07
   5.5000000e+01   0.0000000e+00   0.0000000e+00   0.0000000e+00   0.0000000e+00   0.0000000e+00   0.0000000e+00   4.9756260e-07   1.4073991e-07   2.3688671e-06   2.3811238e-08   6.3112320e-08   3.9022063e-07
   5.6000000e+01   0.0000000e+00   0.0000000e+00   0.0000000e+00   0.0000000e+00   0.0000000e+00   0.0000000e+00   4.4007654e-07   1.2683957e-07   2.1857817e-06   2.1188266e-08   5.4182697e-08   3.3791616e-07
   5.7000000e+01   0.0000000e+00   0.0000000e+00   0.0000000e+00   0.0000000e+00   0.0000000e+00   0.0000000e+00   4.0229144e-07   1.1431278e-07   1.9874029e-06   1.9279371e-08   4.7482020e-08   2.8807316e-07
   5.8000000e+01   0.0000000e+00   0.0000000e+00   0.0000000e+00   0.0000000e+00   0.0000000e+00   0.0000000e+00   3.7212636e-07   1.0448440e-07   1.8415437e-06   1.7284569e-08   4.1589905e-08   2.5774414e-07
   5.9000000e+01   0.0000000e+00   0.0000000e+00   0.0000000e+00   0.0000000e+00   0.0000000e+00   0.0000000e+00   3.3804857e-07   9.6167323e-08   1.7238616e-06   1.6196991e-08   3.7313230e-08   2.3318234e-07
   6.0000000e+01   0.0000000e+00   0.0000000e+00   0.0000000e+00   0.0000000e+00   0.0000000e+00   0.0000000e+00   3.1248859e-07   8.8502374e-08   1.6042779e-06   1.4908166e-08   3.2959516e-08   2.0969275e-07
   6.1000000e+01   0.0000000e+00   0.0000000e+00   0.0000000e+00   0.0000000e+00   0.0000000e+00   0.0000000e+00   2.8873990e-07   8.3217907e-08   1.5348710e-06   1.4069315e-08   2.9873390e-08   1.8684124e-07
   6.2000000e+01   0.0000000e+00   0.0000000e+00   0.0000000e+00   0.0000000e+00   0.0000000e+00   0.0000000e+00   2.7711838e-07   7.8292044e-08   1.4341988e-06   1.2508301e-08   2.5564040e-08   1.7155608e-07
   6.3000000e+01   0.0000000e+00   0.0000000e+00   0.0000000e+00   0.0000000e+00   0.0000000e+00   0.0000000e+00   2.5734035e-07   7.4919214e-08   1.3120382e-06   1.1366958e-08   2.2818729e-08   1.5593719e-07
   6.4000000e+01   0.0000000e+00   0.0000000e+00   0.0000000e+00   0.0000000e+00   0.0000000e+00   0.0000000e+00   2.4120157e-07   6.7896274e-08   1.2460971e-06   1.0670502e-08   2.0420557e-08   1.4272866e-07
   6.5000000e+01   0.0000000e+00   0.0000000e+00   0.0000000e+00   0.0000000e+00   0.0000000e+00   0.0000000e+00   2.2813424e-07   6.5714772e-08   1.2222422e-06   9.3653766e-09   1.7620141e-08   1.2775719e-07
   6.6000000e+01   0.0000000e+00   0.0000000e+00   0.0000000e+00   0.0000000e+00   0.0000000e+00   0.0000000e+00   2.2800915e-07   6.2997030e-08   1.1603309e-06   8.7611239e-09   1.6442519e-08   1.1850928e-07
   6.7000000e+01   0.0000000e+00   0.0000000e+00   0.0000000e+00   0.0000000e+00   0.0000000e+00   0.0000000e+00   2.0669110e-07   5.8926476e-08   1.1086847e-06   8.2172621e-09   1.4809668e-08   1.0919414e-07
   6.8000000e+01   0.0000000e+00   0.0000000e+00   0.0000000e+00   0.0000000e+00   0.0000000e+00   0.0000000e+00   1.9654092e-07   5.4714772e-08   1.0897419e-06   7.1166064e-09   1.2839858e-08   9.7109940e-08
   6.9000000e+01   0.0000000e+00   0.0000000e+00   0.0000000e+00   0.0000000e+00   0.0000000e+00   0.0000000e+00   1.9107698e-07   5.1290474e-08   1.0116549e-06   6.2744217e-09   1.1144610e-08   9.3246940e-08
   7.0000000e+01   0.0000000e+00   0.0000000e+00   0.0000000e+00   0.0000000e+00   0.0000000e+00   0.0000000e+00   1.8059996e-07   4.7230850e-08   9.9131316e-07   5.9765296e-09   1.0109150e-08   8.5807626e-08
   7.1000000e+01   0.0000000e+00   0.0000000e+00   0.0000000e+00   0.0000000e+00   0.0000000e+00   0.0000000e+00   1.6482597e-07   4.1334110e-08   8.9064025e-07   5.5605390e-09   9.3264650e-09   7.8177451e-08
   7.2000000e+01   0.0000000e+00   0.0000000e+00   0.0000000e+00   0.0000000e+00   0.0000000e+00   0.0000000e+00   1.5097590e-07   3.5301385e-08   8.1595024e-07   4.9748789e-09   8.2955049e-09   7.3004035e-08
   7.3000000e+01   0.0000000e+00   0.0000000e+00   0.0000000e+00   0.0000000e+00   0.0000000e+00   0.0000000e+00   1.1833132e-07   2.4158204e-08   5.3077702e-07   4.5115252e-09   7.4286494e-09   6.5640525e-08
   7.4000000e+01   0.0000000e+00   0.0000000e+00   0.0000000e+00   0.0000000e+00   0.0000000e+00   0.0000000e+00   7.9136775e-08   1.8325440e-08   2.3488777e-07   4.0185687e-09   6.5509847e-09   6.1015074e-08
   7.5000000e+01   0.0000000e+00   0.0000000e+00   0.0000000e+00   0.0000000e+00   0.0000000e+00   0.0000000e+00   1.2878164e-10   2.5483848e-09   8.2755125e-09   3.6555454e-09   5.8991148e-09   5.4623006e-08
   7.6000000e+01   0.0000000e+00   0.0000000e+00   0.0000000e+00   0.0000000e+00   0.0000000e+00   0.0000000e+00   0.0000000e+00   0.0000000e+00   0.0000000e+00   3.1491861e-09   5.0504148e-09   4.8379153e-08
   7.7000000e+01   0.0000000e+00   0.0000000e+00   0.0000000e+00   0.0000000e+00   0.0000000e+00   0.0000000e+00   0.0000000e+00   0.0000000e+00   0.0000000e+00   2.8608265e-09   4.4496735e-09   4.3203911e-08
   7.8000000e+01   0.0000000e+00   0.0000000e+00   0.0000000e+00   0.0000000e+00   0.0000000e+00   0.0000000e+00   0.0000000e+00   0.0000000e+00   0.0000000e+00   2.4103868e-09   3.4843516e-09   3.3586935e-08
   7.9000000e+01   0.0000000e+00   0.0000000e+00   0.0000000e+00   0.0000000e+00   0.0000000e+00   0.0000000e+00   0.0000000e+00   0.0000000e+00   0.0000000e+00   1.8716891e-09   2.2517767e-09   1.9688260e-08
