   0.0000000e+00   1.0000000e+00   1.0000000e+00   1.0000000e+00   1.0000000e+00   1.0000000e+00   1.0000000e+00   1.0000000e+00   1.0000000e+00   1.0000000e+00   1.0000000e+00   1.0000000e+00   1.0000000e+00
   2.6315789e-02   7.9211055e-01   7.9595755e-01   8.5183544e-01   7.9430244e-01   7.7928716e-01   8.4290028e-01   9.2941189e-01   8.9428780e-01   9.0276487e-01   9.7762168e-01   9.8672065e-01   9.6586037e-01
   5.2631579e-02   4.5953201e-01   4.7162723e-01   5.7436720e-01   4.8645994e-01   4.5415848e-01   5.6228366e-01   7.9165212e-01   6.9922043e-01   7.1040891e-01   9.1868820e-01   9.5095961e-01   8.7936407e-01
   7.8947368e-02   2.4398720e-01   2.5827451e-01   3.4664756e-01   2.8725704e-01   2.5176715e-01   3.3692730e-01   6.5507583e-01   5.2137901e-01   5.2524670e-01   8.3921515e-01   9.0097362e-01   7.6927265e-01
   1.0526316e-01   1.3334054e-01   1.4393111e-01   1.9961382e-01   1.7681782e-01   1.4739592e-01   1.9004624e-01   5.3901170e-01   3.8460307e-01   3.7794432e-01   7.5264076e-01   8.4414167e-01   6.5688063e-01
   1.3157895e-01   7.8184148e-02   8.6533868e-02   1.1316447e-01   1.1632986e-01   9.1974802e-02   1.0117784e-01   4.4428499e-01   2.8345212e-01   2.6863328e-01   6.6740165e-01   7.8550980e-01   5.5355929e-01
   1.5789474e-01   4.9014430e-02   5.6917210e-02   6.2062865e-02   8.3991779e-02   6.1123303e-02   4.8137402e-02   3.6812579e-01   2.1083265e-01   1.9028585e-01   5.8779687e-01   7.2806339e-01   4.6368322e-01
   1.8421053e-01   3.2025445e-02   3.9949785e-02   3.1085540e-02   6.5458909e-02   4.2748881e-02   1.7496737e-02   3.0682668e-01   1.5798659e-01   1.3540626e-01   5.1553777e-01   6.7340390e-01   3.8792086e-01
   2.1052632e-01   1.9348966e-02   2.7809495e-02   1.0536895e-02   5.2290678e-02   2.9034993e-02   5.6891839e-04   2.5749025e-01   1.1981153e-01   9.7609221e-02   4.5092441e-01   6.2227849e-01   3.2508190e-01
   2.3684211e-01   1.3108358e-02   2.1192438e-02  -3.6376352e-03   4.3083005e-02   1.9062252e-02  -6.6236197e-03   2.1749879e-01   9.1592050e-02   7.1187673e-02   3.9366140e-01   5.7492696e-01   2.7334021e-01
   2.6315789e-01   1.1347304e-02   1.5725239e-02  -1.3663222e-02   3.5545276e-02   1.2019434e-02  -8.3100700e-03   1.8476795e-01   7.1221034e-02   5.1963349e-02   3.4321420e-01   5.3128068e-01   2.3070118e-01
   2.8947368e-01   1.3177874e-02   1.2536084e-02  -1.9179926e-02   3.0366870e-02   9.4297002e-03  -6.1346923e-03   1.5759842e-01   5.6024135e-02   3.7126020e-02   2.9894068e-01   4.9110702e-01   1.9540318e-01
   3.1578947e-01   1.3212784e-02   1.2764891e-02  -2.1873006e-02   2.6366274e-02   7.6743312e-03  -3.3095284e-03   1.3437900e-01   4.4265463e-02   2.4727645e-02   2.6011244e-01   4.5408327e-01   1.6603204e-01
   3.4210526e-01   1.1963365e-02   1.7817840e-02  -2.1416020e-02   2.4017682e-02   6.8373254e-03  -3.7580975e-04   1.1425563e-01   3.4824433e-02   1.4080307e-02   2.2602673e-01   4.1987018e-01   1.4152498e-01
   3.6842105e-01   1.0356233e-02   2.4070802e-02  -1.7790738e-02   2.1761918e-02   3.7880692e-03   1.1076456e-03   9.6740931e-02   2.7113167e-02   4.9113470e-03   1.9604088e-01   3.8815473e-01   1.2095650e-01
   3.9473684e-01   8.7519148e-03   2.8987863e-02  -1.0734909e-02   2.1131794e-02  -3.6061782e-05   8.6474008e-04   8.1754405e-02   2.0775498e-02  -2.6542230e-03   1.6957624e-01   3.5867479e-01   1.0353655e-01
   4.2105263e-01   5.8279321e-03   2.9194006e-02  -4.0198892e-03   2.0221627e-02  -4.4875885e-03  -2.3833107e-03   6.8856760e-02   1.5387867e-02  -8.5635592e-03   1.4607678e-01   3.3121576e-01   8.8579570e-02
   4.4736842e-01   4.4118461e-03   2.6331636e-02  -9.2891219e-04   2.0542182e-02  -8.4617170e-03  -6.3870921e-03   5.7900699e-02   1.1071491e-02  -1.2671110e-02   1.2504622e-01   3.0560577e-01   7.5551858e-02
   4.7368421e-01   7.0474764e-03   2.1443647e-02  -3.1709871e-03   1.9670063e-02  -1.2429942e-02  -9.7957583e-03   4.8172287e-02   7.2685563e-03  -1.5546913e-02   1.0609591e-01   2.8170283e-01   6.4014958e-02
   5.0000000e-01   1.2796007e-02   1.5951049e-02  -9.0612259e-03   1.7994788e-02  -1.5620561e-02  -1.1808551e-02   3.9527113e-02   3.8208534e-03  -1.7768485e-02   8.8970459e-02   2.5939058e-01   5.3691769e-02
   5.2631579e-01   1.4454870e-02   1.2051487e-02  -1.5624161e-02   1.5360128e-02  -1.8844786e-02  -1.3734987e-02   3.1918982e-02   5.5629604e-04  -1.9626573e-02   7.3468585e-02   2.3856590e-01   4.4449976e-02
   5.5263158e-01   1.1565354e-02   9.5805478e-03  -2.0361629e-02   1.2713106e-02  -2.0156787e-02  -1.5633210e-02   2.5684141e-02  -2.1804004e-03  -2.0555771e-02   5.9384784e-02   2.1914151e-01   3.6277244e-02
   5.7894737e-01   5.6702384e-03   5.4959794e-03  -2.3385388e-02   9.0771444e-03  -1.9184622e-02  -1.7790695e-02   2.0500448e-02  -4.5125665e-03  -2.0993402e-02   4.6544211e-02   2.0103539e-01   2.9214757e-02
   6.0526316e-01   2.1921899e-04   2.6238976e-03  -2.5009161e-02   6.3267420e-03  -1.6292206e-02  -1.9914403e-02   1.6192200e-02  -6.2077899e-03  -2.0906918e-02   3.4831122e-02   1.8416065e-01   2.3308761e-02
   6.3157895e-01  -2.0560723e-03   2.5556393e-03  -2.6170572e-02   3.3745088e-03  -1.4542683e-02  -2.2721234e-02   1.2128724e-02  -8.0395779e-03  -2.0627079e-02   2.4148577e-02   1.6842532e-01   1.8520176e-02
   6.5789474e-01   5.6201317e-04   3.7358459e-03  -2.6583118e-02   8.4323659e-04  -1.3502356e-02  -2.5201114e-02   8.3961206e-03  -9.8759864e-03  -2.0239656e-02   1.4414080e-02   1.5375169e-01   1.4719409e-02
   6.8421053e-01   1.6069977e-03   7.5026258e-04  -2.6486929e-02  -5.3571208e-04  -1.2745733e-02  -2.6607193e-02   4.8988619e-03  -1.1705578e-02  -2.0131838e-02   5.5806342e-03   1.4008117e-01   1.1653619e-02
   7.1052632e-01   1.2244250e-03  -5.6295283e-03  -2.5455891e-02   9.3877998e-04  -1.1569600e-02  -2.5734654e-02   1.8773967e-03  -1.3122536e-02  -2.0238271e-02  -2.3564573e-03   1.2736950e-01   9.0039393e-03
   7.3684211e-01   4.3034243e-04  -1.2125403e-02  -2.3866723e-02   3.1299371e-03  -1.2144113e-02  -2.3568449e-02  -9.5433203e-04  -1.4752145e-02  -2.0507751e-02  -9.4160324e-03   1.1557203e-01   6.4825415e-03
   7.6315789e-01  -1.1272688e-03  -1.5022902e-02  -2.1836696e-02   5.2989539e-03  -1.3423238e-02  -1.9885041e-02  -3.4612937e-03  -1.6547064e-02  -2.0380953e-02  -1.5664259e-02   1.0463941e-01   3.9660618e-03
   7.8947368e-01  -5.4142115e-03  -1.8399769e-02  -1.9745563e-02   5.7088098e-03  -1.5249168e-02  -1.5353864e-02  -5.8589897e-03  -1.8677290e-02  -2.0079970e-02  -2.1204497e-02   9.4509435e-02   1.4570852e-03
   8.1578947e-01  -1.1567187e-02  -2.4552379e-02  -1.7915574e-02   6.4336770e-03  -1.4930927e-02  -1.1551294e-02  -8.0355416e-03  -2.0362885e-02  -1.9701077e-02  -2.6120425e-02   8.5111054e-02  -1.0052282e-03
   8.4210526e-01  -1.8157856e-02  -3.2191058e-02  -1.7806374e-02   7.2974472e-03  -1.2530257e-02  -9.9043252e-03  -1.0397889e-02  -2.1953954e-02  -1.9522402e-02  -3.0452478e-02   7.6369290e-02  -3.4142893e-03
   8.6842105e-01  -2.3401062e-02  -3.7602475e-02  -1.9758258e-02   7.1451372e-03  -8.4396025e-03  -9.0436595e-03  -1.2714305e-02  -2.3425907e-02  -1.9242999e-02  -3.4214513e-02   6.8216976e-02  -5.8166212e-03
   8.9473684e-01  -2.6300023e-02  -3.9096602e-02  -2.3151783e-02   4.7699948e-03  -7.7969743e-03  -9.4190946e-03  -1.4967414e-02  -2.5068332e-02  -1.9143515e-02  -3.7445651e-02   6.0603880e-02  -8.3432741e-03
   9.2105263e-01  -2.7049739e-02  -3.5330294e-02  -2.6488895e-02   2.7146834e-03  -8.1699680e-03  -1.1209289e-02  -1.6611120e-02  -2.6415679e-02  -1.9067678e-02  -4.0211346e-02   5.3507812e-02  -1.1118380e-02
   9.4736842e-01  -2.8063242e-02  -3.1036878e-02  -2.8965949e-02   1.2609618e-03  -7.8733681e-03  -1.4029968e-02  -1.7881238e-02  -2.8120024e-02  -1.9251854e-02  -4.2574702e-02   4.6925272e-02  -1.4151276e-02
   9.7368421e-01  -2.6610204e-02  -2.9853549e-02  -2.9532957e-02   1.5033289e-03  -5.0948594e-03  -1.6437924e-02  -1.8705195e-02  -2.9977892e-02  -1.9455549e-02  -4.4575490e-02   4.0859729e-02  -1.7293468e-02
   1.0000000e+00  -2.3580396e-02  -3.1655438e-02  -2.7643101e-02   6.0649356e-04  -3.4473492e-03  -1.8252989e-02  -1.9515502e-02  -3.2059664e-02  -2.0100132e-02  -4.6240933e-02   3.5303295e-02  -2.0342670e-02
   1.0263158e+00  -2.0844375e-02  -3.1348263e-02  -2.3524188e-02  -1.7112781e-03  -2.0312546e-03  -1.9152226e-02  -2.0237696e-02  -3.3437909e-02  -2.1199081e-02  -4.7589993e-02   3.0220895e-02  -2.3155049e-02
   1.0526316e+00  -1.9855564e-02  -3.0217259e-02  -1.9727951e-02  -5.2486668e-03  -2.0128643e-03  -2.0127427e-02  -2.1261879e-02  -3.4091414e-02  -2.2694343e-02  -4.8651260e-02   2.5548335e-02  -2.5741215e-02
   1.0789474e+00  -2.0880635e-02  -3.1535679e-02  -1.7913527e-02  -7.8229067e-03  -1.3480596e-03  -2.1758577e-02  -2.2234111e-02  -3.3566116e-02  -2.3968088e-02  -4.9459433e-02   2.1215489e-02  -2.8214275e-02
   1.1052632e+00  -2.4819184e-02  -3.4274688e-02  -1.7129237e-02  -9.0617519e-03  -1.2419745e-03  -2.4999921e-02  -2.3331719e-02  -3.2866909e-02  -2.5139393e-02  -5.0048103e-02   1.7154692e-02  -3.0683643e-02
   1.1315789e+00  -2.8088863e-02  -3.4607755e-02  -1.5966682e-02  -7.5780875e-03  -2.0562836e-04  -2.9237250e-02  -2.4239164e-02  -3.1742488e-02  -2.5907315e-02  -5.0442610e-02   1.3307227e-02  -3.3161684e-02
   1.1578947e+00  -3.0293460e-02  -3.5053901e-02  -1.4410267e-02  -5.5542973e-03   1.2952579e-03  -3.2728532e-02  -2.5166902e-02  -3.0755079e-02  -2.6819231e-02  -5.0668254e-02   9.6288623e-03  -3.5604082e-02
   1.1842105e+00  -3.0449851e-02  -3.6726494e-02  -1.2312634e-02  -3.5255989e-03   3.9658941e-03  -3.3184200e-02  -2.5969211e-02  -2.9548379e-02  -2.7920178e-02  -5.0735450e-02   6.1007475e-03  -3.7962121e-02
   1.2105263e+00  -2.6697014e-02  -4.0840239e-02  -1.0322675e-02  -3.9938005e-03   4.7803560e-03  -3.0991693e-02  -2.6855434e-02  -2.8945707e-02  -2.9390416e-02  -5.0630611e-02   2.7250518e-03  -4.0203321e-02
   1.2368421e+00  -2.0664734e-02  -4.4553116e-02  -8.6981983e-03  -3.6632992e-03   4.0069705e-03  -2.6846835e-02  -2.7501875e-02  -2.8498431e-02  -3.0643741e-02  -5.0338449e-02  -4.8717371e-04  -4.2288837e-02
   1.2631579e+00  -1.5213910e-02  -4.5552302e-02  -8.4444470e-03  -1.3962622e-03   1.0686069e-03  -2.3129339e-02  -2.8323375e-02  -2.8687275e-02  -3.1968390e-02  -4.9896904e-02  -3.5401751e-03  -4.4213142e-02
   1.2894737e+00  -1.1593931e-02  -4.3868593e-02  -9.6367368e-03   2.2234758e-03  -2.2335544e-03  -2.0307211e-02  -2.9025626e-02  -2.8847203e-02  -3.2857586e-02  -4.9365465e-02  -6.4477742e-03  -4.5942188e-02
   1.3157895e+00  -1.1726569e-02  -4.3135376e-02  -1.1711369e-02   3.3372777e-03  -5.3239473e-03  -1.8383296e-02  -2.9905450e-02  -2.9354276e-02  -3.3407911e-02  -4.8777730e-02  -9.2161278e-03  -4.7428288e-02
   1.3421053e+00  -1.1323155e-02  -4.2318219e-02  -1.3103083e-02   1.2321776e-03  -6.5348399e-03  -1.6377564e-02  -3.0619954e-02  -2.9243318e-02  -3.3263429e-02  -4.8148475e-02  -1.1847077e-02  -4.8597212e-02
   1.3684211e+00  -9.0473057e-03  -3.9603732e-02  -1.3284457e-02  -3.8886217e-03  -8.0693291e-03  -1.4489693e-02  -3.1324548e-02  -2.8921806e-02  -3.2875159e-02  -4.7498430e-02  -1.4342057e-02  -4.9412352e-02
   1.3947368e+00  -6.4118428e-03  -3.3146406e-02  -1.2581713e-02  -8.2020724e-03  -8.8068955e-03  -1.2379821e-02  -3.1665320e-02  -2.8092908e-02  -3.2099585e-02  -4.6847573e-02  -1.6695154e-02  -4.9942324e-02
   1.4210526e+00  -6.5091361e-03  -2.7252494e-02  -1.1181192e-02  -1.0927610e-02  -9.8328660e-03  -1.0833073e-02  -3.1948088e-02  -2.7554252e-02  -3.1368466e-02  -4.6203752e-02  -1.8898092e-02  -5.0327930e-02
   1.4473684e+00  -9.7819853e-03  -2.4863005e-02  -8.4079587e-03  -1.1436978e-02  -9.6131767e-03  -1.0151118e-02  -3.1900212e-02  -2.6521278e-02  -3.0376302e-02  -4.5554184e-02  -2.0943206e-02  -5.0685450e-02
   1.4736842e+00  -1.3555852e-02  -2.5940349e-02  -5.2114485e-03  -1.1302486e-02  -1.0032641e-02  -1.0606808e-02  -3.1945337e-02  -2.5889563e-02  -2.9498129e-02  -4.4897494e-02  -2.2832124e-02  -5.1100666e-02
   1.5000000e+00  -1.5292635e-02  -2.7458971e-02  -2.9368210e-03  -1.1050926e-02  -1.0808546e-02  -1.1843563e-02  -3.1945692e-02  -2.5538622e-02  -2.8548503e-02  -4.4256592e-02  -2.4584329e-02  -5.1617075e-02
   1.5263158e+00  -1.6837791e-02  -2.9431448e-02  -2.6890476e-03  -1.2484350e-02  -1.2711919e-02  -1.4050807e-02  -3.2312866e-02  -2.5926348e-02  -2.8020548e-02  -4.3681597e-02  -2.6249317e-02  -5.2230427e-02
   1.5526316e+00  -1.7668920e-02  -2.9251036e-02  -4.7707777e-03  -1.3147259e-02  -1.4361006e-02  -1.5573436e-02  -3.2722104e-02  -2.5915178e-02  -2.7518664e-02  -4.3236913e-02  -2.7897319e-02  -5.2864865e-02
   1.5789474e+00  -1.7721633e-02  -2.7807965e-02  -9.4513277e-03  -1.2987394e-02  -1.5723204e-02  -1.5779503e-02  -3.3305901e-02  -2.6124773e-02  -2.7320304e-02  -4.2995525e-02  -2.9603945e-02  -5.3421258e-02
   1.6052632e+00  -1.6161398e-02  -2.7245865e-02  -1.5547279e-02  -1.0528477e-02  -1.5254048e-02  -1.4668822e-02  -3.3814364e-02  -2.5905611e-02  -2.7267369e-02  -4.3012468e-02  -3.1427946e-02  -5.3790566e-02
   1.6315789e+00  -1.5449529e-02  -2.7864463e-02  -2.0921708e-02  -9.0252109e-03  -1.5594794e-02  -1.3142183e-02  -3.4487476e-02  -2.5987048e-02  -2.7625506e-02  -4.3310412e-02  -3.3406506e-02  -5.3882782e-02
   1.6578947e+00  -1.8123899e-02  -2.8819037e-02  -2.3481994e-02  -8.8377258e-03  -1.5448629e-02  -1.1459601e-02  -3.4994933e-02  -2.5612602e-02  -2.7515535e-02  -4.3872733e-02  -3.5552952e-02  -5.3651965e-02
   1.6842105e+00  -2.2210405e-02  -3.2725386e-02  -2.3834296e-02  -1.0453459e-02  -1.6766692e-02  -1.0709666e-02  -3.5652434e-02  -2.5160202e-02  -2.6959383e-02  -4.4664034e-02  -3.7862237e-02  -5.3157913e-02
   1.7105263e+00  -2.3257636e-02  -3.8859601e-02  -2.3068398e-02  -1.1898460e-02  -1.7497047e-02  -1.0184165e-02  -3.6250033e-02  -2.4185521e-02  -2.5857805e-02  -4.5638288e-02  -4.0310280e-02  -5.2547442e-02
   1.7368421e+00  -2.4125772e-02  -4.5190763e-02  -2.2399145e-02  -1.5175877e-02  -1.8918084e-02  -1.0077896e-02  -3.7239480e-02  -2.3720316e-02  -2.4918415e-02  -4.6743441e-02  -4.2856401e-02  -5.2000998e-02
   1.7631579e+00  -2.6432470e-02  -4.9519059e-02  -2.2638831e-02  -1.9093770e-02  -2.0237091e-02  -9.6174349e-03  -3.8330190e-02  -2.3379528e-02  -2.3862903e-02  -4.7913775e-02  -4.5443083e-02  -5.1657704e-02
   1.7894737e+00  -2.8800687e-02  -5.1331310e-02  -2.4107261e-02  -2.2925323e-02  -2.2863570e-02  -8.8421522e-03  -3.9778606e-02  -2.3775713e-02  -2.3043385e-02  -4.9081882e-02  -4.8010583e-02  -5.1614008e-02
   1.8157895e+00  -2.9178411e-02  -4.9845027e-02  -2.5967715e-02  -2.5147840e-02  -2.4867552e-02  -7.9060623e-03  -4.1102702e-02  -2.4003422e-02  -2.2209922e-02  -5.0190934e-02  -5.0511092e-02  -5.1916713e-02
   1.8421053e+00  -2.8657918e-02  -4.7015200e-02  -2.7907771e-02  -2.5900180e-02  -2.4739798e-02  -8.1116129e-03  -4.2270392e-02  -2.4649990e-02  -2.1695924e-02  -5.1222491e-02  -5.2920382e-02  -5.2582074e-02
   1.8684211e+00  -2.5697679e-02  -4.1860702e-02  -2.8556468e-02  -2.3637816e-02  -2.0010670e-02  -9.2779177e-03  -4.2719547e-02  -2.4959415e-02  -2.1331052e-02  -5.2204733e-02  -5.5234867e-02  -5.3579973e-02
   1.8947368e+00  -2.0961623e-02  -3.4546439e-02  -2.7779989e-02  -2.2915960e-02  -1.6148021e-02  -1.1965135e-02  -4.2843366e-02  -2.5702481e-02  -2.1718034e-02  -5.3198387e-02  -5.7468460e-02  -5.4825414e-02
   1.9210526e+00  -1.7359308e-02  -2.6427403e-02  -2.6928310e-02  -2.3600931e-02  -1.4427692e-02  -1.6046116e-02  -4.2637008e-02  -2.6193752e-02  -2.2605917e-02  -5.4254019e-02  -5.9637419e-02  -5.6178185e-02
   1.9473684e+00  -1.5266452e-02  -2.0256180e-02  -2.6447198e-02  -2.6403309e-02  -1.5365342e-02  -2.1495672e-02  -4.2641030e-02  -2.6768632e-02  -2.3960032e-02  -5.5392159e-02  -6.1746368e-02  -5.7534114e-02
   1.9736842e+00  -1.2835431e-02  -1.4464327e-02  -2.5408875e-02  -2.8826415e-02  -1.6140128e-02  -2.6356677e-02  -4.2591243e-02  -2.6452969e-02  -2.4969372e-02  -5.6605706e-02  -6.3780687e-02  -5.8888554e-02
   2.0000000e+00  -9.5622705e-03  -8.1330107e-03  -2.5213472e-02  -3.0961721e-02  -1.7152120e-02  -2.9389452e-02  -4.2835036e-02  -2.6187686e-02  -2.5839044e-02  -5.7872738e-02  -6.5717508e-02  -6.0331570e-02
   2.0263158e+00  -4.4987171e-03  -2.8381133e-03  -2.6590798e-02  -3.0875414e-02  -1.6059280e-02  -2.9628092e-02  -4.2976579e-02  -2.5614663e-02  -2.6281879e-02  -5.9154089e-02  -6.7533864e-02  -6.1936297e-02
   2.0526316e+00  -1.1516929e-03  -1.2286214e-03  -2.7624092e-02  -3.0353687e-02  -1.4292868e-02  -2.8608608e-02  -4.3336704e-02  -2.5653514e-02  -2.6685752e-02  -6.0405928e-02  -6.9213775e-02  -6.3703348e-02
   2.0789474e+00  -2.2596343e-03  -1.2437809e-03  -2.7303748e-02  -2.8285394e-02  -9.9133285e-03  -2.6769854e-02  -4.3564272e-02  -2.5551685e-02  -2.6552200e-02  -6.1579165e-02  -7.0740986e-02  -6.5553352e-02
   2.1052632e+00  -6.0039793e-03  -8.1034697e-04  -2.6735291e-02  -2.6350126e-02  -4.0743685e-03  -2.4830352e-02  -4.3891630e-02  -2.6167279e-02  -2.6228540e-02  -6.2630083e-02  -7.2096325e-02  -6.7376812e-02
   2.1315789e+00  -6.7876055e-03   1.2273141e-04  -2.5344127e-02  -2.2639208e-02   2.3471841e-03  -2.2855301e-02  -4.3863240e-02  -2.6834193e-02  -2.5450183e-02  -6.3519822e-02  -7.3257698e-02  -6.9056708e-02
   2.1578947e+00  -5.3619857e-03  -1.2823595e-03  -2.2204119e-02  -1.9773643e-02   4.3402634e-03  -2.0961279e-02  -4.3901865e-02  -2.8109085e-02  -2.4801444e-02  -6.4210521e-02  -7.4214722e-02  -7.0500705e-02
   2.1842105e+00  -1.8027925e-03  -2.9542613e-03  -1.6680588e-02  -1.7724234e-02   2.5911600e-03  -1.8541496e-02  -4.3715271e-02  -2.9111087e-02  -2.4024405e-02  -6.4661230e-02  -7.4976867e-02  -7.1636395e-02
   2.2105263e+00   1.2476200e-03  -1.6167494e-03  -1.0105980e-02  -1.6552118e-02  -2.9050295e-03  -1.6701549e-02  -4.3508461e-02  -3.0616850e-02  -2.3438300e-02  -6.4854096e-02  -7.5574008e-02  -7.2433556e-02
   2.2368421e+00   2.4125214e-03   3.0272860e-03  -4.2596730e-03  -1.4471206e-02  -8.5888429e-03  -1.6404236e-02  -4.2831511e-02  -3.1923235e-02  -2.2780769e-02  -6.4811955e-02  -7.6042447e-02  -7.2901760e-02
   2.2631579e+00   9.3896855e-04   3.3337625e-03  -8.6569035e-04  -1.4206371e-02  -1.3417451e-02  -1.8863761e-02  -4.1933710e-02  -3.3611406e-02  -2.2562223e-02  -6.4610385e-02  -7.6416457e-02  -7.3099868e-02
   2.2894737e+00  -1.1459302e-03  -1.3849045e-04   1.8131405e-03  -1.3386052e-02  -1.4483890e-02  -2.1719236e-02  -4.0493960e-02  -3.4524649e-02  -2.2224644e-02  -6.4348800e-02  -7.6719690e-02  -7.3090708e-02
   2.3157895e+00  -1.5728508e-04  -1.3555544e-03   4.9034170e-03  -1.3516181e-02  -1.3901818e-02  -2.4279758e-02  -3.9035784e-02  -3.5056365e-02  -2.1975598e-02  -6.4109003e-02  -7.6962159e-02  -7.2911704e-02
   2.3421053e+00   3.3465955e-03   2.4086766e-03   7.2132164e-03  -1.4283982e-02  -1.2104492e-02  -2.6428475e-02  -3.7364647e-02  -3.4158993e-02  -2.1315068e-02  -6.3918258e-02  -7.7138490e-02  -7.2533488e-02
   2.3684211e+00   5.2687887e-03   6.6429783e-03   6.5717841e-03  -1.5840885e-02  -1.1606428e-02  -2.7942245e-02  -3.5938295e-02  -3.2532057e-02  -2.0624862e-02  -6.3761398e-02  -7.7244236e-02  -7.1917317e-02
   2.3947368e+00   6.2297875e-03   8.0963088e-03   2.5995800e-03  -1.5414811e-02  -1.0908585e-02  -2.6989998e-02  -3.4503358e-02  -2.9835220e-02  -1.9731463e-02  -6.3608451e-02  -7.7287492e-02  -7.1073167e-02
   2.4210526e+00   5.5583788e-03   8.6466976e-03  -3.3711226e-03  -1.3863844e-02  -1.2391175e-02  -2.3989834e-02  -3.3438860e-02  -2.7687056e-02  -1.9373186e-02  -6.3438269e-02  -7.7289116e-02  -7.0075924e-02
   2.4473684e+00   5.1449018e-03   1.1278555e-02  -8.7257412e-03  -1.0554603e-02  -1.3202337e-02  -1.9419923e-02  -3.2382935e-02  -2.5971527e-02  -1.9369419e-02  -6.3244424e-02  -7.7268746e-02  -6.9030777e-02
   2.4736842e+00   5.6412458e-03   1.7544012e-02  -1.1291803e-02  -8.9622156e-03  -1.2324298e-02  -1.4820612e-02  -3.1615701e-02  -2.5430550e-02  -1.9877612e-02  -6.3048766e-02  -7.7242420e-02  -6.8087698e-02
   2.5000000e+00   7.0853803e-03   2.5675639e-02  -1.0952033e-02  -8.2647923e-03  -8.9081009e-03  -1.1071291e-02  -3.0823444e-02  -2.5011242e-02  -2.0128789e-02  -6.2895176e-02  -7.7221070e-02  -6.7417465e-02
