   1.0000000e+00   2.7214030e-02   2.9847098e-02   2.4956867e-02   5.2824496e-02   3.7179502e-02   4.2953293e-02   8.3696762e-01   7.6013373e-01   3.4677278e-01   2.5110397e-01   5.1020053e+00   2.9737219e-01
   2.0000000e+00   3.1607765e-02   3.9401713e-02   2.6584143e-02   4.0597357e-02   3.4588603e-02   4.0859795e-02   6.7507889e-01   6.9591348e-01   3.4009484e-01   1.9943343e-01   2.9632789e+00   2.1559235e-01
   3.0000000e+00   2.2808422e-02   2.1826719e-02   2.4458650e-02   3.5779405e-02   3.2813558e-02   4.2085267e-02   5.4858017e-01   6.2694067e-01   3.0017130e-01   1.6231964e-01   2.0458406e+00   1.7765860e-01
   4.0000000e+00   2.3878646e-02   2.4142315e-02   2.7531029e-02   3.8545312e-02   3.6648305e-02   3.7248791e-02   4.7446186e-01   5.2473837e-01   2.7924812e-01   1.1399528e-01   1.3202377e+00   1.4107818e-01
   5.0000000e+00   1.9092225e-02   1.9107373e-02   2.0755513e-02   3.0962984e-02   3.3121023e-02   3.4861458e-02   3.7411540e-01   4.7217524e-01   2.6240577e-01   8.1907467e-02   8.6422939e-01   1.2309082e-01
   6.0000000e+00   1.9994827e-02   1.9709335e-02   2.1834741e-02   3.2660536e-02   2.6844417e-02   3.7372992e-02   3.3303766e-01   4.4045499e-01   2.4169862e-01   6.6555458e-02   6.5690148e-01   1.0362682e-01
   7.0000000e+00   2.3228318e-02   2.2655191e-02   2.1874475e-02   2.9836707e-02   2.8001765e-02   3.2392196e-02   2.6927741e-01   3.9506608e-01   2.0254946e-01   5.0337382e-02   4.6261732e-01   7.8664334e-02
   8.0000000e+00   2.0468302e-02   1.9593637e-02   1.9580050e-02   2.7672234e-02   2.4953949e-02   3.0132725e-02   2.3472885e-01   3.6295385e-01   1.8314660e-01   4.0230957e-02   3.5841169e-01   6.8171677e-02
   9.0000000e+00   1.8550279e-02   1.9694966e-02   1.9745185e-02   2.7159559e-02   2.5028626e-02   2.8977890e-02   1.9776220e-01   3.0934915e-01   1.6478124e-01   3.1899452e-02   2.8266066e-01   5.3612565e-02
   1.0000000e+01   1.8841435e-02   2.2252995e-02   1.7466213e-02   2.4540832e-02   2.3111093e-02   2.9026493e-02   1.7421329e-01   2.8568184e-01   1.4826345e-01   2.5697117e-02   2.1504373e-01   4.6859725e-02
   1.1000000e+01   1.6874197e-02   1.5525021e-02   1.7861684e-02   2.5408338e-02   2.0960508e-02   3.0353607e-02   1.4489493e-01   2.4799529e-01   1.3428265e-01   2.0035219e-02   1.6622700e-01   3.8981985e-02
   1.2000000e+01   1.6519105e-02   1.7168870e-02   1.5047235e-02   2.4412032e-02   2.2127515e-02   2.6558392e-02   1.3168967e-01   2.3743309e-01   1.1666882e-01   1.6052027e-02   1.3623107e-01   3.2602048e-02
   1.3000000e+01   1.5450964e-02   1.6496390e-02   1.6038936e-02   2.0744989e-02   1.9812260e-02   2.2492375e-02   1.1513878e-01   2.0083617e-01   1.0880814e-01   1.3116002e-02   1.0860837e-01   2.6976347e-02
   1.4000000e+01   1.4855443e-02   1.5534773e-02   1.2268593e-02   1.8959528e-02   1.9877935e-02   2.3488185e-02   1.0048807e-01   1.8666118e-01   9.8377334e-02   1.0179751e-02   8.2543778e-02   2.2800180e-02
   1.5000000e+01   1.4970633e-02   1.4682771e-02   1.1093983e-02   1.8378923e-02   1.7497274e-02   1.8983047e-02   8.9533114e-02   1.5922981e-01   8.5873160e-02   8.6113358e-03   6.7716933e-02   1.8012198e-02
   1.6000000e+01   1.2467592e-02   1.2625851e-02   9.9900941e-03   1.8333892e-02   1.7673107e-02   1.9445131e-02   7.6835480e-02   1.4791438e-01   7.9657549e-02   6.9939070e-03   5.4808695e-02   1.5118323e-02
   1.7000000e+01   1.1299537e-02   1.1013604e-02   1.0044763e-02   1.5475513e-02   1.5516559e-02   1.6248770e-02   6.8657791e-02   1.3548453e-01   7.0717081e-02   5.6460159e-03   4.3150398e-02   1.3104265e-02
   1.8000000e+01   1.1983941e-02   1.1730066e-02   8.9051764e-03   1.6288185e-02   1.4237613e-02   1.6359163e-02   6.0655522e-02   1.1627810e-01   6.1482372e-02   4.8142325e-03   3.6657451e-02   1.0846900e-02
   1.9000000e+01   1.1607220e-02   9.8276394e-03   8.4468539e-03   1.5090095e-02   1.3574432e-02   1.4222794e-02   5.3418655e-02   1.0417197e-01   5.5504893e-02   3.9529718e-03   2.9002696e-02   8.9370955e-03
   2.0000000e+01   1.0850514e-02   1.0212035e-02   8.5772645e-03   1.4032270e-02   1.2121793e-02   1.2706388e-02   4.8398454e-02   9.5443469e-02   4.8948843e-02   3.2887852e-03   2.3233863e-02   8.0565599e-03
   2.1000000e+01   9.5413190e-03   1.0102357e-02   7.1850498e-03   1.3253756e-02   1.3395579e-02   1.1134976e-02   4.2366721e-02   8.8004080e-02   4.4478043e-02   2.7236357e-03   1.9301592e-02   6.5825043e-03
   2.2000000e+01   8.4756918e-03   9.4592318e-03   6.7193408e-03   1.1859373e-02   1.0912238e-02   1.0546897e-02   3.6853765e-02   7.7289160e-02   3.8896829e-02   2.3487357e-03   1.6568472e-02   5.7464603e-03
   2.3000000e+01   7.9699817e-03   8.1344991e-03   6.9630747e-03   1.1259220e-02   1.1111286e-02   9.7207903e-03   3.4336086e-02   7.0842315e-02   3.4856020e-02   1.9328584e-03   1.3859643e-02   4.7478564e-03
   2.4000000e+01   7.6356760e-03   8.4852905e-03   6.1292286e-03   1.1066717e-02   1.0803119e-02   9.9489659e-03   3.0888228e-02   6.2270690e-02   3.0573419e-02   1.6695792e-03   1.1479905e-02   3.9592942e-03
   2.5000000e+01   7.4833546e-03   7.8830591e-03   5.2628466e-03   9.6111356e-03   9.3043475e-03   8.4455211e-03   2.7112197e-02   5.8258812e-02   2.8002079e-02   1.3706711e-03   9.5141316e-03   3.2985340e-03
   2.6000000e+01   6.5283035e-03   7.1614689e-03   4.8055825e-03   9.6305149e-03   9.4955190e-03   7.5102377e-03   2.4866995e-02   5.1429230e-02   2.4774098e-02   1.1972901e-03   8.0094987e-03   2.8343053e-03
   2.7000000e+01   6.8316051e-03   6.6377207e-03   4.1034555e-03   8.9595310e-03   8.0806433e-03   7.4762207e-03   2.1595188e-02   4.8792303e-02   2.2326695e-02   9.8669976e-04   6.8758849e-03   2.5294878e-03
   2.8000000e+01   6.6239600e-03   6.1106517e-03   3.9554569e-03   7.7293915e-03   8.4556799e-03   6.7780265e-03   1.9910822e-02   4.2778437e-02   1.9775807e-02   8.2968768e-04   5.6961948e-03   2.2008136e-03
   2.9000000e+01   6.1789596e-03   5.3433623e-03   3.6676917e-03   7.5035991e-03   7.6906201e-03   6.0794272e-03   1.8178331e-02   3.9876170e-02   1.8760160e-02   7.0813811e-04   5.0154697e-03   1.8425264e-03
   3.0000000e+01   5.4433753e-03   5.3399808e-03   3.4206153e-03   7.3336409e-03   7.3452163e-03   5.4107795e-03   1.6843022e-02   3.5513866e-02   1.6914939e-02   5.9903344e-04   4.1660495e-03   1.5597906e-03
   3.1000000e+01   4.8676614e-03   4.9862848e-03   2.9000833e-03   6.8536480e-03   6.4122273e-03   5.0405846e-03   1.5420250e-02   3.3282864e-02   1.5302225e-02   5.2420882e-04   3.5626585e-03   1.3373301e-03
   3.2000000e+01   5.1504195e-03   4.8142784e-03   3.0388796e-03   5.8995692e-03   6.2768313e-03   4.8582209e-03   1.4096014e-02   3.0670443e-02   1.3925872e-02   4.5432092e-04   3.0859527e-03   1.2003996e-03
   3.3000000e+01   3.9655024e-03   3.8603871e-03   2.6052549e-03   5.5925743e-03   5.7440322e-03   4.2848386e-03   1.2578608e-02   2.7697539e-02   1.2398761e-02   3.8488813e-04   2.5910554e-03   1.0591847e-03
   3.4000000e+01   4.1434146e-03   3.9620783e-03   2.5806752e-03   5.6440491e-03   5.6983519e-03   3.9933864e-03   1.1701386e-02   2.5129828e-02   1.1279732e-02   3.2371090e-04   2.2242153e-03   8.9332406e-04
   3.5000000e+01   3.6599736e-03   3.4375198e-03   2.1286264e-03   5.3332905e-03   5.1175643e-03   3.5266015e-03   1.0565252e-02   2.3115316e-02   1.0485086e-02   2.8254020e-04   1.9178355e-03   7.9481657e-04
   3.6000000e+01   3.6095126e-03   3.7005441e-03   2.1098965e-03   4.3408638e-03   4.5601861e-03   3.3989186e-03   9.5279872e-03   2.0858051e-02   9.3485344e-03   2.4138504e-04   1.6396297e-03   6.9007628e-04
   3.7000000e+01   3.5083567e-03   3.1462420e-03   1.7323746e-03   4.3505959e-03   4.3968325e-03   3.2103075e-03   8.7186904e-03   1.9379199e-02   8.5306915e-03   2.0795987e-04   1.3991464e-03   5.9773151e-04
   3.8000000e+01   3.0951481e-03   3.5276656e-03   1.6883056e-03   4.0149603e-03   4.0433623e-03   2.8449014e-03   7.8770513e-03   1.7821297e-02   7.9353314e-03   1.8287163e-04   1.2179673e-03   5.4021415e-04
   3.9000000e+01   3.0261537e-03   2.8204262e-03   1.4696533e-03   3.8493537e-03   3.6963899e-03   2.6823124e-03   7.2349027e-03   1.5885040e-02   7.0910377e-03   1.5578910e-04   1.0796695e-03   4.5987650e-04
   4.0000000e+01   2.7691372e-03   2.5581114e-03   1.3556407e-03   3.6529069e-03   3.9406803e-03   2.4180432e-03   6.8062753e-03   1.5220620e-02   6.6787109e-03   1.3679330e-04   9.3241489e-04   4.0780811e-04
   4.1000000e+01   2.2982893e-03   2.0320075e-03   1.2501031e-03   3.4138075e-03   3.4560362e-03   2.2702935e-03   6.1855799e-03   1.4211951e-02   6.0222962e-03   1.1362753e-04   7.9263748e-04   3.5435739e-04
   4.2000000e+01   2.0987356e-03   2.3733575e-03   1.1391747e-03   3.1381543e-03   3.3060261e-03   2.0171016e-03   5.8322050e-03   1.2862152e-02   5.4991903e-03   1.0029383e-04   6.9930894e-04   3.1585199e-04
   4.3000000e+01   2.1255796e-03   2.2277940e-03   1.1229234e-03   2.9860551e-03   2.9468540e-03   1.8753975e-03   5.2779647e-03   1.1794133e-02   5.0692517e-03   9.1085164e-05   6.0398243e-04   2.8070933e-04
   4.4000000e+01   2.0003046e-03   1.8863517e-03   9.8784383e-04   2.6634735e-03   2.7406983e-03   1.7206350e-03   4.9003990e-03   1.0816304e-02   4.7357246e-03   8.3200740e-05   5.3890719e-04   2.4641266e-04
   4.5000000e+01   1.7664001e-03   1.9136992e-03   9.2185458e-04   2.5584309e-03   2.6569480e-03   1.6063937e-03   4.4300832e-03   9.8406373e-03   4.3044556e-03   7.2619383e-05   4.6023614e-04   2.1035618e-04
   4.6000000e+01   1.7081485e-03   1.5526957e-03   8.1183563e-04   2.4690734e-03   2.5548203e-03   1.4375135e-03   4.0895581e-03   9.3005861e-03   3.8281347e-03   6.4272995e-05   4.0436254e-04   1.8870685e-04
   4.7000000e+01   1.7007154e-03   1.7305711e-03   7.5848693e-04   2.3920645e-03   2.3092947e-03   1.3510961e-03   3.8244514e-03   8.7704365e-03   3.5359024e-03   5.7328732e-05   3.5804715e-04   1.6813646e-04
   4.8000000e+01   1.4092398e-03   1.3686387e-03   7.7314122e-04   2.1083945e-03   2.2405427e-03   1.2778192e-03   3.5846397e-03   8.3068686e-03   3.2899438e-03   5.0864845e-05   3.2152543e-04   1.5057884e-04
   4.9000000e+01   1.4376739e-03   1.2699616e-03   6.2226322e-04   1.9679048e-03   1.9873655e-03   1.1693106e-03   3.2737232e-03   7.3364090e-03   2.9463306e-03   4.3137331e-05   2.8041476e-04   1.3245655e-04
   5.0000000e+01   1.3796865e-03   1.2213554e-03   5.9106196e-04   1.8836136e-03   1.9509962e-03   1.1700593e-03   3.0587758e-03   6.9886708e-03   2.8463239e-03   3.7737049e-05   2.4315364e-04   1.2006048e-04
   5.1000000e+01   1.2088238e-03   1.1405744e-03   5.3718555e-04   1.7561481e-03   1.8271112e-03   9.9430058e-04   2.8148638e-03   6.5010210e-03   2.6146823e-03   3.4289898e-05   2.1423606e-04   1.0915218e-04
   5.2000000e+01   1.1946960e-03   1.1931082e-03   4.9510557e-04   1.6582332e-03   1.7196554e-03   9.4331434e-04   2.6084202e-03   5.9816947e-03   2.4015998e-03   3.0498440e-05   1.9081323e-04   9.4544412e-05
   5.3000000e+01   1.0757982e-03   1.0560500e-03   4.6110961e-04   1.5574576e-03   1.5377578e-03   8.2162782e-04   2.4300919e-03   5.5600332e-03   2.2039842e-03   2.6825301e-05   1.7077929e-04   8.5125902e-05
   5.4000000e+01   9.8768235e-04   1.0475241e-03   4.2363307e-04   1.4985470e-03   1.4602670e-03   7.8835169e-04   2.2856550e-03   5.2342415e-03   2.0377752e-03   2.3918968e-05   1.4657359e-04   7.7193598e-05
   5.5000000e+01   8.7524393e-04   8.5495701e-04   3.7805146e-04   1.3583509e-03   1.3356929e-03   7.3321455e-04   2.0750561e-03   4.9328053e-03   1.8302217e-03   2.1717426e-05   1.3306004e-04   6.9679029e-05
   5.6000000e+01   8.5099981e-04   8.2485410e-04   3.5671559e-04   1.3351390e-03   1.3135612e-03   6.9158025e-04   1.9569098e-03   4.4918138e-03   1.7500609e-03   1.9667834e-05   1.1987774e-04   6.2716102e-05
   5.7000000e+01   7.1296108e-04   8.0009337e-04   3.0228111e-04   1.1973590e-03   1.2403664e-03   6.4633759e-04   1.8062613e-03   4.0939135e-03   1.5998067e-03   1.7389211e-05   1.0678811e-04   5.6960055e-05
   5.8000000e+01   7.2204770e-04   7.9819832e-04   3.1985996e-04   1.1101760e-03   1.1179416e-03   5.7815474e-04   1.6727654e-03   3.9025697e-03   1.4430157e-03   1.4989599e-05   9.5067668e-05   4.9944792e-05
   5.9000000e+01   7.0316771e-04   6.4958811e-04   2.7136941e-04   1.0974009e-03   1.0941631e-03   5.3426714e-04   1.5678413e-03   3.6316307e-03   1.3479855e-03   1.3427793e-05   8.6461064e-05   4.4462318e-05
   6.0000000e+01   6.2129167e-04   6.4235633e-04   2.4719885e-04   9.6969684e-04   9.6508792e-04   4.9596714e-04   1.4619015e-03   3.3340676e-03   1.2768763e-03   1.2147148e-05   7.7035883e-05   3.9738436e-05
   6.1000000e+01   6.5747445e-04   6.1034713e-04   2.5074813e-04   9.4766002e-04   9.0280830e-04   4.8478363e-04   1.3796950e-03   3.1416484e-03   1.1999637e-03   1.0922494e-05   6.7977063e-05   3.6583635e-05
   6.2000000e+01   5.5452130e-04   5.5374228e-04   2.1179080e-04   8.6931937e-04   8.6320657e-04   4.3722091e-04   1.2848818e-03   2.9401443e-03   1.1100168e-03   9.8590709e-06   6.0175717e-05   3.3030622e-05
   6.3000000e+01   4.6770576e-04   5.5955183e-04   2.1639514e-04   8.2331389e-04   8.0723403e-04   4.2278491e-04   1.1984908e-03   2.7211355e-03   1.0365098e-03   8.8027124e-06   5.5521691e-05   2.9586633e-05
   6.4000000e+01   4.4988652e-04   5.0996264e-04   1.8774846e-04   7.9044522e-04   7.7330450e-04   3.9490532e-04   1.1546538e-03   2.5870252e-03   9.7585873e-04   8.2009380e-06   5.1331074e-05   2.6997188e-05
   6.5000000e+01   4.2073963e-04   4.4739200e-04   1.6788637e-04   7.4945192e-04   7.0773914e-04   3.5401979e-04   1.0730162e-03   2.4798857e-03   9.1414359e-04   7.3691060e-06   4.5029175e-05   2.4696302e-05
   6.6000000e+01   4.0713458e-04   4.1899111e-04   1.6826894e-04   6.7515481e-04   6.4766240e-04   3.1602908e-04   1.0140837e-03   2.3096361e-03   8.5188256e-04   6.6064787e-06   3.9639659e-05   2.2370628e-05
   6.7000000e+01   4.0875780e-04   4.0580643e-04   1.4845971e-04   6.3320615e-04   6.3394633e-04   3.1587583e-04   9.2846327e-04   2.1177729e-03   7.6960380e-04   5.9932689e-06   3.6360674e-05   1.9889341e-05
   6.8000000e+01   3.2384675e-04   3.4889215e-04   1.4022727e-04   6.0891764e-04   5.8997576e-04   2.9515089e-04   8.8097631e-04   1.9968557e-03   7.2977517e-04   5.4893803e-06   3.3654488e-05   1.8437894e-05
   6.9000000e+01   3.3068140e-04   3.1053895e-04   1.2907739e-04   5.0855339e-04   5.6805105e-04   2.6984967e-04   8.3223258e-04   1.8837786e-03   6.8562718e-04   4.9362396e-06   3.0029226e-05   1.6931211e-05
   7.0000000e+01   3.1163279e-04   3.1511468e-04   1.1694849e-04   5.3077105e-04   5.3318211e-04   2.5839615e-04   7.8614734e-04   1.7632511e-03   6.6539493e-04   4.3368947e-06   2.6443445e-05   1.5382204e-05
   7.1000000e+01   3.1069775e-04   2.9893569e-04   1.0826393e-04   4.8478569e-04   4.8827153e-04   2.2633343e-04   7.2416597e-04   1.6591380e-03   6.1596303e-04   3.9088261e-06   2.3879125e-05   1.3726061e-05
   7.2000000e+01   2.4079782e-04   2.8238362e-04   1.0615046e-04   4.8097671e-04   4.7579784e-04   2.2116859e-04   6.7808932e-04   1.6023684e-03   5.8023757e-04   3.6888713e-06   2.1789329e-05   1.2725657e-05
   7.3000000e+01   2.1687382e-04   2.5638434e-04   9.8494158e-05   4.3862382e-04   4.4824341e-04   2.0324343e-04   6.6333144e-04   1.4757399e-03   5.4443007e-04   3.3144659e-06   1.9358527e-05   1.1945174e-05
   7.4000000e+01   2.3251424e-04   2.3970157e-04   8.9876310e-05   4.0246566e-04   4.0623578e-04   1.9785887e-04   6.3012487e-04   1.4208852e-03   5.1195382e-04   3.0080336e-06   1.7340557e-05   1.0996166e-05
   7.5000000e+01   2.1194545e-04   2.3177179e-04   8.2770975e-05   3.9359861e-04   3.9098614e-04   1.7950182e-04   5.8552988e-04   1.3578552e-03   4.7529789e-04   2.7093023e-06   1.5902990e-05   9.8552275e-06
   7.6000000e+01   2.0004460e-04   2.1858747e-04   7.9408459e-05   3.8298119e-04   3.8624902e-04   1.7289177e-04   5.5694667e-04   1.2616590e-03   4.4468826e-04   2.5209123e-06   1.4576339e-05   9.1748320e-06
   7.7000000e+01   1.8360151e-04   2.1105991e-04   7.3154605e-05   3.5540330e-04   3.3629846e-04   1.6636146e-04   5.3848787e-04   1.1921514e-03   4.2028488e-04   2.2991831e-06   1.3273780e-05   8.6842787e-06
   7.8000000e+01   1.9377213e-04   1.8526283e-04   6.5880009e-05   3.4385960e-04   3.3272939e-04   1.5053128e-04   5.0649060e-04   1.1480673e-03   3.9328380e-04   2.0287444e-06   1.1922395e-05   7.8194551e-06
   7.9000000e+01   1.5913248e-04   1.8128856e-04   6.0545907e-05   3.1814904e-04   3.2039222e-04   1.4345984e-04   4.8270735e-04   1.0696854e-03   3.7626319e-04   1.8430251e-06   1.1011917e-05   6.9919119e-06
   8.0000000e+01   1.6169584e-04   1.6154091e-04   5.5129931e-05   2.9823725e-04   3.0596336e-04   1.3295434e-04   4.6561098e-04   1.0394313e-03   3.6881937e-04   1.6893254e-06   1.0346571e-05   6.3804401e-06
   8.1000000e+01   1.4542901e-04   1.6870762e-04   5.6670589e-05   2.9664083e-04   2.8489624e-04   1.2854651e-04   4.3877849e-04   9.8194189e-04   3.4988867e-04   1.5367062e-06   9.3057995e-06   6.0767321e-06
   8.2000000e+01   1.5293697e-04   1.4545184e-04   5.0308040e-05   2.8025254e-04   2.9535057e-04   1.2649743e-04   4.3444561e-04   9.4579005e-04   3.4338184e-04   1.3892812e-06   8.3328365e-06   5.5600110e-06
   8.3000000e+01   1.5803078e-04   1.5656337e-04   5.0145595e-05   2.5617140e-04   2.7668033e-04   1.1491449e-04   4.1987984e-04   8.9665845e-04   3.1695562e-04   1.2969722e-06   7.6950589e-06   5.0405860e-06
   8.4000000e+01   1.3522852e-04   1.4557743e-04   4.5908115e-05   2.6224168e-04   2.7047826e-04   1.1376865e-04   3.9983877e-04   9.0839995e-04   3.0568475e-04   1.2156934e-06   7.3512464e-06   4.7061885e-06
   8.5000000e+01   1.3550876e-04   1.3943004e-04   4.5395086e-05   2.5567968e-04   2.5863012e-04   1.0959418e-04   3.8716401e-04   8.6817113e-04   2.9554009e-04   1.1457952e-06   6.7145435e-06   4.4673335e-06
   8.6000000e+01   1.1772535e-04   1.3705974e-04   4.4849193e-05   2.4416887e-04   2.6021457e-04   1.1198642e-04   3.8620496e-04   8.6030561e-04   2.8835167e-04   1.0385001e-06   5.8742161e-06   4.1096483e-06
   8.7000000e+01   1.1604089e-04   1.2445163e-04   3.8868093e-05   2.3878122e-04   2.5546065e-04   1.0087000e-04   3.8197599e-04   8.4220987e-04   2.7414934e-04   9.5944513e-07   5.5776850e-06   3.7150203e-06
   8.8000000e+01   1.1264347e-04   1.2026588e-04   3.9664325e-05   2.4130020e-04   2.5957500e-04   1.0063896e-04   3.7317057e-04   8.5704697e-04   2.7473465e-04   8.7636526e-07   5.2840269e-06   3.4457592e-06
   8.9000000e+01   1.0710513e-04   1.0655833e-04   3.5253967e-05   2.3527578e-04   2.4182265e-04   9.6383738e-05   3.7264770e-04   8.5194163e-04   2.6495384e-04   7.7219698e-07   4.7533381e-06   3.2170451e-06
   9.0000000e+01   1.0489060e-04   1.1278700e-04   3.5788627e-05   2.3588297e-04   2.2626544e-04   9.5203345e-05   3.7710935e-04   9.0119242e-04   2.7625243e-04   6.9548957e-07   4.2571635e-06   2.9553713e-06
   9.1000000e+01   1.0373030e-04   9.9008680e-05   3.2274554e-05   2.1859128e-04   2.1511476e-04   8.8985833e-05   3.6811987e-04   8.9410345e-04   2.6894585e-04   6.2352120e-07   4.0121700e-06   2.6003056e-06
   9.2000000e+01   9.7621047e-05   1.0043649e-04   3.0675354e-05   2.2446639e-04   2.2535333e-04   8.6770162e-05   3.7289305e-04   9.1285543e-04   2.6339757e-04   5.4475837e-07   3.7089830e-06   2.2453899e-06
   9.3000000e+01   9.5614328e-05   9.4368701e-05   2.6926010e-05   2.1009679e-04   2.2207895e-04   8.0221196e-05   3.8161353e-04   9.2760991e-04   2.6507683e-04   4.7740286e-07   3.2925354e-06   2.0106222e-06
   9.4000000e+01   8.2545148e-05   9.9856238e-05   2.4327745e-05   2.0288570e-04   2.2252488e-04   7.4810573e-05   3.8637693e-04   1.0050450e-03   2.7808799e-04   4.2551758e-07   3.0145556e-06   1.7662645e-06
   9.5000000e+01   7.9396214e-05   8.2171352e-05   2.1612773e-05   2.3168333e-04   2.3642322e-04   7.5285623e-05   4.3994032e-04   1.2411602e-03   3.2285019e-04   3.7410456e-07   2.8198075e-06   1.4820178e-06
