# Energy budget of the u_t u_t Reynolds normal stress
#
# r/D     TD      PR      VP      VD      DS      SUM
.00781 .76483E+00 -.41701E-04 .12413E+01 -.35190E-01 -.16026E+01 .36827E+00
.01302 .74409E+00 -.57983E-04 .87422E+00 .13910E-02 -.14926E+01 .12707E+00
.01823 .76686E+00 -.47735E-04 .70890E+00 .19165E-01 -.14747E+01 .20141E-01
.02344 .77995E+00 -.12662E-04 .62939E+00 .29217E-01 -.14796E+01 -.41008E-01
.02865 .77572E+00 .37497E-04 .59182E+00 .40606E-01 -.14936E+01 -.85446E-01
.03385 .75691E+00 .90769E-04 .57743E+00 .56671E-01 -.15125E+01 -.12135E+00
.03906 .73406E+00 .14070E-03 .57842E+00 .72947E-01 -.15331E+01 -.14752E+00
.04427 .71672E+00 .18656E-03 .59201E+00 .83622E-01 -.15539E+01 -.16137E+00
.04948 .70383E+00 .22936E-03 .61741E+00 .88409E-01 -.15756E+01 -.16571E+00
.05469 .68716E+00 .26896E-03 .65418E+00 .92676E-01 -.16004E+01 -.16615E+00
.05990 .66452E+00 .30201E-03 .70144E+00 .10133E+00 -.16304E+01 -.16283E+00
.06510 .64440E+00 .32109E-03 .75747E+00 .11321E+00 -.16655E+01 -.15008E+00
.07031 .63668E+00 .31780E-03 .81945E+00 .12262E+00 -.17039E+01 -.12479E+00
.07552 .64272E+00 .28831E-03 .88373E+00 .12346E+00 -.17432E+01 -.93040E-01
.08073 .65563E+00 .23613E-03 .94670E+00 .11145E+00 -.17815E+01 -.67516E-01
.08594 .66603E+00 .17013E-03 .10058E+01 .89276E-01 -.18186E+01 -.57325E-01
.09115 .66891E+00 .10208E-03 .10597E+01 .67867E-01 -.18569E+01 -.60290E-01
.09635 .66815E+00 .44862E-04 .11078E+01 .58058E-01 -.18993E+01 -.65294E-01
.10156 .67431E+00 .80449E-05 .11504E+01 .61665E-01 -.19468E+01 -.60344E-01
.10677 .69816E+00 -.67488E-05 .11899E+01 .70093E-01 -.19972E+01 -.39077E-01
.11198 .74232E+00 -.48926E-05 .12301E+01 .73269E-01 -.20486E+01 -.29040E-02
.11719 .79773E+00 .64344E-05 .12751E+01 .68139E-01 -.21009E+01 .40080E-01
.12240 .84809E+00 .21837E-04 .13268E+01 .57537E-01 -.21552E+01 .77271E-01
.12760 .87665E+00 .38161E-04 .13846E+01 .45622E-01 -.22121E+01 .94774E-01
.13281 .87197E+00 .53726E-04 .14461E+01 .35731E-01 -.22716E+01 .82263E-01
.13802 .83200E+00 .67354E-04 .15093E+01 .31322E-01 -.23340E+01 .38748E-01
.14323 .76581E+00 .77785E-04 .15729E+01 .35828E-01 -.23994E+01 -.24781E-01
.14844 .69139E+00 .83965E-04 .16363E+01 .48565E-01 -.24665E+01 -.90206E-01
.15365 .63035E+00 .85564E-04 .16999E+01 .64131E-01 -.25333E+01 -.13885E+00
.15885 .60160E+00 .82857E-04 .17650E+01 .75353E-01 -.25986E+01 -.15656E+00
.16406 .61199E+00 .76349E-04 .18333E+01 .76144E-01 -.26625E+01 -.14102E+00
.16927 .65132E+00 .67585E-04 .19061E+01 .66914E-01 -.27265E+01 -.10206E+00
.17448 .70211E+00 .60265E-04 .19845E+01 .54187E-01 -.27924E+01 -.51541E-01
.17969 .74707E+00 .58142E-04 .20698E+01 .41732E-01 -.28615E+01 -.28105E-02
.18490 .76517E+00 .59802E-04 .21630E+01 .32690E-01 -.29349E+01 .25939E-01
.19010 .74135E+00 .57205E-04 .22639E+01 .33291E-01 -.30143E+01 .24293E-01
.19531 .68462E+00 .42535E-04 .23721E+01 .39367E-01 -.30975E+01 -.13276E-02
.20052 .61807E+00 .16004E-04 .24879E+01 .35489E-01 -.31797E+01 -.38214E-01
.20573 .55114E+00 -.14525E-04 .26117E+01 .19201E-01 -.32605E+01 -.78479E-01
.21094 .47565E+00 -.39017E-04 .27439E+01 .59592E-02 -.33460E+01 -.12055E+00
.21615 .38321E+00 -.48949E-04 .28845E+01 .93170E-02 -.34417E+01 -.16478E+00
.22135 .27759E+00 -.40288E-04 .30333E+01 .28869E-01 -.35474E+01 -.20775E+00
.22656 .17643E+00 -.17014E-04 .31894E+01 .53303E-01 -.36588E+01 -.23966E+00
.23177 .10287E+00 .10115E-04 .33514E+01 .71078E-01 -.37728E+01 -.24748E+00
.23698 .71173E-01 .28511E-04 .35161E+01 .78018E-01 -.38901E+01 -.22474E+00
.24219 .77725E-01 .22918E-04 .36791E+01 .77248E-01 -.40132E+01 -.17916E+00
.24740 .10674E+00 -.27468E-04 .38359E+01 .72357E-01 -.41439E+01 -.12895E+00
.25260 .14426E+00 -.13828E-03 .39841E+01 .62526E-01 -.42809E+01 -.90073E-01
.25781 .17946E+00 -.30267E-03 .41239E+01 .51336E-01 -.44220E+01 -.67606E-01
.26302 .20386E+00 -.49243E-03 .42573E+01 .48486E-01 -.45656E+01 -.56443E-01
.26823 .20990E+00 -.67906E-03 .43879E+01 .53081E-01 -.47082E+01 -.57955E-01
.27344 .18751E+00 -.86019E-03 .45227E+01 .58394E-01 -.48472E+01 -.79520E-01
.27865 .13256E+00 -.10755E-02 .46719E+01 .60762E-01 -.49851E+01 -.12097E+00 
.28385 .61531E-01 -.13847E-02 .48434E+01 .58411E-01 -.51277E+01 -.16571E+00
.28906 .12059E-01 -.18035E-02 .50386E+01 .49018E-01 -.52791E+01 -.18123E+00
.29427 .23384E-02 -.22557E-02 .52549E+01 .28785E-01 -.54385E+01 -.15476E+00
.29948 .19563E-01 -.26089E-02 .54865E+01 -.44802E-02 -.56010E+01 -.10207E+00 
.30469 .43290E-01 -.27700E-02 .57279E+01 -.48020E-01 -.57639E+01 -.43549E-01 
.30990 .55406E-01 -.27388E-02 .59742E+01 -.86242E-01 -.59289E+01 .11689E-01 
.31510 .48938E-01 -.25751E-02 .62191E+01 -.10933E+00 -.60976E+01 .58493E-01 
.32031 .18477E-01 -.23382E-02 .64586E+01 -.11436E+00 -.62722E+01 .88188E-01 
.32552 -.31210E-01 -.20553E-02 .66934E+01 -.10087E+00 -.64555E+01 .10378E+00 
.33073 -.76738E-01 -.17122E-02 .69229E+01 -.70038E-01 -.66474E+01 .12710E+00 
.33594 -.93122E-01 -.12948E-02 .71432E+01 -.19034E-01 -.68468E+01 .18304E+00
.34115 -.55913E-01 -.85516E-03 .73534E+01 .25300E-01 -.70470E+01 .27496E+00
.34635 .38930E-01 -.48204E-03 .75570E+01 .73054E-02 -.72358E+01 .36692E+00
.35156 .13520E+00 -.22258E-03 .77573E+01 -.58478E-01 -.74173E+01 .41645E+00
.35677 .15739E+00 -.72635E-04 .79555E+01 -.94467E-01 -.76076E+01 .41076E+00
.36198 .12621E+00 -.77826E-05 .81560E+01 -.11862E+00 -.78046E+01 .35895E+00
.36719 .84946E-01 .50633E-06 .83666E+01 -.17219E+00 -.80013E+01 .27800E+00
.37240 .10458E-01 -.28671E-04 .85899E+01 -.21363E+00 -.82066E+01 .18012E+00
.37760 -.74520E-01 -.97560E-04 .88196E+01 -.21789E+00 -.84264E+01 .10075E+00 
.38281 -.99621E-01 -.21488E-03 .90482E+01 -.20943E+00 -.86552E+01 .83765E-01 
.38802 -.57038E-01 -.35491E-03 .92710E+01 -.20436E+00 -.88892E+01 .12012E+00 
.39323 .19034E-02 -.44705E-03 .94879E+01 -.19597E+00 -.91309E+01 .16242E+00 
.39844 .46030E-01 -.44160E-03 .97069E+01 -.17441E+00 -.93841E+01 .19391E+00 
.40365 .82025E-01 -.35587E-03 .99407E+01 -.14606E+00 -.96503E+01 .22594E+00 
.40885 .12412E+00 -.23183E-03 .10196E+02 -.11303E+00 -.99314E+01 .27542E+00 
.41406 .18479E+00 -.10812E-03 .10474E+02 -.83620E-01 -.10226E+02 .34940E+00 
.41927 .25799E+00 -.24333E-04 .10776E+02 -.89605E-01 -.10522E+02 .42213E+00 
.42448 .30019E+00 .36493E-05 .11104E+02 -.16464E+00 -.10815E+02 .42504E+00 
.42969 .25918E+00 -.86055E-05 .11467E+02 -.28465E+00 -.11104E+02 .33792E+00 
.43490 .17611E+00 -.32559E-04 .11882E+02 -.45919E+00 -.11384E+02 .21538E+00 
.44010 .13247E+00 -.40373E-04 .12347E+02 -.70361E+00 -.11645E+02 .13090E+00 
.44531 .14477E+00 -.26457E-04 .12836E+02 -.97930E+00 -.11886E+02 .11478E+00 
.45052 .15851E+00 -.69616E-05 .13309E+02 -.12120E+01 -.12094E+02 .16118E+00 
.45573 .12654E+00 .25838E-05 .13700E+02 -.13769E+01 -.12217E+02 .23302E+00 
.46094 .37079E-01 -.44945E-05 .13893E+02 -.14928E+01 -.12155E+02 .28207E+00 
.46615 -.13759E+00 -.25252E-04 .13749E+02 -.15394E+01 -.11792E+02 .27911E+00 
.47135 -.38063E+00 -.47747E-04 .13156E+02 -.14983E+01 -.11032E+02 .24545E+00 
.47656 -.61399E+00 -.60021E-04 .12058E+02 -.13913E+01 -.98222E+01 .23017E+00
.48177 -.68033E+00 -.57562E-04 .10484E+02 -.12774E+01 -.83038E+01 .22228E+00 
.48698 -.47764E+00 -.38450E-04 .86023E+01 -.70100E+00 -.72389E+01 .18473E+00 
.49219 -.16928E+00 -.13855E-04 .65688E+01 .21385E+01 -.84090E+01 .12895E+00 
.49740 -.15240E-01 -.16775E-05 .36764E+01 .11062E+02 -.14615E+02 .10790E+00 
