#Pressure fluctuations p:
#
#     rms        3rd moment      4th moment
0.89405465E+00 -0.53937744E-01 0.20323357E+01 
0.89316855E+00 -0.53604764E-01 0.20170709E+01 
0.89371012E+00 -0.53428457E-01 0.20162597E+01 
0.89505794E+00 -0.54141043E-01 0.20251360E+01 
0.89721234E+00 -0.55802383E-01 0.20439919E+01 
0.90019123E+00 -0.58581645E-01 0.20741004E+01 
0.90400478E+00 -0.62680976E-01 0.21167725E+01 
0.90864334E+00 -0.68287968E-01 0.21729038E+01 
0.91407761E+00 -0.75530830E-01 0.22429753E+01 
0.92026166E+00 -0.84424166E-01 0.23271004E+01 
0.92713562E+00 -0.94836514E-01 0.24248554E+01 
0.93463004E+00 -0.10651814E+00 0.25350956E+01 
0.94267295E+00 -0.11916826E+00 0.26560565E+01 
0.95119837E+00 -0.13248306E+00 0.27857525E+01 
0.96015569E+00 -0.14617364E+00 0.29224695E+01 
0.96951996E+00 -0.16000147E+00 0.30652564E+01 
0.97929935E+00 -0.17385912E+00 0.32144591E+01 
0.98952979E+00 -0.18781781E+00 0.33719995E+01 
0.10002515E+01 -0.20204728E+00 0.35408711E+01 
0.10114803E+01 -0.21668621E+00 0.37241257E+01 
0.10231978E+01 -0.23183458E+00 0.39243268E+01 
0.10353639E+01 -0.24766546E+00 0.41438597E+01 
0.10479311E+01 -0.26446323E+00 0.43853492E+01 
0.10608452E+01 -0.28247971E+00 0.46512321E+01 
0.10740374E+01 -0.30173302E+00 0.49425094E+01 
0.10874220E+01 -0.32191871E+00 0.52575660E+01 
0.11009014E+01 -0.34246286E+00 0.55919843E+01 
0.11143809E+01 -0.36266838E+00 0.59396607E+01 
0.11277896E+01 -0.38193949E+00 0.62948639E+01 
0.11411003E+01 -0.40004809E+00 0.66544568E+01 
0.11543356E+01 -0.41730842E+00 0.70192811E+01 
0.11675553E+01 -0.43450008E+00 0.73936936E+01 
0.11808293E+01 -0.45251678E+00 0.77829234E+01 
0.11942129E+01 -0.47195812E+00 0.81897790E+01 
0.12077378E+01 -0.49299734E+00 0.86137556E+01 
0.12214172E+01 -0.51554486E+00 0.90533712E+01 
0.12352494E+01 -0.53937771E+00 0.95083867E+01 
0.12492233E+01 -0.56419018E+00 0.99799064E+01 
0.12633410E+01 -0.58979905E+00 0.10470185E+02 
0.12776380E+01 -0.61641279E+00 0.10983521E+02 
0.12921741E+01 -0.64457003E+00 0.11526502E+02 
0.13070063E+01 -0.67471611E+00 0.12106480E+02 
0.13221644E+01 -0.70692271E+00 0.12729875E+02 
0.13376438E+01 -0.74096202E+00 0.13401631E+02 
0.13534180E+01 -0.77649049E+00 0.14125994E+02 
0.13694584E+01 -0.81339299E+00 0.14908772E+02 
0.13857383E+01 -0.85207607E+00 0.15757642E+02 
0.14022139E+01 -0.89323653E+00 0.16675172E+02 
0.14188083E+01 -0.93753975E+00 0.17652205E+02 
0.14354191E+01 -0.98579933E+00 0.18675479E+02 
0.14519431E+01 -0.10390365E+01 0.19741849E+02 
0.14683103E+01 -0.10981213E+01 0.20862702E+02 
0.14844923E+01 -0.11628672E+01 0.22051309E+02 
0.15004730E+01 -0.12304815E+01 0.23290531E+02 
0.15162564E+01 -0.12958680E+01 0.24514628E+02 
0.15319061E+01 -0.13555422E+01 0.25668518E+02 
0.15475265E+01 -0.14099442E+01 0.26766986E+02 
0.15631905E+01 -0.14616041E+01 0.27866299E+02 
0.15789062E+01 -0.15125973E+01 0.29011743E+02 
0.15946243E+01 -0.15621773E+01 0.30203555E+02 
0.16102773E+01 -0.16069268E+01 0.31399478E+02 
0.16258422E+01 -0.16451262E+01 0.32568052E+02 
0.16413240E+01 -0.16790949E+01 0.33728950E+02 
0.16566506E+01 -0.17113062E+01 0.34914591E+02 
0.16716616E+01 -0.17409806E+01 0.36122340E+02 
0.16862305E+01 -0.17663093E+01 0.37330362E+02 
0.17003575E+01 -0.17879416E+01 0.38541081E+02 
0.17141462E+01 -0.18086811E+01 0.39789887E+02 
0.17276844E+01 -0.18305235E+01 0.41108046E+02 
0.17409420E+01 -0.18530179E+01 0.42487780E+02 
0.17538143E+01 -0.18757721E+01 0.43916146E+02 
0.17662071E+01 -0.18990552E+01 0.45397187E+02 
0.17780288E+01 -0.19233034E+01 0.46951643E+02 
0.17891432E+01 -0.19492782E+01 0.48616915E+02 
0.17993739E+01 -0.19765640E+01 0.50410806E+02 
0.18085145E+01 -0.20024525E+01 0.52279967E+02 
0.18163551E+01 -0.20233657E+01 0.54100742E+02 
0.18226852E+01 -0.20386140E+01 0.55810444E+02 
0.18272638E+01 -0.20494110E+01 0.57453108E+02 
0.18297478E+01 -0.20493648E+01 0.58965449E+02 
0.18297660E+01 -0.20268056E+01 0.60200879E+02 
0.18270867E+01 -0.19729280E+01 0.61082144E+02 
0.18216764E+01 -0.18807452E+01 0.61546515E+02 
0.18135638E+01 -0.17457393E+01 0.61561607E+02 
0.18026771E+01 -0.15638808E+01 0.61093271E+02 
0.17889224E+01 -0.13315204E+01 0.60026870E+02 
0.17723380E+01 -0.10552874E+01 0.58322091E+02 
0.17529159E+01 -0.74997527E+00 0.55957112E+02 
0.17306999E+01 -0.43293714E+00 0.52928789E+02 
0.17061565E+01 -0.12602222E+00 0.49427813E+02 
0.16801472E+01  0.15098120E+00 0.45681216E+02 
0.16538110E+01  0.38380238E+00 0.41919081E+02 
0.16287293E+01  0.56008323E+00 0.38459610E+02
0.16071260E+01  0.67252476E+00 0.35559361E+02 
0.15919976E+01  0.72609275E+00 0.33467820E+02 
0.15867754E+01  0.74578199E+00 0.32646014E+02 
