# Reynolds, viscous and total shear stresses
#
#r/D     <u_r u_z>      - nu d<U_z>dr   <u_r u_z> - nu d<U_z>dr
0.00521 0.10330874E-01 0.11430485E-03 0.10445178E-01
0.01042 0.19813098E-01 0.10863537E-02 0.20899452E-01 
0.01562 0.29162083E-01 0.22185808E-02 0.31380664E-01 
0.02083 0.38577214E-01 0.33372258E-02 0.41914439E-01 
0.02604 0.48096410E-01 0.44261199E-02 0.52522530E-01 
0.03125 0.57749996E-01 0.54612584E-02 0.63211254E-01 
0.03646 0.67547743E-01 0.64184995E-02 0.73966243E-01 
0.04167 0.77473255E-01 0.72842942E-02 0.84757549E-01 
0.04687 0.87490334E-01 0.80592018E-02 0.95549536E-01 
0.05208 0.97555372E-01 0.87547987E-02 0.10631017E+00 
0.05729 0.10762496E+00 0.93947358E-02 0.11701970E+00 
0.06250 0.11766027E+00 0.10016376E-01 0.12767665E+00 
0.06771 0.12763429E+00 0.10662549E-01 0.13829684E+00 
0.07292 0.13753916E+00 0.11365025E-01 0.14890419E+00 
0.07812 0.14738353E+00 0.12132036E-01 0.15951557E+00 
0.08333 0.15717828E+00 0.12949391E-01 0.17012767E+00 
0.08854 0.16692333E+00 0.13796314E-01 0.18071964E+00 
0.09375 0.17661236E+00 0.14661585E-01 0.19127394E+00 
0.09896 0.18625351E+00 0.15541191E-01 0.20179470E+00 
0.10417 0.19587814E+00 0.16424907E-01 0.21230304E+00 
0.10937 0.20552397E+00 0.17294720E-01 0.22281869E+00 
0.11458 0.21521680E+00 0.18135243E-01 0.23335204E+00 
0.11979 0.22497123E+00 0.18938706E-01 0.24390994E+00 
0.12500 0.23479711E+00 0.19700382E-01 0.25449749E+00 
0.13021 0.24469318E+00 0.20415835E-01 0.26510901E+00 
0.13542 0.25463570E+00 0.21085911E-01 0.27572161E+00 
0.14062 0.26458483E+00 0.21721001E-01 0.28630583E+00 
0.14583 0.27451046E+00 0.22334435E-01 0.29684489E+00 
0.15104 0.28440845E+00 0.22930481E-01 0.30733893E+00 
0.15625 0.29428708E+00 0.23503295E-01 0.31779037E+00 
0.16146 0.30414782E+00 0.24047458E-01 0.32819527E+00 
0.16667 0.31398913E+00 0.24562773E-01 0.33855190E+00 
0.17187 0.32381554E+00 0.25049606E-01 0.34886515E+00 
0.17708 0.33363018E+00 0.25508263E-01 0.35913844E+00 
0.18229 0.34342732E+00 0.25944803E-01 0.36937212E+00 
0.18750 0.35319654E+00 0.26374001E-01 0.37957054E+00 
0.19271 0.36292560E+00 0.26815595E-01 0.38974120E+00 
0.19792 0.37259729E+00 0.27287038E-01 0.39988433E+00 
0.20312 0.38218884E+00 0.27799192E-01 0.40998803E+00 
0.20833 0.39168197E+00 0.28356664E-01 0.42003863E+00 
0.21354 0.40108075E+00 0.28958806E-01 0.43003956E+00 
0.21875 0.41042088E+00 0.29602160E-01 0.44002304E+00 
0.22396 0.41976287E+00 0.30282155E-01 0.45004502E+00 
0.22917 0.42917617E+00 0.30989254E-01 0.46016542E+00 
0.23437 0.43871868E+00 0.31710714E-01 0.47042939E+00 
0.23958 0.44842328E+00 0.32442695E-01 0.48086598E+00 
0.24479 0.45829811E+00 0.33195256E-01 0.49149337E+00 
0.25000 0.46833601E+00 0.33980916E-01 0.50231692E+00 
0.25521 0.47852844E+00 0.34796963E-01 0.51332540E+00 
0.26042 0.48886276E+00 0.35618452E-01 0.52448121E+00 
0.26562 0.49929819E+00 0.36408984E-01 0.53570718E+00 
0.27083 0.50974141E+00 0.37138716E-01 0.54688012E+00 
0.27604 0.52005184E+00 0.37803609E-01 0.55785545E+00 
0.28125 0.53010879E+00 0.38425116E-01 0.56853390E+00 
0.28646 0.53986193E+00 0.39032928E-01 0.57889486E+00 
0.29167 0.54931675E+00 0.39672689E-01 0.58898944E+00 
0.29687 0.55853130E+00 0.40398395E-01 0.59892969E+00 
0.30208 0.56761092E+00 0.41224178E-01 0.60883510E+00 
0.30729 0.57663781E+00 0.42126699E-01 0.61876451E+00 
0.31250 0.58563161E+00 0.43080477E-01 0.62871209E+00 
0.31771 0.59455885E+00 0.44079039E-01 0.63863789E+00 
0.32292 0.60335345E+00 0.45158244E-01 0.64851169E+00 
0.32812 0.61199336E+00 0.46363818E-01 0.65835718E+00 
0.33333 0.62051039E+00 0.47705743E-01 0.66821614E+00 
0.33854 0.62890636E+00 0.49196550E-01 0.67810292E+00 
0.34375 0.63716885E+00 0.50866900E-01 0.68803575E+00 
0.34896 0.64531513E+00 0.52734092E-01 0.69804922E+00 
0.35417 0.65336553E+00 0.54788558E-01 0.70815409E+00 
0.35937 0.66124973E+00 0.57023903E-01 0.71827363E+00 
0.36458 0.66883321E+00 0.59460348E-01 0.72829356E+00 
0.36979 0.67606081E+00 0.62125541E-01 0.73818635E+00 
0.37500 0.68289644E+00 0.65073695E-01 0.74797014E+00 
0.38021 0.68926115E+00 0.68392765E-01 0.75765392E+00 
0.38542 0.69510901E+00 0.72179956E-01 0.76728896E+00 
0.39062 0.70035441E+00 0.76594042E-01 0.77694846E+00 
0.39583 0.70478139E+00 0.81878467E-01 0.78665986E+00 
0.40104 0.70812682E+00 0.88298143E-01 0.79642496E+00 
0.40625 0.71006679E+00 0.96184744E-01 0.80625153E+00 
0.41146 0.71024705E+00 0.10593936E+00 0.81618641E+00 
0.41667 0.70838271E+00 0.11792691E+00 0.82630962E+00 
0.42187 0.70405604E+00 0.13258037E+00 0.83663640E+00 
0.42708 0.69654663E+00 0.15054989E+00 0.84709651E+00 
0.43229 0.68498679E+00 0.17264300E+00 0.85762979E+00 
0.43750 0.66841951E+00 0.19980162E+00 0.86822113E+00 
0.44271 0.64564223E+00 0.23323136E+00 0.87887359E+00 
0.44792 0.61507283E+00 0.27449815E+00 0.88957098E+00 
0.45312 0.57477714E+00 0.32547280E+00 0.90024994E+00 
0.45833 0.52269328E+00 0.38815396E+00 0.91084724E+00 
0.46354 0.45716030E+00 0.46423404E+00 0.92139434E+00 
0.46875 0.37774381E+00 0.55425641E+00 0.93200023E+00 
0.47396 0.28656029E+00 0.65617347E+00 0.94273377E+00 
0.47917 0.19007247E+00 0.76351119E+00 0.95358366E+00 
0.48437 0.10081534E+00 0.86366631E+00 0.96448165E+00 
0.48958 0.35596700E-01 0.93976093E+00 0.97535763E+00 
0.49479 0.49877913E-02 0.98112841E+00 0.98611620E+00 
0.50000 0.00000000E+00 0.99667431E+00 0.99667431E+00 
