%Morse station 1, x/D=0.5
          22
%r/x, r/r05, U/Ucl, V/Ucl, W/Wmax, u2, /  v2, w2, uv, uw, vw
 .0000E+00 .0000E+00 .1000E+01 .0000E+00 .0000E+00 .9600E-02 .2610E-01 .2530E-01-.2500E-03-.1000E-03-.2000E-04
 .3900E-01 .4100E-01 .9950E+00 .3000E-03 .1700E+00 .9300E-02 .2500E-01 .2430E-01 .2000E-04-.2600E-03-.2900E-03
 .7900E-01 .8300E-01 .9940E+00 .5000E-03 .3190E+00 .8500E-02 .2390E-01 .2220E-01 .2300E-03-.3800E-03-.5800E-03
 .1180E+00 .1240E+00 .9890E+00 .7000E-03 .4520E+00 .8100E-02 .2270E-01 .1960E-01 .7000E-04-.4700E-03-.3600E-03
 .1770E+00 .1860E+00 .9860E+00 .1500E-02 .5540E+00 .7500E-02 .2140E-01 .1620E-01 .9000E-04-.9800E-03-.2300E-03
 .2360E+00 .2480E+00 .9680E+00 .2300E-02 .7260E+00 .7100E-02 .1720E-01 .1330E-01 .3200E-03-.1730E-02-.3500E-03
 .3150E+00 .3320E+00 .9490E+00 .2800E-02 .8860E+00 .6100E-02 .1360E-01 .7600E-02 .2500E-03-.9700E-03-.3400E-03
 .3940E+00 .4150E+00 .9450E+00 .3600E-02 .9680E+00 .5300E-02 .1060E-01 .5500E-02 .5700E-03-.1190E-02-.2300E-03
 .4720E+00 .4970E+00 .9420E+00 .4400E-02 .9840E+00 .5500E-02 .8700E-02 .5600E-02 .6000E-03-.6200E-03-.4000E-04
 .5510E+00 .5800E+00 .9290E+00 .5300E-02 .1000E+01 .4900E-02 .6800E-02 .7100E-02 .9000E-03-.6100E-03 .8000E-04
 .6300E+00 .6630E+00 .9160E+00 .7100E-02 .9910E+00 .5500E-02 .6400E-02 .6700E-02 .1440E-02-.6000E-03 .2700E-03
 .7090E+00 .7460E+00 .9050E+00 .9200E-02 .9840E+00 .8000E-02 .7000E-02 .5800E-02 .2440E-02-.2300E-03 .5800E-03
 .7870E+00 .8280E+00 .8660E+00 .1110E-01 .9370E+00 .1450E-01 .5600E-02 .8300E-02 .3510E-02 .1200E-03 .2950E-02
 .8270E+00 .8710E+00 .8340E+00 .1260E-01 .8920E+00 .2120E-01 .7300E-02 .1030E-01 .6750E-02 .1450E-02 .4280E-02
 .8660E+00 .9120E+00 .7630E+00 .1330E-01 .8210E+00 .2980E-01 .1030E-01 .1470E-01 .1035E-01 .4690E-02 .7430E-02
 .9060E+00 .9540E+00 .6390E+00 .1230E-01 .7510E+00 .3530E-01 .1610E-01 .1880E-01 .1184E-01 .6460E-02 .1121E-01
 .9450E+00 .9950E+00 .5220E+00 .1080E-01 .6370E+00 .3440E-01 .2140E-01 .2060E-01 .1320E-01 .8260E-02 .1177E-01
 .9840E+00 .1036E+01 .3380E+00 .3500E-02 .5110E+00 .2730E-01 .2540E-01 .1960E-01 .1077E-01 .7960E-02 .9700E-02
 .1024E+01 .1078E+01 .2170E+00-.2200E-02 .3940E+00 .2090E-01 .2330E-01 .1650E-01 .7060E-02 .7260E-02 .8530E-02
 .1063E+01 .1119E+01 .1350E+00-.9000E-02 .2680E+00 .1280E-01 .1560E-01 .1240E-01 .3620E-02 .5280E-02 .4980E-02
 .1102E+01 .1160E+01 .8500E-01-.1660E-01 .1780E+00 .5300E-02 .3400E-02 .4500E-02 .2020E-02 .3620E-02 .3550E-02
 .1181E+01 .1243E+01 .5300E-01-.2950E-01 .1160E+00 .1500E-02 .2000E-03 .1500E-02 .6800E-03 .2090E-02 .8600E-03
