# The data in this file was extracted from a direct numerical
# simulation of fully developed plane turbulent channel
# flow. Particulars are listed below. Note that some of the statistical
# quantities provided in this data set should be zero due to
# (statistical) symmetries in the flow. These quantities are reported
# here none-the-less as an indicator of the quality of the statistics.
# more statistics from this data set are available at 
# http://www.tam.uiuc.edu/Faculty/Moser/channel 
#
# Authors: Moser, Kim & Mansour
# Reference: DNS of Turbulent Channel Flow up to Re_tau=590, 1999,
#            Physics of Fluids, vol 11, 943-945.
# Numerical Method: Kim, Moin & Moser, 1987, J. Fluid Mech. vol 177, 133-166 
# Re_tau = 392.24
# Normalization: U_tau, h 
# Description: Spanwise (z) Two-point cross correlations of velocity and pressure at indicated y-location 
# Filename: chan395/correlations/chan395.zccorr.392 
# Date File Created: Mar 01, 2000 
#
#---End of Header---
# 
# nz = 256,  Re = 392.24,  y = 1.00000,  y+ = 392.24
#      dz           dz+         R_uv         R_up         R_vp
#
   0.0000e+00   0.0000e+00  -4.4218e-03   4.5093e-02  -1.2707e-02
   1.2272e-02   4.8136e+00  -4.2152e-03   4.4321e-02  -1.3702e-02
   2.4544e-02   9.6271e+00  -3.9318e-03   4.2983e-02  -1.4670e-02
   3.6816e-02   1.4441e+01  -3.5803e-03   4.1162e-02  -1.5596e-02
   4.9087e-02   1.9254e+01  -3.1707e-03   3.8946e-02  -1.6460e-02
   6.1359e-02   2.4068e+01  -2.7196e-03   3.6421e-02  -1.7242e-02
   7.3631e-02   2.8881e+01  -2.2520e-03   3.3666e-02  -1.7931e-02
   8.5903e-02   3.3695e+01  -1.7980e-03   3.0747e-02  -1.8521e-02
   9.8175e-02   3.8509e+01  -1.3876e-03   2.7724e-02  -1.9010e-02
   1.1045e-01   4.3322e+01  -1.0432e-03   2.4643e-02  -1.9403e-02
   1.2272e-01   4.8136e+01  -7.7402e-04   2.1536e-02  -1.9700e-02
   1.3499e-01   5.2949e+01  -5.7462e-04   1.8422e-02  -1.9908e-02
   1.4726e-01   5.7763e+01  -4.2929e-04   1.5313e-02  -2.0032e-02
   1.5953e-01   6.2576e+01  -3.1917e-04   1.2215e-02  -2.0084e-02
   1.7181e-01   6.7390e+01  -2.2874e-04   9.1351e-03  -2.0073e-02
   1.8408e-01   7.2203e+01  -1.4856e-04   6.0828e-03  -2.0014e-02
   1.9635e-01   7.7017e+01  -7.4408e-05   3.0690e-03  -1.9919e-02
   2.0862e-01   8.1831e+01  -5.3529e-06   1.0609e-04  -1.9800e-02
   2.2089e-01   8.6644e+01   5.6515e-05  -2.7944e-03  -1.9668e-02
   2.3317e-01   9.1458e+01   1.0504e-04  -5.6232e-03  -1.9532e-02
   2.4544e-01   9.6271e+01   1.2980e-04  -8.3737e-03  -1.9397e-02
   2.5771e-01   1.0108e+02   1.1777e-04  -1.1042e-02  -1.9266e-02
   2.6998e-01   1.0590e+02   5.6242e-05  -1.3624e-02  -1.9135e-02
   2.8225e-01   1.1071e+02  -6.4145e-05  -1.6116e-02  -1.8999e-02
   2.9452e-01   1.1553e+02  -2.4779e-04  -1.8514e-02  -1.8852e-02
   3.0680e-01   1.2034e+02  -4.9436e-04  -2.0811e-02  -1.8688e-02
   3.1907e-01   1.2515e+02  -8.0009e-04  -2.3001e-02  -1.8502e-02
   3.3134e-01   1.2997e+02  -1.1586e-03  -2.5080e-02  -1.8289e-02
   3.4361e-01   1.3478e+02  -1.5608e-03  -2.7045e-02  -1.8045e-02
   3.5588e-01   1.3959e+02  -1.9955e-03  -2.8897e-02  -1.7762e-02
   3.6816e-01   1.4441e+02  -2.4506e-03  -3.0637e-02  -1.7432e-02
   3.8043e-01   1.4922e+02  -2.9156e-03  -3.2268e-02  -1.7044e-02
   3.9270e-01   1.5403e+02  -3.3824e-03  -3.3792e-02  -1.6589e-02
   4.0497e-01   1.5885e+02  -3.8444e-03  -3.5212e-02  -1.6059e-02
   4.1724e-01   1.6366e+02  -4.2949e-03  -3.6529e-02  -1.5453e-02
   4.2951e-01   1.6847e+02  -4.7278e-03  -3.7748e-02  -1.4771e-02
   4.4179e-01   1.7329e+02  -5.1381e-03  -3.8869e-02  -1.4020e-02
   4.5406e-01   1.7810e+02  -5.5220e-03  -3.9895e-02  -1.3209e-02
   4.6633e-01   1.8292e+02  -5.8781e-03  -4.0829e-02  -1.2350e-02
   4.7860e-01   1.8773e+02  -6.2077e-03  -4.1677e-02  -1.1460e-02
   4.9087e-01   1.9254e+02  -6.5129e-03  -4.2445e-02  -1.0559e-02
   5.0315e-01   1.9736e+02  -6.7947e-03  -4.3138e-02  -9.6650e-03
   5.1542e-01   2.0217e+02  -7.0491e-03  -4.3764e-02  -8.7974e-03
   5.2769e-01   2.0698e+02  -7.2657e-03  -4.4333e-02  -7.9704e-03
   5.3996e-01   2.1180e+02  -7.4291e-03  -4.4851e-02  -7.1934e-03
   5.5223e-01   2.1661e+02  -7.5222e-03  -4.5330e-02  -6.4705e-03
   5.6450e-01   2.2142e+02  -7.5304e-03  -4.5777e-02  -5.8012e-03
   5.7678e-01   2.2624e+02  -7.4445e-03  -4.6204e-02  -5.1813e-03
   5.8905e-01   2.3105e+02  -7.2607e-03  -4.6621e-02  -4.6046e-03
   6.0132e-01   2.3586e+02  -6.9795e-03  -4.7035e-02  -4.0642e-03
   6.1359e-01   2.4068e+02  -6.6040e-03  -4.7457e-02  -3.5542e-03
   6.2586e-01   2.4549e+02  -6.1389e-03  -4.7891e-02  -3.0703e-03
   6.3814e-01   2.5031e+02  -5.5920e-03  -4.8339e-02  -2.6113e-03
   6.5041e-01   2.5512e+02  -4.9744e-03  -4.8801e-02  -2.1782e-03
   6.6268e-01   2.5993e+02  -4.3009e-03  -4.9272e-02  -1.7733e-03
   6.7495e-01   2.6475e+02  -3.5883e-03  -4.9745e-02  -1.3990e-03
   6.8722e-01   2.6956e+02  -2.8537e-03  -5.0213e-02  -1.0558e-03
   6.9950e-01   2.7437e+02  -2.1131e-03  -5.0670e-02  -7.4253e-04
   7.1177e-01   2.7919e+02  -1.3804e-03  -5.1113e-02  -4.5557e-04
   7.2404e-01   2.8400e+02  -6.6715e-04  -5.1536e-02  -1.8961e-04
   7.3631e-01   2.8881e+02   1.7606e-05  -5.1937e-02   6.1871e-05
   7.4858e-01   2.9363e+02   6.6776e-04  -5.2312e-02   3.0571e-04
   7.6085e-01   2.9844e+02   1.2801e-03  -5.2654e-02   5.4798e-04
   7.7313e-01   3.0325e+02   1.8547e-03  -5.2960e-02   7.9295e-04
   7.8540e-01   3.0807e+02   2.3940e-03  -5.3222e-02   1.0423e-03
   7.9767e-01   3.1288e+02   2.9034e-03  -5.3439e-02   1.2948e-03
   8.0994e-01   3.1770e+02   3.3894e-03  -5.3604e-02   1.5471e-03
   8.2221e-01   3.2251e+02   3.8578e-03  -5.3716e-02   1.7945e-03
   8.3449e-01   3.2732e+02   4.3122e-03  -5.3772e-02   2.0319e-03
   8.4676e-01   3.3214e+02   4.7524e-03  -5.3768e-02   2.2545e-03
   8.5903e-01   3.3695e+02   5.1748e-03  -5.3705e-02   2.4585e-03
   8.7130e-01   3.4176e+02   5.5725e-03  -5.3582e-02   2.6411e-03
   8.8357e-01   3.4658e+02   5.9375e-03  -5.3402e-02   2.8014e-03
   8.9584e-01   3.5139e+02   6.2617e-03  -5.3172e-02   2.9398e-03
   9.0812e-01   3.5620e+02   6.5389e-03  -5.2895e-02   3.0580e-03
   9.2039e-01   3.6102e+02   6.7653e-03  -5.2578e-02   3.1585e-03
   9.3266e-01   3.6583e+02   6.9394e-03  -5.2225e-02   3.2434e-03
   9.4493e-01   3.7064e+02   7.0621e-03  -5.1841e-02   3.3145e-03
   9.5720e-01   3.7546e+02   7.1375e-03  -5.1429e-02   3.3729e-03
   9.6948e-01   3.8027e+02   7.1746e-03  -5.0994e-02   3.4186e-03
   9.8175e-01   3.8509e+02   7.1885e-03  -5.0541e-02   3.4513e-03
   9.9402e-01   3.8990e+02   7.1989e-03  -5.0075e-02   3.4694e-03
   1.0063e+00   3.9471e+02   7.2281e-03  -4.9598e-02   3.4710e-03
   1.0186e+00   3.9953e+02   7.2980e-03  -4.9112e-02   3.4538e-03
   1.0308e+00   4.0434e+02   7.4272e-03  -4.8617e-02   3.4155e-03
   1.0431e+00   4.0915e+02   7.6295e-03  -4.8111e-02   3.3542e-03
   1.0554e+00   4.1397e+02   7.9143e-03  -4.7596e-02   3.2686e-03
   1.0677e+00   4.1878e+02   8.2853e-03  -4.7076e-02   3.1588e-03
   1.0799e+00   4.2359e+02   8.7410e-03  -4.6554e-02   3.0269e-03
   1.0922e+00   4.2841e+02   9.2741e-03  -4.6035e-02   2.8779e-03
   1.1045e+00   4.3322e+02   9.8733e-03  -4.5519e-02   2.7191e-03
   1.1167e+00   4.3803e+02   1.0525e-02  -4.5006e-02   2.5594e-03
   1.1290e+00   4.4285e+02   1.1214e-02  -4.4488e-02   2.4078e-03
   1.1413e+00   4.4766e+02   1.1929e-02  -4.3958e-02   2.2712e-03
   1.1536e+00   4.5248e+02   1.2660e-02  -4.3405e-02   2.1532e-03
   1.1658e+00   4.5729e+02   1.3400e-02  -4.2816e-02   2.0530e-03
   1.1781e+00   4.6210e+02   1.4145e-02  -4.2181e-02   1.9657e-03
   1.1904e+00   4.6692e+02   1.4893e-02  -4.1489e-02   1.8836e-03
   1.2026e+00   4.7173e+02   1.5641e-02  -4.0735e-02   1.7983e-03
   1.2149e+00   4.7654e+02   1.6382e-02  -3.9915e-02   1.7022e-03
   1.2272e+00   4.8136e+02   1.7110e-02  -3.9036e-02   1.5889e-03
   1.2395e+00   4.8617e+02   1.7819e-02  -3.8108e-02   1.4532e-03
   1.2517e+00   4.9098e+02   1.8504e-02  -3.7153e-02   1.2903e-03
   1.2640e+00   4.9580e+02   1.9161e-02  -3.6197e-02   1.0953e-03
   1.2763e+00   5.0061e+02   1.9789e-02  -3.5267e-02   8.6430e-04
   1.2885e+00   5.0542e+02   2.0386e-02  -3.4390e-02   5.9485e-04
   1.3008e+00   5.1024e+02   2.0948e-02  -3.3587e-02   2.8728e-04
   1.3131e+00   5.1505e+02   2.1470e-02  -3.2871e-02  -5.5503e-05
   1.3254e+00   5.1987e+02   2.1946e-02  -3.2248e-02  -4.2871e-04
   1.3376e+00   5.2468e+02   2.2372e-02  -3.1717e-02  -8.2653e-04
   1.3499e+00   5.2949e+02   2.2744e-02  -3.1271e-02  -1.2427e-03
   1.3622e+00   5.3431e+02   2.3058e-02  -3.0897e-02  -1.6703e-03
   1.3744e+00   5.3912e+02   2.3310e-02  -3.0580e-02  -2.1018e-03
   1.3867e+00   5.4393e+02   2.3495e-02  -3.0306e-02  -2.5279e-03
   1.3990e+00   5.4875e+02   2.3611e-02  -3.0057e-02  -2.9378e-03
   1.4113e+00   5.5356e+02   2.3656e-02  -2.9819e-02  -3.3198e-03
   1.4235e+00   5.5837e+02   2.3635e-02  -2.9580e-02  -3.6624e-03
   1.4358e+00   5.6319e+02   2.3558e-02  -2.9331e-02  -3.9552e-03
   1.4481e+00   5.6800e+02   2.3440e-02  -2.9072e-02  -4.1894e-03
   1.4603e+00   5.7281e+02   2.3294e-02  -2.8803e-02  -4.3580e-03
   1.4726e+00   5.7763e+02   2.3133e-02  -2.8531e-02  -4.4552e-03
   1.4849e+00   5.8244e+02   2.2962e-02  -2.8263e-02  -4.4756e-03
   1.4972e+00   5.8726e+02   2.2782e-02  -2.8008e-02  -4.4145e-03
   1.5094e+00   5.9207e+02   2.2587e-02  -2.7774e-02  -4.2689e-03
   1.5217e+00   5.9688e+02   2.2364e-02  -2.7568e-02  -4.0400e-03
   1.5340e+00   6.0170e+02   2.2103e-02  -2.7395e-02  -3.7346e-03
   1.5463e+00   6.0651e+02   2.1789e-02  -2.7260e-02  -3.3662e-03
   1.5585e+00   6.1132e+02   2.1411e-02  -2.7166e-02  -2.9524e-03
   1.5708e+00   6.1614e+02   2.0962e-02  -2.7114e-02  -2.5133e-03
   1.5831e+00   6.2095e+02   2.0438e-02  -2.7106e-02  -2.0677e-03
   1.5953e+00   6.2576e+02   1.9839e-02  -2.7142e-02  -1.6313e-03
   1.6076e+00   6.3058e+02   1.9170e-02  -2.7218e-02  -1.2157e-03
   1.6199e+00   6.3539e+02   1.8439e-02  -2.7332e-02  -8.2760e-04
   1.6322e+00   6.4020e+02   1.7654e-02  -2.7479e-02  -4.7011e-04
   1.6444e+00   6.4502e+02   1.6828e-02  -2.7652e-02  -1.4311e-04
   1.6567e+00   6.4983e+02   1.5974e-02  -2.7850e-02   1.5584e-04
   1.6690e+00   6.5465e+02   1.5106e-02  -2.8068e-02   4.3078e-04
   1.6812e+00   6.5946e+02   1.4232e-02  -2.8308e-02   6.8643e-04
   1.6935e+00   6.6427e+02   1.3360e-02  -2.8569e-02   9.2712e-04
   1.7058e+00   6.6909e+02   1.2493e-02  -2.8854e-02   1.1558e-03
   1.7181e+00   6.7390e+02   1.1630e-02  -2.9166e-02   1.3736e-03
   1.7303e+00   6.7871e+02   1.0765e-02  -2.9505e-02   1.5795e-03
   1.7426e+00   6.8353e+02   9.8934e-03  -2.9871e-02   1.7711e-03
   1.7549e+00   6.8834e+02   9.0063e-03  -3.0260e-02   1.9452e-03
   1.7671e+00   6.9315e+02   8.0978e-03  -3.0668e-02   2.0983e-03
   1.7794e+00   6.9797e+02   7.1646e-03  -3.1083e-02   2.2263e-03
   1.7917e+00   7.0278e+02   6.2071e-03  -3.1496e-02   2.3251e-03
   1.8040e+00   7.0759e+02   5.2298e-03  -3.1894e-02   2.3905e-03
   1.8162e+00   7.1241e+02   4.2401e-03  -3.2266e-02   2.4184e-03
   1.8285e+00   7.1722e+02   3.2468e-03  -3.2605e-02   2.4055e-03
   1.8408e+00   7.2203e+02   2.2592e-03  -3.2909e-02   2.3489e-03
   1.8530e+00   7.2685e+02   1.2880e-03  -3.3177e-02   2.2470e-03
   1.8653e+00   7.3166e+02   3.4655e-04  -3.3412e-02   2.0993e-03
   1.8776e+00   7.3648e+02  -5.4758e-04  -3.3620e-02   1.9071e-03
   1.8899e+00   7.4129e+02  -1.3725e-03  -3.3805e-02   1.6739e-03
   1.9021e+00   7.4610e+02  -2.1035e-03  -3.3969e-02   1.4057e-03
   1.9144e+00   7.5092e+02  -2.7169e-03  -3.4110e-02   1.1111e-03
   1.9267e+00   7.5573e+02  -3.1933e-03  -3.4226e-02   8.0079e-04
   1.9390e+00   7.6054e+02  -3.5210e-03  -3.4312e-02   4.8639e-04
   1.9512e+00   7.6536e+02  -3.6970e-03  -3.4364e-02   1.7912e-04
   1.9635e+00   7.7017e+02  -3.7264e-03  -3.4380e-02  -1.1162e-04
   1.9758e+00   7.7498e+02  -3.6208e-03  -3.4364e-02  -3.7918e-04
   1.9880e+00   7.7980e+02  -3.3968e-03  -3.4323e-02  -6.1986e-04
   2.0003e+00   7.8461e+02  -3.0752e-03  -3.4265e-02  -8.3237e-04
   2.0126e+00   7.8942e+02  -2.6784e-03  -3.4200e-02  -1.0168e-03
   2.0249e+00   7.9424e+02  -2.2271e-03  -3.4137e-02  -1.1738e-03
   2.0371e+00   7.9905e+02  -1.7377e-03  -3.4083e-02  -1.3036e-03
   2.0494e+00   8.0387e+02  -1.2203e-03  -3.4046e-02  -1.4065e-03
   2.0617e+00   8.0868e+02  -6.7788e-04  -3.4033e-02  -1.4834e-03
   2.0739e+00   8.1349e+02  -1.0755e-04  -3.4048e-02  -1.5359e-03
   2.0862e+00   8.1831e+02   4.9673e-04  -3.4098e-02  -1.5665e-03
   2.0985e+00   8.2312e+02   1.1401e-03  -3.4184e-02  -1.5789e-03
   2.1108e+00   8.2793e+02   1.8232e-03  -3.4309e-02  -1.5768e-03
   2.1230e+00   8.3275e+02   2.5407e-03  -3.4473e-02  -1.5637e-03
   2.1353e+00   8.3756e+02   3.2817e-03  -3.4676e-02  -1.5426e-03
   2.1476e+00   8.4237e+02   4.0315e-03  -3.4921e-02  -1.5155e-03
   2.1598e+00   8.4719e+02   4.7737e-03  -3.5209e-02  -1.4848e-03
   2.1721e+00   8.5200e+02   5.4921e-03  -3.5543e-02  -1.4536e-03
   2.1844e+00   8.5681e+02   6.1728e-03  -3.5928e-02  -1.4268e-03
   2.1967e+00   8.6163e+02   6.8048e-03  -3.6368e-02  -1.4111e-03
   2.2089e+00   8.6644e+02   7.3793e-03  -3.6870e-02  -1.4150e-03
   2.2212e+00   8.7126e+02   7.8894e-03  -3.7436e-02  -1.4475e-03
   2.2335e+00   8.7607e+02   8.3305e-03  -3.8067e-02  -1.5172e-03
   2.2457e+00   8.8088e+02   8.7015e-03  -3.8756e-02  -1.6298e-03
   2.2580e+00   8.8570e+02   9.0062e-03  -3.9489e-02  -1.7872e-03
   2.2703e+00   8.9051e+02   9.2538e-03  -4.0246e-02  -1.9867e-03
   2.2826e+00   8.9532e+02   9.4583e-03  -4.1004e-02  -2.2217e-03
   2.2948e+00   9.0014e+02   9.6362e-03  -4.1737e-02  -2.4835e-03
   2.3071e+00   9.0495e+02   9.8037e-03  -4.2425e-02  -2.7629e-03
   2.3194e+00   9.0976e+02   9.9747e-03  -4.3055e-02  -3.0526e-03
   2.3317e+00   9.1458e+02   1.0158e-02  -4.3619e-02  -3.3475e-03
   2.3439e+00   9.1939e+02   1.0358e-02  -4.4120e-02  -3.6447e-03
   2.3562e+00   9.2420e+02   1.0571e-02  -4.4564e-02  -3.9432e-03
   2.3685e+00   9.2902e+02   1.0792e-02  -4.4960e-02  -4.2425e-03
   2.3807e+00   9.3383e+02   1.1008e-02  -4.5320e-02  -4.5421e-03
   2.3930e+00   9.3865e+02   1.1206e-02  -4.5652e-02  -4.8413e-03
   2.4053e+00   9.4346e+02   1.1373e-02  -4.5965e-02  -5.1385e-03
   2.4176e+00   9.4827e+02   1.1499e-02  -4.6266e-02  -5.4316e-03
   2.4298e+00   9.5309e+02   1.1579e-02  -4.6561e-02  -5.7180e-03
   2.4421e+00   9.5790e+02   1.1613e-02  -4.6851e-02  -5.9943e-03
   2.4544e+00   9.6271e+02   1.1603e-02  -4.7137e-02  -6.2566e-03
   2.4666e+00   9.6753e+02   1.1555e-02  -4.7417e-02  -6.5002e-03
   2.4789e+00   9.7234e+02   1.1478e-02  -4.7686e-02  -6.7200e-03
   2.4912e+00   9.7715e+02   1.1381e-02  -4.7936e-02  -6.9102e-03
   2.5035e+00   9.8197e+02   1.1274e-02  -4.8161e-02  -7.0651e-03
   2.5157e+00   9.8678e+02   1.1173e-02  -4.8353e-02  -7.1799e-03
   2.5280e+00   9.9159e+02   1.1090e-02  -4.8504e-02  -7.2522e-03
   2.5403e+00   9.9641e+02   1.1039e-02  -4.8606e-02  -7.2838e-03
   2.5525e+00   1.0012e+03   1.1031e-02  -4.8649e-02  -7.2798e-03
   2.5648e+00   1.0060e+03   1.1072e-02  -4.8623e-02  -7.2486e-03
   2.5771e+00   1.0108e+03   1.1165e-02  -4.8518e-02  -7.1998e-03
   2.5894e+00   1.0157e+03   1.1307e-02  -4.8328e-02  -7.1428e-03
   2.6016e+00   1.0205e+03   1.1491e-02  -4.8049e-02  -7.0853e-03
   2.6139e+00   1.0253e+03   1.1706e-02  -4.7681e-02  -7.0338e-03
   2.6262e+00   1.0301e+03   1.1934e-02  -4.7228e-02  -6.9930e-03
   2.6384e+00   1.0349e+03   1.2160e-02  -4.6696e-02  -6.9662e-03
   2.6507e+00   1.0397e+03   1.2364e-02  -4.6091e-02  -6.9552e-03
   2.6630e+00   1.0445e+03   1.2529e-02  -4.5417e-02  -6.9597e-03
   2.6753e+00   1.0494e+03   1.2643e-02  -4.4674e-02  -6.9766e-03
   2.6875e+00   1.0542e+03   1.2697e-02  -4.3861e-02  -7.0001e-03
   2.6998e+00   1.0590e+03   1.2693e-02  -4.2971e-02  -7.0223e-03
   2.7121e+00   1.0638e+03   1.2637e-02  -4.1995e-02  -7.0338e-03
   2.7243e+00   1.0686e+03   1.2537e-02  -4.0922e-02  -7.0256e-03
   2.7366e+00   1.0734e+03   1.2401e-02  -3.9741e-02  -6.9900e-03
   2.7489e+00   1.0782e+03   1.2234e-02  -3.8437e-02  -6.9206e-03
   2.7612e+00   1.0831e+03   1.2030e-02  -3.6999e-02  -6.8115e-03
   2.7734e+00   1.0879e+03   1.1779e-02  -3.5418e-02  -6.6575e-03
   2.7857e+00   1.0927e+03   1.1468e-02  -3.3685e-02  -6.4542e-03
   2.7980e+00   1.0975e+03   1.1086e-02  -3.1793e-02  -6.2001e-03
   2.8103e+00   1.1023e+03   1.0626e-02  -2.9737e-02  -5.8990e-03
   2.8225e+00   1.1071e+03   1.0087e-02  -2.7510e-02  -5.5611e-03
   2.8348e+00   1.1119e+03   9.4756e-03  -2.5112e-02  -5.2028e-03
   2.8471e+00   1.1167e+03   8.8030e-03  -2.2542e-02  -4.8448e-03
   2.8593e+00   1.1216e+03   8.0849e-03  -1.9807e-02  -4.5092e-03
   2.8716e+00   1.1264e+03   7.3380e-03  -1.6919e-02  -4.2167e-03
   2.8839e+00   1.1312e+03   6.5778e-03  -1.3891e-02  -3.9843e-03
   2.8962e+00   1.1360e+03   5.8160e-03  -1.0739e-02  -3.8231e-03
   2.9084e+00   1.1408e+03   5.0603e-03  -7.4787e-03  -3.7377e-03
   2.9207e+00   1.1456e+03   4.3137e-03  -4.1245e-03  -3.7256e-03
   2.9330e+00   1.1504e+03   3.5763e-03  -6.8990e-04  -3.7785e-03
   2.9452e+00   1.1553e+03   2.8471e-03   2.8114e-03  -3.8841e-03
   2.9575e+00   1.1601e+03   2.1250e-03   6.3650e-03  -4.0289e-03
   2.9698e+00   1.1649e+03   1.4099e-03   9.9552e-03  -4.2016e-03
   2.9821e+00   1.1697e+03   7.0247e-04   1.3564e-02  -4.3960e-03
   2.9943e+00   1.1745e+03   5.0014e-06   1.7173e-02  -4.6129e-03
   3.0066e+00   1.1793e+03  -6.7867e-04   2.0757e-02  -4.8606e-03
   3.0189e+00   1.1841e+03  -1.3426e-03   2.4290e-02  -5.1533e-03
   3.0311e+00   1.1890e+03  -1.9788e-03   2.7736e-02  -5.5091e-03
   3.0434e+00   1.1938e+03  -2.5770e-03   3.1056e-02  -5.9472e-03
   3.0557e+00   1.1986e+03  -3.1241e-03   3.4197e-02  -6.4847e-03
   3.0680e+00   1.2034e+03  -3.6039e-03   3.7098e-02  -7.1330e-03
   3.0802e+00   1.2082e+03  -3.9990e-03   3.9687e-02  -7.8934e-03
   3.0925e+00   1.2130e+03  -4.2951e-03   4.1879e-02  -8.7552e-03
   3.1048e+00   1.2178e+03  -4.4841e-03   4.3587e-02  -9.6957e-03
   3.1170e+00   1.2226e+03  -4.5648e-03   4.4726e-02  -1.0686e-02
   3.1293e+00   1.2275e+03  -4.5415e-03   4.5235e-02  -1.1697e-02
