# The data in this file was extracted from a direct numerical
# simulation of fully developed plane turbulent channel
# flow. Particulars are listed below. Note that some of the statistical
# quantities provided in this data set should be zero due to
# (statistical) symmetries in the flow. These quantities are reported
# here none-the-less as an indicator of the quality of the statistics.
# more statistics from this data set are available at 
# http://www.tam.uiuc.edu/Faculty/Moser/channel 
#
# Authors: Moser, Kim & Mansour
# Reference: DNS of Turbulent Channel Flow up to Re_tau=590, 1999,
#            Physics of Fluids, vol 11, 943-945.
# Numerical Method: Kim, Moin & Moser, 1987, J. Fluid Mech. vol 177, 133-166 
# Re_tau = 392.24
# Normalization: U_tau, h 
# Description: Spanwise (z) Two-point cross correlations of velocity and pressure at indicated y-location 
# Filename: chan395/correlations/chan395.zccorr.151 
# Date File Created: Mar 01, 2000 
#
#---End of Header---
# 
# nz = 256,  Re = 392.24,  y = 0.38477,  y+ = 150.92
#      dz           dz+         R_uv         R_up         R_vp
#
   0.0000e+00   0.0000e+00  -6.0551e-01   3.8323e-01  -9.6345e-02
   1.2272e-02   4.8136e+00  -6.0054e-01   3.8234e-01  -9.8228e-02
   2.4544e-02   9.6271e+00  -5.8464e-01   3.7850e-01  -1.0033e-01
   3.6816e-02   1.4441e+01  -5.5907e-01   3.7189e-01  -1.0203e-01
   4.9087e-02   1.9254e+01  -5.2575e-01   3.6282e-01  -1.0282e-01
   6.1359e-02   2.4068e+01  -4.8689e-01   3.5168e-01  -1.0243e-01
   7.3631e-02   2.8881e+01  -4.4460e-01   3.3893e-01  -1.0080e-01
   8.5903e-02   3.3695e+01  -4.0070e-01   3.2497e-01  -9.8026e-02
   9.8175e-02   3.8509e+01  -3.5661e-01   3.1017e-01  -9.4279e-02
   1.1045e-01   4.3322e+01  -3.1338e-01   2.9485e-01  -8.9782e-02
   1.2272e-01   4.8136e+01  -2.7173e-01   2.7928e-01  -8.4750e-02
   1.3499e-01   5.2949e+01  -2.3215e-01   2.6370e-01  -7.9380e-02
   1.4726e-01   5.7763e+01  -1.9495e-01   2.4829e-01  -7.3848e-02
   1.5953e-01   6.2576e+01  -1.6029e-01   2.3321e-01  -6.8307e-02
   1.7181e-01   6.7390e+01  -1.2826e-01   2.1856e-01  -6.2881e-02
   1.8408e-01   7.2203e+01  -9.8852e-02   2.0440e-01  -5.7667e-02
   1.9635e-01   7.7017e+01  -7.2007e-02   1.9081e-01  -5.2733e-02
   2.0862e-01   8.1831e+01  -4.7632e-02   1.7782e-01  -4.8124e-02
   2.2089e-01   8.6644e+01  -2.5605e-02   1.6549e-01  -4.3874e-02
   2.3317e-01   9.1458e+01  -5.7802e-03   1.5386e-01  -4.0012e-02
   2.4544e-01   9.6271e+01   1.1999e-02   1.4296e-01  -3.6558e-02
   2.5771e-01   1.0108e+02   2.7887e-02   1.3281e-01  -3.3530e-02
   2.6998e-01   1.0590e+02   4.2031e-02   1.2343e-01  -3.0944e-02
   2.8225e-01   1.1071e+02   5.4574e-02   1.1482e-01  -2.8811e-02
   2.9452e-01   1.1553e+02   6.5650e-02   1.0697e-01  -2.7138e-02
   3.0680e-01   1.2034e+02   7.5369e-02   9.9809e-02  -2.5910e-02
   3.1907e-01   1.2515e+02   8.3812e-02   9.3268e-02  -2.5093e-02
   3.3134e-01   1.2997e+02   9.1041e-02   8.7253e-02  -2.4631e-02
   3.4361e-01   1.3478e+02   9.7123e-02   8.1677e-02  -2.4451e-02
   3.5588e-01   1.3959e+02   1.0214e-01   7.6459e-02  -2.4479e-02
   3.6816e-01   1.4441e+02   1.0620e-01   7.1538e-02  -2.4650e-02
   3.8043e-01   1.4922e+02   1.0939e-01   6.6872e-02  -2.4917e-02
   3.9270e-01   1.5403e+02   1.1179e-01   6.2427e-02  -2.5247e-02
   4.0497e-01   1.5885e+02   1.1350e-01   5.8180e-02  -2.5614e-02
   4.1724e-01   1.6366e+02   1.1463e-01   5.4110e-02  -2.5985e-02
   4.2951e-01   1.6847e+02   1.1528e-01   5.0193e-02  -2.6315e-02
   4.4179e-01   1.7329e+02   1.1555e-01   4.6396e-02  -2.6549e-02
   4.5406e-01   1.7810e+02   1.1549e-01   4.2672e-02  -2.6636e-02
   4.6633e-01   1.8292e+02   1.1513e-01   3.8967e-02  -2.6543e-02
   4.7860e-01   1.8773e+02   1.1445e-01   3.5236e-02  -2.6272e-02
   4.9087e-01   1.9254e+02   1.1344e-01   3.1450e-02  -2.5849e-02
   5.0315e-01   1.9736e+02   1.1213e-01   2.7596e-02  -2.5315e-02
   5.1542e-01   2.0217e+02   1.1051e-01   2.3670e-02  -2.4707e-02
   5.2769e-01   2.0698e+02   1.0862e-01   1.9675e-02  -2.4048e-02
   5.3996e-01   2.1180e+02   1.0649e-01   1.5602e-02  -2.3342e-02
   5.5223e-01   2.1661e+02   1.0414e-01   1.1430e-02  -2.2572e-02
   5.6450e-01   2.2142e+02   1.0160e-01   7.1221e-03  -2.1709e-02
   5.7678e-01   2.2624e+02   9.8906e-02   2.6412e-03  -2.0721e-02
   5.8905e-01   2.3105e+02   9.6078e-02  -2.0323e-03  -1.9582e-02
   6.0132e-01   2.3586e+02   9.3166e-02  -6.8818e-03  -1.8281e-02
   6.1359e-01   2.4068e+02   9.0224e-02  -1.1850e-02  -1.6830e-02
   6.2586e-01   2.4549e+02   8.7310e-02  -1.6845e-02  -1.5263e-02
   6.3814e-01   2.5031e+02   8.4475e-02  -2.1764e-02  -1.3640e-02
   6.5041e-01   2.5512e+02   8.1765e-02  -2.6511e-02  -1.2040e-02
   6.6268e-01   2.5993e+02   7.9222e-02  -3.1017e-02  -1.0548e-02
   6.7495e-01   2.6475e+02   7.6877e-02  -3.5246e-02  -9.2385e-03
   6.8722e-01   2.6956e+02   7.4746e-02  -3.9187e-02  -8.1609e-03
   6.9950e-01   2.7437e+02   7.2827e-02  -4.2843e-02  -7.3332e-03
   7.1177e-01   2.7919e+02   7.1106e-02  -4.6219e-02  -6.7445e-03
   7.2404e-01   2.8400e+02   6.9570e-02  -4.9312e-02  -6.3636e-03
   7.3631e-01   2.8881e+02   6.8198e-02  -5.2110e-02  -6.1510e-03
   7.4858e-01   2.9363e+02   6.6962e-02  -5.4588e-02  -6.0670e-03
   7.6085e-01   2.9844e+02   6.5815e-02  -5.6710e-02  -6.0749e-03
   7.7313e-01   3.0325e+02   6.4708e-02  -5.8433e-02  -6.1467e-03
   7.8540e-01   3.0807e+02   6.3595e-02  -5.9720e-02  -6.2695e-03
   7.9767e-01   3.1288e+02   6.2435e-02  -6.0550e-02  -6.4438e-03
   8.0994e-01   3.1770e+02   6.1188e-02  -6.0926e-02  -6.6758e-03
   8.2221e-01   3.2251e+02   5.9820e-02  -6.0877e-02  -6.9670e-03
   8.3449e-01   3.2732e+02   5.8305e-02  -6.0449e-02  -7.3090e-03
   8.4676e-01   3.3214e+02   5.6623e-02  -5.9700e-02  -7.6852e-03
   8.5903e-01   3.3695e+02   5.4768e-02  -5.8694e-02  -8.0780e-03
   8.7130e-01   3.4176e+02   5.2744e-02  -5.7490e-02  -8.4762e-03
   8.8357e-01   3.4658e+02   5.0567e-02  -5.6135e-02  -8.8736e-03
   8.9584e-01   3.5139e+02   4.8256e-02  -5.4664e-02  -9.2593e-03
   9.0812e-01   3.5620e+02   4.5835e-02  -5.3098e-02  -9.6122e-03
   9.2039e-01   3.6102e+02   4.3330e-02  -5.1454e-02  -9.9054e-03
   9.3266e-01   3.6583e+02   4.0784e-02  -4.9737e-02  -1.0119e-02
   9.4493e-01   3.7064e+02   3.8247e-02  -4.7952e-02  -1.0248e-02
   9.5720e-01   3.7546e+02   3.5779e-02  -4.6107e-02  -1.0296e-02
   9.6948e-01   3.8027e+02   3.3442e-02  -4.4233e-02  -1.0271e-02
   9.8175e-01   3.8509e+02   3.1293e-02  -4.2371e-02  -1.0181e-02
   9.9402e-01   3.8990e+02   2.9367e-02  -4.0579e-02  -1.0032e-02
   1.0063e+00   3.9471e+02   2.7657e-02  -3.8920e-02  -9.8409e-03
   1.0186e+00   3.9953e+02   2.6113e-02  -3.7453e-02  -9.6297e-03
   1.0308e+00   4.0434e+02   2.4658e-02  -3.6222e-02  -9.4238e-03
   1.0431e+00   4.0915e+02   2.3217e-02  -3.5250e-02  -9.2434e-03
   1.0554e+00   4.1397e+02   2.1748e-02  -3.4541e-02  -9.1011e-03
   1.0677e+00   4.1878e+02   2.0240e-02  -3.4089e-02  -9.0013e-03
   1.0799e+00   4.2359e+02   1.8712e-02  -3.3870e-02  -8.9371e-03
   1.0922e+00   4.2841e+02   1.7198e-02  -3.3845e-02  -8.8861e-03
   1.1045e+00   4.3322e+02   1.5738e-02  -3.3967e-02  -8.8080e-03
   1.1167e+00   4.3803e+02   1.4371e-02  -3.4185e-02  -8.6472e-03
   1.1290e+00   4.4285e+02   1.3134e-02  -3.4454e-02  -8.3454e-03
   1.1413e+00   4.4766e+02   1.2067e-02  -3.4744e-02  -7.8607e-03
   1.1536e+00   4.5248e+02   1.1195e-02  -3.5050e-02  -7.1825e-03
   1.1658e+00   4.5729e+02   1.0525e-02  -3.5393e-02  -6.3307e-03
   1.1781e+00   4.6210e+02   1.0046e-02  -3.5812e-02  -5.3456e-03
   1.1904e+00   4.6692e+02   9.7451e-03  -3.6341e-02  -4.2783e-03
   1.2026e+00   4.7173e+02   9.6136e-03  -3.6993e-02  -3.1836e-03
   1.2149e+00   4.7654e+02   9.6369e-03  -3.7754e-02  -2.1145e-03
   1.2272e+00   4.8136e+02   9.7875e-03  -3.8585e-02  -1.1140e-03
   1.2395e+00   4.8617e+02   1.0026e-02  -3.9423e-02  -2.0699e-04
   1.2517e+00   4.9098e+02   1.0313e-02  -4.0194e-02   6.0060e-04
   1.2640e+00   4.9580e+02   1.0616e-02  -4.0819e-02   1.3131e-03
   1.2763e+00   5.0061e+02   1.0917e-02  -4.1233e-02   1.9329e-03
   1.2885e+00   5.0542e+02   1.1206e-02  -4.1392e-02   2.4554e-03
   1.3008e+00   5.1024e+02   1.1472e-02  -4.1279e-02   2.8755e-03
   1.3131e+00   5.1505e+02   1.1697e-02  -4.0913e-02   3.1983e-03
   1.3254e+00   5.1987e+02   1.1852e-02  -4.0336e-02   3.4471e-03
   1.3376e+00   5.2468e+02   1.1900e-02  -3.9600e-02   3.6610e-03
   1.3499e+00   5.2949e+02   1.1811e-02  -3.8754e-02   3.8823e-03
   1.3622e+00   5.3431e+02   1.1580e-02  -3.7845e-02   4.1409e-03
   1.3744e+00   5.3912e+02   1.1239e-02  -3.6921e-02   4.4472e-03
   1.3867e+00   5.4393e+02   1.0846e-02  -3.6027e-02   4.7961e-03
   1.3990e+00   5.4875e+02   1.0463e-02  -3.5196e-02   5.1780e-03
   1.4113e+00   5.5356e+02   1.0147e-02  -3.4443e-02   5.5858e-03
   1.4235e+00   5.5837e+02   9.9355e-03  -3.3751e-02   6.0162e-03
   1.4358e+00   5.6319e+02   9.8509e-03  -3.3077e-02   6.4699e-03
   1.4481e+00   5.6800e+02   9.8976e-03  -3.2356e-02   6.9525e-03
   1.4603e+00   5.7281e+02   1.0058e-02  -3.1527e-02   7.4700e-03
   1.4726e+00   5.7763e+02   1.0294e-02  -3.0543e-02   8.0184e-03
   1.4849e+00   5.8244e+02   1.0561e-02  -2.9375e-02   8.5765e-03
   1.4972e+00   5.8726e+02   1.0831e-02  -2.7999e-02   9.1066e-03
   1.5094e+00   5.9207e+02   1.1098e-02  -2.6392e-02   9.5627e-03
   1.5217e+00   5.9688e+02   1.1370e-02  -2.4533e-02   9.8940e-03
   1.5340e+00   6.0170e+02   1.1655e-02  -2.2405e-02   1.0045e-02
   1.5463e+00   6.0651e+02   1.1954e-02  -2.0007e-02   9.9613e-03
   1.5585e+00   6.1132e+02   1.2255e-02  -1.7364e-02   9.6022e-03
   1.5708e+00   6.1614e+02   1.2542e-02  -1.4524e-02   8.9570e-03
   1.5831e+00   6.2095e+02   1.2800e-02  -1.1546e-02   8.0504e-03
   1.5953e+00   6.2576e+02   1.3020e-02  -8.4871e-03   6.9397e-03
   1.6076e+00   6.3058e+02   1.3187e-02  -5.3848e-03   5.7025e-03
   1.6199e+00   6.3539e+02   1.3274e-02  -2.2645e-03   4.4178e-03
   1.6322e+00   6.4020e+02   1.3246e-02   8.5263e-04   3.1457e-03
   1.6444e+00   6.4502e+02   1.3078e-02   3.9433e-03   1.9153e-03
   1.6567e+00   6.4983e+02   1.2758e-02   6.9847e-03   7.2877e-04
   1.6690e+00   6.5465e+02   1.2300e-02   9.9606e-03  -4.2320e-04
   1.6812e+00   6.5946e+02   1.1732e-02   1.2863e-02  -1.5484e-03
   1.6935e+00   6.6427e+02   1.1081e-02   1.5685e-02  -2.6491e-03
   1.7058e+00   6.6909e+02   1.0362e-02   1.8424e-02  -3.7248e-03
   1.7181e+00   6.7390e+02   9.5733e-03   2.1075e-02  -4.7742e-03
   1.7303e+00   6.7871e+02   8.6980e-03   2.3635e-02  -5.7917e-03
   1.7426e+00   6.8353e+02   7.7195e-03   2.6096e-02  -6.7608e-03
   1.7549e+00   6.8834e+02   6.6293e-03   2.8435e-02  -7.6505e-03
   1.7671e+00   6.9315e+02   5.4337e-03   3.0618e-02  -8.4194e-03
   1.7794e+00   6.9797e+02   4.1566e-03   3.2604e-02  -9.0282e-03
   1.7917e+00   7.0278e+02   2.8329e-03   3.4364e-02  -9.4527e-03
   1.8040e+00   7.0759e+02   1.5021e-03   3.5896e-02  -9.6964e-03
   1.8162e+00   7.1241e+02   2.0922e-04   3.7234e-02  -9.7932e-03
   1.8285e+00   7.1722e+02  -9.9738e-04   3.8430e-02  -9.7958e-03
   1.8408e+00   7.2203e+02  -2.0781e-03   3.9536e-02  -9.7541e-03
   1.8530e+00   7.2685e+02  -3.0150e-03   4.0581e-02  -9.6968e-03
   1.8653e+00   7.3166e+02  -3.8132e-03   4.1560e-02  -9.6278e-03
   1.8776e+00   7.3648e+02  -4.4817e-03   4.2434e-02  -9.5342e-03
   1.8899e+00   7.4129e+02  -5.0112e-03   4.3141e-02  -9.3994e-03
   1.9021e+00   7.4610e+02  -5.3719e-03   4.3604e-02  -9.2119e-03
   1.9144e+00   7.5092e+02  -5.5287e-03   4.3760e-02  -8.9677e-03
   1.9267e+00   7.5573e+02  -5.4496e-03   4.3585e-02  -8.6648e-03
   1.9390e+00   7.6054e+02  -5.1039e-03   4.3100e-02  -8.2992e-03
   1.9512e+00   7.6536e+02  -4.4642e-03   4.2357e-02  -7.8703e-03
   1.9635e+00   7.7017e+02  -3.5178e-03   4.1409e-02  -7.3934e-03
   1.9758e+00   7.7498e+02  -2.2741e-03   4.0293e-02  -6.9008e-03
   1.9880e+00   7.7980e+02  -7.6660e-04   3.9026e-02  -6.4298e-03
   2.0003e+00   7.8461e+02   9.5103e-04   3.7606e-02  -6.0073e-03
   2.0126e+00   7.8942e+02   2.8175e-03   3.6027e-02  -5.6375e-03
   2.0249e+00   7.9424e+02   4.7839e-03   3.4285e-02  -5.2964e-03
   2.0371e+00   7.9905e+02   6.8291e-03   3.2381e-02  -4.9352e-03
   2.0494e+00   8.0387e+02   8.9629e-03   3.0323e-02  -4.4949e-03
   2.0617e+00   8.0868e+02   1.1213e-02   2.8120e-02  -3.9270e-03
   2.0739e+00   8.1349e+02   1.3608e-02   2.5784e-02  -3.2083e-03
   2.0862e+00   8.1831e+02   1.6159e-02   2.3332e-02  -2.3442e-03
   2.0985e+00   8.2312e+02   1.8859e-02   2.0794e-02  -1.3648e-03
   2.1108e+00   8.2793e+02   2.1671e-02   1.8209e-02  -3.2123e-04
   2.1230e+00   8.3275e+02   2.4535e-02   1.5623e-02   7.2236e-04
   2.1353e+00   8.3756e+02   2.7388e-02   1.3088e-02   1.6975e-03
   2.1476e+00   8.4237e+02   3.0187e-02   1.0661e-02   2.5381e-03
   2.1598e+00   8.4719e+02   3.2922e-02   8.4035e-03   3.1865e-03
   2.1721e+00   8.5200e+02   3.5609e-02   6.3714e-03   3.5976e-03
   2.1844e+00   8.5681e+02   3.8279e-02   4.6102e-03   3.7433e-03
   2.1967e+00   8.6163e+02   4.0965e-02   3.1490e-03   3.6163e-03
   2.2089e+00   8.6644e+02   4.3693e-02   1.9978e-03   3.2362e-03
   2.2212e+00   8.7126e+02   4.6470e-02   1.1424e-03   2.6496e-03
   2.2335e+00   8.7607e+02   4.9294e-02   5.3712e-04   1.9239e-03
   2.2457e+00   8.8088e+02   5.2146e-02   1.0460e-04   1.1330e-03
   2.2580e+00   8.8570e+02   5.4987e-02  -2.5031e-04   3.4141e-04
   2.2703e+00   8.9051e+02   5.7747e-02  -6.1249e-04  -4.0499e-04
   2.2826e+00   8.9532e+02   6.0351e-02  -1.0306e-03  -1.0792e-03
   2.2948e+00   9.0014e+02   6.2736e-02  -1.5104e-03  -1.6698e-03
   2.3071e+00   9.0495e+02   6.4877e-02  -2.0286e-03  -2.1735e-03
   2.3194e+00   9.0976e+02   6.6776e-02  -2.5557e-03  -2.5913e-03
   2.3317e+00   9.1458e+02   6.8460e-02  -3.0722e-03  -2.9302e-03
   2.3439e+00   9.1939e+02   6.9968e-02  -3.5791e-03  -3.2034e-03
   2.3562e+00   9.2420e+02   7.1361e-02  -4.0979e-03  -3.4259e-03
   2.3685e+00   9.2902e+02   7.2714e-02  -4.6620e-03  -3.6090e-03
   2.3807e+00   9.3383e+02   7.4111e-02  -5.3007e-03  -3.7584e-03
   2.3930e+00   9.3865e+02   7.5621e-02  -6.0230e-03  -3.8766e-03
   2.4053e+00   9.4346e+02   7.7280e-02  -6.8078e-03  -3.9680e-03
   2.4176e+00   9.4827e+02   7.9090e-02  -7.6042e-03  -4.0395e-03
   2.4298e+00   9.5309e+02   8.1037e-02  -8.3429e-03  -4.0940e-03
   2.4421e+00   9.5790e+02   8.3116e-02  -8.9527e-03  -4.1246e-03
   2.4544e+00   9.6271e+02   8.5332e-02  -9.3807e-03  -4.1185e-03
   2.4666e+00   9.6753e+02   8.7692e-02  -9.6065e-03  -4.0630e-03
   2.4789e+00   9.7234e+02   9.0199e-02  -9.6435e-03  -3.9481e-03
   2.4912e+00   9.7715e+02   9.2843e-02  -9.5313e-03  -3.7646e-03
   2.5035e+00   9.8197e+02   9.5605e-02  -9.3254e-03  -3.5003e-03
   2.5157e+00   9.8678e+02   9.8463e-02  -9.0840e-03  -3.1441e-03
   2.5280e+00   9.9159e+02   1.0140e-01  -8.8580e-03  -2.6933e-03
   2.5403e+00   9.9641e+02   1.0441e-01  -8.6877e-03  -2.1542e-03
   2.5525e+00   1.0012e+03   1.0747e-01  -8.6043e-03  -1.5361e-03
   2.5648e+00   1.0060e+03   1.1054e-01  -8.6350e-03  -8.4420e-04
   2.5771e+00   1.0108e+03   1.1358e-01  -8.7997e-03  -8.0886e-05
   2.5894e+00   1.0157e+03   1.1654e-01  -9.0956e-03   7.4684e-04
   2.6016e+00   1.0205e+03   1.1934e-01  -9.4820e-03   1.6217e-03
   2.6139e+00   1.0253e+03   1.2191e-01  -9.8787e-03   2.5174e-03
   2.6262e+00   1.0301e+03   1.2421e-01  -1.0177e-02   3.4020e-03
   2.6384e+00   1.0349e+03   1.2618e-01  -1.0256e-02   4.2387e-03
   2.6507e+00   1.0397e+03   1.2780e-01  -9.9989e-03   4.9885e-03
   2.6630e+00   1.0445e+03   1.2905e-01  -9.3056e-03   5.6109e-03
   2.6753e+00   1.0494e+03   1.2990e-01  -8.1072e-03   6.0633e-03
   2.6875e+00   1.0542e+03   1.3030e-01  -6.3700e-03   6.3044e-03
   2.6998e+00   1.0590e+03   1.3021e-01  -4.0906e-03   6.3073e-03
   2.7121e+00   1.0638e+03   1.2961e-01  -1.2789e-03   6.0714e-03
   2.7243e+00   1.0686e+03   1.2847e-01   2.0621e-03   5.6219e-03
   2.7366e+00   1.0734e+03   1.2674e-01   5.9511e-03   4.9959e-03
   2.7489e+00   1.0782e+03   1.2437e-01   1.0431e-02   4.2234e-03
   2.7612e+00   1.0831e+03   1.2129e-01   1.5562e-02   3.3150e-03
   2.7734e+00   1.0879e+03   1.1743e-01   2.1407e-02   2.2565e-03
   2.7857e+00   1.0927e+03   1.1276e-01   2.8018e-02   1.0061e-03
   2.7980e+00   1.0975e+03   1.0720e-01   3.5421e-02  -5.0607e-04
   2.8103e+00   1.1023e+03   1.0067e-01   4.3624e-02  -2.3613e-03
   2.8225e+00   1.1071e+03   9.3076e-02   5.2622e-02  -4.6254e-03
   2.8348e+00   1.1119e+03   8.4344e-02   6.2409e-02  -7.3300e-03
   2.8471e+00   1.1167e+03   7.4388e-02   7.2986e-02  -1.0470e-02
   2.8593e+00   1.1216e+03   6.3119e-02   8.4357e-02  -1.4017e-02
   2.8716e+00   1.1264e+03   5.0439e-02   9.6530e-02  -1.7933e-02
   2.8839e+00   1.1312e+03   3.6228e-02   1.0950e-01  -2.2194e-02
   2.8962e+00   1.1360e+03   2.0338e-02   1.2324e-01  -2.6788e-02
   2.9084e+00   1.1408e+03   2.5864e-03   1.3770e-01  -3.1714e-02
   2.9207e+00   1.1456e+03  -1.7221e-02   1.5281e-01  -3.6955e-02
   2.9330e+00   1.1504e+03  -3.9270e-02   1.6851e-01  -4.2464e-02
   2.9452e+00   1.1553e+03  -6.3721e-02   1.8468e-01  -4.8159e-02
   2.9575e+00   1.1601e+03  -9.0686e-02   2.0121e-01  -5.3940e-02
   2.9698e+00   1.1649e+03  -1.2022e-01   2.1797e-01  -5.9697e-02
   2.9821e+00   1.1697e+03  -1.5235e-01   2.3477e-01  -6.5314e-02
   2.9943e+00   1.1745e+03  -1.8706e-01   2.5142e-01  -7.0670e-02
   3.0066e+00   1.1793e+03  -2.2429e-01   2.6773e-01  -7.5651e-02
   3.0189e+00   1.1841e+03  -2.6390e-01   2.8352e-01  -8.0160e-02
   3.0311e+00   1.1890e+03  -3.0563e-01   2.9864e-01  -8.4115e-02
   3.0434e+00   1.1938e+03  -3.4903e-01   3.1299e-01  -8.7453e-02
   3.0557e+00   1.1986e+03  -3.9341e-01   3.2646e-01  -9.0121e-02
   3.0680e+00   1.2034e+03  -4.3776e-01   3.3898e-01  -9.2094e-02
   3.0802e+00   1.2082e+03  -4.8072e-01   3.5044e-01  -9.3386e-02
   3.0925e+00   1.2130e+03  -5.2050e-01   3.6069e-01  -9.4085e-02
   3.1048e+00   1.2178e+03  -5.5497e-01   3.6950e-01  -9.4379e-02
   3.1170e+00   1.2226e+03  -5.8185e-01   3.7648e-01  -9.4589e-02
   3.1293e+00   1.2275e+03  -5.9913e-01   3.8119e-01  -9.5131e-02
