# The data in this file was extracted from a direct numerical
# simulation of fully developed plane turbulent channel
# flow. Particulars are listed below. Note that some of the statistical
# quantities provided in this data set should be zero due to
# (statistical) symmetries in the flow. These quantities are reported
# here none-the-less as an indicator of the quality of the statistics.
# more statistics from this data set are available at 
# http://www.tam.uiuc.edu/Faculty/Moser/channel 
#
# Authors: Moser, Kim & Mansour
# Reference: DNS of Turbulent Channel Flow up to Re_tau=590, 1999,
#            Physics of Fluids, vol 11, 943-945.
# Numerical Method: Kim, Moin & Moser, 1987, J. Fluid Mech. vol 177, 133-166 
# Re_tau = 392.24
# Normalization: U_tau, h 
# Description: Spanwise (z) Two-point cross correlations of velocity and pressure at indicated y-location 
# Filename: chan395/correlations/chan395.zccorr.61 
# Date File Created: Mar 01, 2000 
#
#---End of Header---
# 
# nz = 256,  Re = 392.24,  y = 0.15515,  y+ =  60.86
#      dz           dz+         R_uv         R_up         R_vp
#
   0.0000e+00   0.0000e+00  -8.1249e-01   6.7723e-01  -1.2411e-01
   1.2272e-02   4.8136e+00  -7.9304e-01   6.7598e-01  -1.2649e-01
   2.4544e-02   9.6271e+00  -7.3817e-01   6.6594e-01  -1.3104e-01
   3.6816e-02   1.4441e+01  -6.5448e-01   6.4665e-01  -1.3509e-01
   4.9087e-02   1.9254e+01  -5.5271e-01   6.1859e-01  -1.3628e-01
   6.1359e-02   2.4068e+01  -4.4379e-01   5.8326e-01  -1.3332e-01
   7.3631e-02   2.8881e+01  -3.3645e-01   5.4266e-01  -1.2610e-01
   8.5903e-02   3.3695e+01  -2.3669e-01   4.9891e-01  -1.1535e-01
   9.8175e-02   3.8509e+01  -1.4789e-01   4.5391e-01  -1.0223e-01
   1.1045e-01   4.3322e+01  -7.1413e-02   4.0918e-01  -8.7930e-02
   1.2272e-01   4.8136e+01  -7.2675e-03   3.6582e-01  -7.3446e-02
   1.3499e-01   5.2949e+01   4.5278e-02   3.2463e-01  -5.9472e-02
   1.4726e-01   5.7763e+01   8.7235e-02   2.8614e-01  -4.6442e-02
   1.5953e-01   6.2576e+01   1.1974e-01   2.5077e-01  -3.4645e-02
   1.7181e-01   6.7390e+01   1.4399e-01   2.1879e-01  -2.4259e-02
   1.8408e-01   7.2203e+01   1.6111e-01   1.9032e-01  -1.5348e-02
   1.9635e-01   7.7017e+01   1.7222e-01   1.6534e-01  -7.8318e-03
   2.0862e-01   8.1831e+01   1.7838e-01   1.4365e-01  -1.5129e-03
   2.2089e-01   8.6644e+01   1.8064e-01   1.2495e-01   3.8268e-03
   2.3317e-01   9.1458e+01   1.7995e-01   1.0886e-01   8.3002e-03
   2.4544e-01   9.6271e+01   1.7713e-01   9.5012e-02   1.1897e-02
   2.5771e-01   1.0108e+02   1.7285e-01   8.3115e-02   1.4557e-02
   2.6998e-01   1.0590e+02   1.6765e-01   7.2908e-02   1.6266e-02
   2.8225e-01   1.1071e+02   1.6187e-01   6.4180e-02   1.7100e-02
   2.9452e-01   1.1553e+02   1.5568e-01   5.6774e-02   1.7206e-02
   3.0680e-01   1.2034e+02   1.4910e-01   5.0551e-02   1.6727e-02
   3.1907e-01   1.2515e+02   1.4207e-01   4.5367e-02   1.5765e-02
   3.3134e-01   1.2997e+02   1.3461e-01   4.1095e-02   1.4423e-02
   3.4361e-01   1.3478e+02   1.2678e-01   3.7640e-02   1.2822e-02
   3.5588e-01   1.3959e+02   1.1870e-01   3.4915e-02   1.1062e-02
   3.6816e-01   1.4441e+02   1.1048e-01   3.2829e-02   9.2229e-03
   3.8043e-01   1.4922e+02   1.0226e-01   3.1320e-02   7.3595e-03
   3.9270e-01   1.5403e+02   9.4168e-02   3.0375e-02   5.4832e-03
   4.0497e-01   1.5885e+02   8.6404e-02   3.0024e-02   3.5137e-03
   4.1724e-01   1.6366e+02   7.9112e-02   3.0336e-02   1.2564e-03
   4.2951e-01   1.6847e+02   7.2368e-02   3.1398e-02  -1.5544e-03
   4.4179e-01   1.7329e+02   6.6186e-02   3.3302e-02  -5.1040e-03
   4.5406e-01   1.7810e+02   6.0601e-02   3.6086e-02  -9.3551e-03
   4.6633e-01   1.8292e+02   5.5702e-02   3.9660e-02  -1.4007e-02
   4.7860e-01   1.8773e+02   5.1578e-02   4.3721e-02  -1.8595e-02
   4.9087e-01   1.9254e+02   4.8253e-02   4.7828e-02  -2.2643e-02
   5.0315e-01   1.9736e+02   4.5711e-02   5.1554e-02  -2.5860e-02
   5.1542e-01   2.0217e+02   4.3935e-02   5.4590e-02  -2.8189e-02
   5.2769e-01   2.0698e+02   4.2883e-02   5.6764e-02  -2.9731e-02
   5.3996e-01   2.1180e+02   4.2436e-02   5.8066e-02  -3.0632e-02
   5.5223e-01   2.1661e+02   4.2421e-02   5.8594e-02  -3.1025e-02
   5.6450e-01   2.2142e+02   4.2603e-02   5.8507e-02  -3.1021e-02
   5.7678e-01   2.2624e+02   4.2762e-02   5.7993e-02  -3.0689e-02
   5.8905e-01   2.3105e+02   4.2788e-02   5.7215e-02  -3.0038e-02
   6.0132e-01   2.3586e+02   4.2657e-02   5.6219e-02  -2.9006e-02
   6.1359e-01   2.4068e+02   4.2378e-02   5.4958e-02  -2.7464e-02
   6.2586e-01   2.4549e+02   4.1974e-02   5.3364e-02  -2.5266e-02
   6.3814e-01   2.5031e+02   4.1431e-02   5.1404e-02  -2.2363e-02
   6.5041e-01   2.5512e+02   4.0697e-02   4.9050e-02  -1.8898e-02
   6.6268e-01   2.5993e+02   3.9728e-02   4.6288e-02  -1.5178e-02
   6.7495e-01   2.6475e+02   3.8533e-02   4.3101e-02  -1.1572e-02
   6.8722e-01   2.6956e+02   3.7161e-02   3.9451e-02  -8.4024e-03
   6.9950e-01   2.7437e+02   3.5655e-02   3.5336e-02  -5.8578e-03
   7.1177e-01   2.7919e+02   3.4067e-02   3.0894e-02  -3.9966e-03
   7.2404e-01   2.8400e+02   3.2513e-02   2.6409e-02  -2.7705e-03
   7.3631e-01   2.8881e+02   3.1107e-02   2.2222e-02  -2.0807e-03
   7.4858e-01   2.9363e+02   2.9893e-02   1.8563e-02  -1.8186e-03
   7.6085e-01   2.9844e+02   2.8841e-02   1.5457e-02  -1.8737e-03
   7.7313e-01   3.0325e+02   2.7939e-02   1.2752e-02  -2.1067e-03
   7.8540e-01   3.0807e+02   2.7274e-02   1.0252e-02  -2.3521e-03
   7.9767e-01   3.1288e+02   2.6987e-02   7.8606e-03  -2.4718e-03
   8.0994e-01   3.1770e+02   2.7157e-02   5.6541e-03  -2.4205e-03
   8.2221e-01   3.2251e+02   2.7793e-02   3.7983e-03  -2.2354e-03
   8.3449e-01   3.2732e+02   2.8887e-02   2.4254e-03  -2.0049e-03
   8.4676e-01   3.3214e+02   3.0417e-02   1.5607e-03  -1.8398e-03
   8.5903e-01   3.3695e+02   3.2314e-02   1.1501e-03  -1.8534e-03
   8.7130e-01   3.4176e+02   3.4476e-02   1.1361e-03  -2.1277e-03
   8.8357e-01   3.4658e+02   3.6734e-02   1.4419e-03  -2.7143e-03
   8.9584e-01   3.5139e+02   3.8906e-02   1.9466e-03  -3.6391e-03
   9.0812e-01   3.5620e+02   4.0891e-02   2.5332e-03  -4.8872e-03
   9.2039e-01   3.6102e+02   4.2672e-02   3.0984e-03  -6.3962e-03
   9.3266e-01   3.6583e+02   4.4173e-02   3.5562e-03  -8.0529e-03
   9.4493e-01   3.7064e+02   4.5201e-02   3.8430e-03  -9.7091e-03
   9.5720e-01   3.7546e+02   4.5515e-02   3.9555e-03  -1.1227e-02
   9.6948e-01   3.8027e+02   4.4890e-02   3.9888e-03  -1.2492e-02
   9.8175e-01   3.8509e+02   4.3133e-02   4.1066e-03  -1.3412e-02
   9.9402e-01   3.8990e+02   4.0117e-02   4.4566e-03  -1.3923e-02
   1.0063e+00   3.9471e+02   3.5826e-02   5.1154e-03  -1.3992e-02
   1.0186e+00   3.9953e+02   3.0425e-02   6.0698e-03  -1.3614e-02
   1.0308e+00   4.0434e+02   2.4244e-02   7.2311e-03  -1.2844e-02
   1.0431e+00   4.0915e+02   1.7736e-02   8.4289e-03  -1.1826e-02
   1.0554e+00   4.1397e+02   1.1365e-02   9.3885e-03  -1.0741e-02
   1.0677e+00   4.1878e+02   5.4350e-03   9.8271e-03  -9.7179e-03
   1.0799e+00   4.2359e+02   5.0465e-05   9.6162e-03  -8.7825e-03
   1.0922e+00   4.2841e+02  -4.8069e-03   8.8776e-03  -7.8827e-03
   1.1045e+00   4.3322e+02  -9.2277e-03   7.9303e-03  -6.9474e-03
   1.1167e+00   4.3803e+02  -1.3300e-02   7.0982e-03  -5.9343e-03
   1.1290e+00   4.4285e+02  -1.7082e-02   6.5286e-03  -4.8558e-03
   1.1413e+00   4.4766e+02  -2.0596e-02   6.1775e-03  -3.7703e-03
   1.1536e+00   4.5248e+02  -2.3837e-02   5.8763e-03  -2.7466e-03
   1.1658e+00   4.5729e+02  -2.6769e-02   5.3799e-03  -1.8231e-03
   1.1781e+00   4.6210e+02  -2.9368e-02   4.4661e-03  -9.8864e-04
   1.1904e+00   4.6692e+02  -3.1582e-02   3.0484e-03  -1.8668e-04
   1.2026e+00   4.7173e+02  -3.3323e-02   1.1637e-03   6.1557e-04
   1.2149e+00   4.7654e+02  -3.4481e-02  -1.0739e-03   1.4031e-03
   1.2272e+00   4.8136e+02  -3.4952e-02  -3.5135e-03   2.1137e-03
   1.2395e+00   4.8617e+02  -3.4604e-02  -5.9872e-03   2.6300e-03
   1.2517e+00   4.9098e+02  -3.3306e-02  -8.2701e-03   2.8277e-03
   1.2640e+00   4.9580e+02  -3.1012e-02  -1.0054e-02   2.6763e-03
   1.2763e+00   5.0061e+02  -2.7837e-02  -1.1096e-02   2.2713e-03
   1.2885e+00   5.0542e+02  -2.4029e-02  -1.1380e-02   1.7551e-03
   1.3008e+00   5.1024e+02  -1.9874e-02  -1.1080e-02   1.2475e-03
   1.3131e+00   5.1505e+02  -1.5582e-02  -1.0393e-02   8.1997e-04
   1.3254e+00   5.1987e+02  -1.1247e-02  -9.4283e-03   5.1248e-04
   1.3376e+00   5.2468e+02  -6.9488e-03  -8.2295e-03   3.8162e-04
   1.3499e+00   5.2949e+02  -2.8756e-03  -6.8336e-03   5.1544e-04
   1.3622e+00   5.3431e+02   7.1637e-04  -5.2833e-03   9.7986e-04
   1.3744e+00   5.3912e+02   3.6432e-03  -3.6588e-03   1.7449e-03
   1.3867e+00   5.4393e+02   5.8489e-03  -2.0595e-03   2.6618e-03
   1.3990e+00   5.4875e+02   7.3365e-03  -5.4570e-04   3.5193e-03
   1.4113e+00   5.5356e+02   8.1699e-03   8.8120e-04   4.1430e-03
   1.4235e+00   5.5837e+02   8.5153e-03   2.1587e-03   4.4371e-03
   1.4358e+00   5.6319e+02   8.6422e-03   3.1398e-03   4.4001e-03
   1.4481e+00   5.6800e+02   8.8104e-03   3.7151e-03   4.1012e-03
   1.4603e+00   5.7281e+02   9.1690e-03   3.9105e-03   3.6655e-03
   1.4726e+00   5.7763e+02   9.7220e-03   3.8734e-03   3.2320e-03
   1.4849e+00   5.8244e+02   1.0408e-02   3.8116e-03   2.9228e-03
   1.4972e+00   5.8726e+02   1.1206e-02   3.9163e-03   2.8166e-03
   1.5094e+00   5.9207e+02   1.2128e-02   4.2987e-03   2.9401e-03
   1.5217e+00   5.9688e+02   1.3115e-02   4.9868e-03   3.2736e-03
   1.5340e+00   6.0170e+02   1.4064e-02   5.9367e-03   3.7395e-03
   1.5463e+00   6.0651e+02   1.4870e-02   7.0505e-03   4.1959e-03
   1.5585e+00   6.1132e+02   1.5429e-02   8.2026e-03   4.5125e-03
   1.5708e+00   6.1614e+02   1.5656e-02   9.2477e-03   4.6298e-03
   1.5831e+00   6.2095e+02   1.5582e-02   1.0036e-02   4.5584e-03
   1.5953e+00   6.2576e+02   1.5354e-02   1.0500e-02   4.3805e-03
   1.6076e+00   6.3058e+02   1.5167e-02   1.0710e-02   4.2336e-03
   1.6199e+00   6.3539e+02   1.5150e-02   1.0875e-02   4.2334e-03
   1.6322e+00   6.4020e+02   1.5356e-02   1.1251e-02   4.4075e-03
   1.6444e+00   6.4502e+02   1.5755e-02   1.1987e-02   4.6978e-03
   1.6567e+00   6.4983e+02   1.6187e-02   1.3047e-02   5.0335e-03
   1.6690e+00   6.5465e+02   1.6418e-02   1.4306e-02   5.3838e-03
   1.6812e+00   6.5946e+02   1.6258e-02   1.5696e-02   5.7476e-03
   1.6935e+00   6.6427e+02   1.5576e-02   1.7255e-02   6.0823e-03
   1.7058e+00   6.6909e+02   1.4302e-02   1.9088e-02   6.2783e-03
   1.7181e+00   6.7390e+02   1.2423e-02   2.1294e-02   6.1953e-03
   1.7303e+00   6.7871e+02   1.0047e-02   2.3923e-02   5.7191e-03
   1.7426e+00   6.8353e+02   7.4249e-03   2.6989e-02   4.7918e-03
   1.7549e+00   6.8834e+02   4.8649e-03   3.0491e-02   3.4245e-03
   1.7671e+00   6.9315e+02   2.5702e-03   3.4377e-02   1.6645e-03
   1.7794e+00   6.9797e+02   5.7717e-04   3.8492e-02  -4.1960e-04
   1.7917e+00   7.0278e+02  -1.2191e-03   4.2580e-02  -2.7304e-03
   1.8040e+00   7.0759e+02  -2.9875e-03   4.6338e-02  -5.1034e-03
   1.8162e+00   7.1241e+02  -4.8538e-03   4.9575e-02  -7.3231e-03
   1.8285e+00   7.1722e+02  -6.8622e-03   5.2289e-02  -9.2076e-03
   1.8408e+00   7.2203e+02  -9.0732e-03   5.4577e-02  -1.0711e-02
   1.8530e+00   7.2685e+02  -1.1586e-02   5.6501e-02  -1.1912e-02
   1.8653e+00   7.3166e+02  -1.4439e-02   5.8050e-02  -1.2926e-02
   1.8776e+00   7.3648e+02  -1.7522e-02   5.9205e-02  -1.3823e-02
   1.8899e+00   7.4129e+02  -2.0621e-02   5.9940e-02  -1.4617e-02
   1.9021e+00   7.4610e+02  -2.3514e-02   6.0165e-02  -1.5277e-02
   1.9144e+00   7.5092e+02  -2.6053e-02   5.9738e-02  -1.5746e-02
   1.9267e+00   7.5573e+02  -2.8134e-02   5.8591e-02  -1.5947e-02
   1.9390e+00   7.6054e+02  -2.9653e-02   5.6829e-02  -1.5815e-02
   1.9512e+00   7.6536e+02  -3.0509e-02   5.4723e-02  -1.5327e-02
   1.9635e+00   7.7017e+02  -3.0664e-02   5.2595e-02  -1.4464e-02
   1.9758e+00   7.7498e+02  -3.0161e-02   5.0698e-02  -1.3183e-02
   1.9880e+00   7.7980e+02  -2.9110e-02   4.9120e-02  -1.1470e-02
   2.0003e+00   7.8461e+02  -2.7677e-02   4.7799e-02  -9.4212e-03
   2.0126e+00   7.8942e+02  -2.6082e-02   4.6550e-02  -7.2423e-03
   2.0249e+00   7.9424e+02  -2.4527e-02   4.5115e-02  -5.1367e-03
   2.0371e+00   7.9905e+02  -2.3108e-02   4.3206e-02  -3.2014e-03
   2.0494e+00   8.0387e+02  -2.1753e-02   4.0547e-02  -1.4275e-03
   2.0617e+00   8.0868e+02  -2.0293e-02   3.6968e-02   2.3807e-04
   2.0739e+00   8.1349e+02  -1.8539e-02   3.2515e-02   1.8618e-03
   2.0862e+00   8.1831e+02  -1.6338e-02   2.7469e-02   3.5184e-03
   2.0985e+00   8.2312e+02  -1.3578e-02   2.2252e-02   5.3090e-03
   2.1108e+00   8.2793e+02  -1.0250e-02   1.7271e-02   7.3530e-03
   2.1230e+00   8.3275e+02  -6.4498e-03   1.2798e-02   9.7420e-03
   2.1353e+00   8.3756e+02  -2.2963e-03   8.9412e-03   1.2451e-02
   2.1476e+00   8.4237e+02   2.0974e-03   5.7194e-03   1.5295e-02
   2.1598e+00   8.4719e+02   6.6396e-03   3.1458e-03   1.7966e-02
   2.1721e+00   8.5200e+02   1.1292e-02   1.2646e-03   2.0136e-02
   2.1844e+00   8.5681e+02   1.6011e-02   1.3624e-04   2.1564e-02
   2.1967e+00   8.6163e+02   2.0654e-02  -2.6801e-04   2.2144e-02
   2.2089e+00   8.6644e+02   2.4948e-02  -1.0313e-04   2.1858e-02
   2.2212e+00   8.7126e+02   2.8605e-02   4.6149e-04   2.0734e-02
   2.2335e+00   8.7607e+02   3.1436e-02   1.3605e-03   1.8863e-02
   2.2457e+00   8.8088e+02   3.3387e-02   2.6352e-03   1.6395e-02
   2.2580e+00   8.8570e+02   3.4565e-02   4.3263e-03   1.3508e-02
   2.2703e+00   8.9051e+02   3.5202e-02   6.3877e-03   1.0364e-02
   2.2826e+00   8.9532e+02   3.5523e-02   8.7029e-03   7.1142e-03
   2.2948e+00   9.0014e+02   3.5694e-02   1.1131e-02   3.8878e-03
   2.3071e+00   9.0495e+02   3.5837e-02   1.3568e-02   8.0745e-04
   2.3194e+00   9.0976e+02   3.6014e-02   1.5972e-02  -2.0138e-03
   2.3317e+00   9.1458e+02   3.6184e-02   1.8346e-02  -4.4823e-03
   2.3439e+00   9.1939e+02   3.6249e-02   2.0713e-02  -6.5612e-03
   2.3562e+00   9.2420e+02   3.6130e-02   2.3054e-02  -8.2723e-03
   2.3685e+00   9.2902e+02   3.5815e-02   2.5299e-02  -9.6690e-03
   2.3807e+00   9.3383e+02   3.5328e-02   2.7361e-02  -1.0791e-02
   2.3930e+00   9.3865e+02   3.4751e-02   2.9181e-02  -1.1634e-02
   2.4053e+00   9.4346e+02   3.4225e-02   3.0755e-02  -1.2152e-02
   2.4176e+00   9.4827e+02   3.3897e-02   3.2126e-02  -1.2321e-02
   2.4298e+00   9.5309e+02   3.3865e-02   3.3378e-02  -1.2189e-02
   2.4421e+00   9.5790e+02   3.4157e-02   3.4608e-02  -1.1870e-02
   2.4544e+00   9.6271e+02   3.4695e-02   3.5935e-02  -1.1503e-02
   2.4666e+00   9.6753e+02   3.5343e-02   3.7471e-02  -1.1252e-02
   2.4789e+00   9.7234e+02   3.5969e-02   3.9275e-02  -1.1312e-02
   2.4912e+00   9.7715e+02   3.6506e-02   4.1326e-02  -1.1869e-02
   2.5035e+00   9.8197e+02   3.6951e-02   4.3432e-02  -1.3011e-02
   2.5157e+00   9.8678e+02   3.7303e-02   4.5199e-02  -1.4665e-02
   2.5280e+00   9.9159e+02   3.7496e-02   4.6167e-02  -1.6616e-02
   2.5403e+00   9.9641e+02   3.7460e-02   4.6030e-02  -1.8584e-02
   2.5525e+00   1.0012e+03   3.7204e-02   4.4756e-02  -2.0330e-02
   2.5648e+00   1.0060e+03   3.6855e-02   4.2585e-02  -2.1718e-02
   2.5771e+00   1.0108e+03   3.6659e-02   3.9907e-02  -2.2689e-02
   2.5894e+00   1.0157e+03   3.6933e-02   3.7135e-02  -2.3213e-02
   2.6016e+00   1.0205e+03   3.7962e-02   3.4585e-02  -2.3256e-02
   2.6139e+00   1.0253e+03   3.9931e-02   3.2374e-02  -2.2769e-02
   2.6262e+00   1.0301e+03   4.2929e-02   3.0415e-02  -2.1722e-02
   2.6384e+00   1.0349e+03   4.7014e-02   2.8536e-02  -2.0121e-02
   2.6507e+00   1.0397e+03   5.2210e-02   2.6582e-02  -1.7993e-02
   2.6630e+00   1.0445e+03   5.8475e-02   2.4428e-02  -1.5393e-02
   2.6753e+00   1.0494e+03   6.5638e-02   2.1982e-02  -1.2386e-02
   2.6875e+00   1.0542e+03   7.3442e-02   1.9194e-02  -9.0470e-03
   2.6998e+00   1.0590e+03   8.1639e-02   1.6060e-02  -5.4715e-03
   2.7121e+00   1.0638e+03   9.0077e-02   1.2586e-02  -1.7729e-03
   2.7243e+00   1.0686e+03   9.8675e-02   8.8235e-03   1.9428e-03
   2.7366e+00   1.0734e+03   1.0735e-01   4.9388e-03   5.5927e-03
   2.7489e+00   1.0782e+03   1.1603e-01   1.1634e-03   9.1293e-03
   2.7612e+00   1.0831e+03   1.2464e-01  -2.3182e-03   1.2544e-02
   2.7734e+00   1.0879e+03   1.3308e-01  -5.3781e-03   1.5839e-02
   2.7857e+00   1.0927e+03   1.4126e-01  -7.9106e-03   1.9017e-02
   2.7980e+00   1.0975e+03   1.4906e-01  -9.8061e-03   2.2081e-02
   2.8103e+00   1.1023e+03   1.5640e-01  -1.0987e-02   2.5001e-02
   2.8225e+00   1.1071e+03   1.6327e-01  -1.1400e-02   2.7725e-02
   2.8348e+00   1.1119e+03   1.6978e-01  -1.0948e-02   3.0200e-02
   2.8471e+00   1.1167e+03   1.7600e-01  -9.4314e-03   3.2383e-02
   2.8593e+00   1.1216e+03   1.8185e-01  -6.5621e-03   3.4228e-02
   2.8716e+00   1.1264e+03   1.8712e-01  -2.0103e-03   3.5671e-02
   2.8839e+00   1.1312e+03   1.9150e-01   4.5785e-03   3.6609e-02
   2.8962e+00   1.1360e+03   1.9456e-01   1.3514e-02   3.6873e-02
   2.9084e+00   1.1408e+03   1.9584e-01   2.5039e-02   3.6225e-02
   2.9207e+00   1.1456e+03   1.9483e-01   3.9446e-02   3.4394e-02
   2.9330e+00   1.1504e+03   1.9089e-01   5.7179e-02   3.1113e-02
   2.9452e+00   1.1553e+03   1.8319e-01   7.8805e-02   2.6163e-02
   2.9575e+00   1.1601e+03   1.7069e-01   1.0489e-01   1.9378e-02
   2.9698e+00   1.1649e+03   1.5217e-01   1.3584e-01   1.0638e-02
   2.9821e+00   1.1697e+03   1.2640e-01   1.7177e-01  -1.4966e-04
   2.9943e+00   1.1745e+03   9.2088e-02   2.1243e-01  -1.2996e-02
   3.0066e+00   1.1793e+03   4.8029e-02   2.5726e-01  -2.7738e-02
   3.0189e+00   1.1841e+03  -6.8417e-03   3.0542e-01  -4.4024e-02
   3.0311e+00   1.1890e+03  -7.3342e-02   3.5591e-01  -6.1283e-02
   3.0434e+00   1.1938e+03  -1.5190e-01   4.0761e-01  -7.8689e-02
   3.0557e+00   1.1986e+03  -2.4221e-01   4.5911e-01  -9.5181e-02
   3.0680e+00   1.2034e+03  -3.4269e-01   5.0878e-01  -1.0953e-01
   3.0802e+00   1.2082e+03  -4.5000e-01   5.5487e-01  -1.2051e-01
   3.0925e+00   1.2130e+03  -5.5832e-01   5.9557e-01  -1.2713e-01
   3.1048e+00   1.2178e+03  -6.5911e-01   6.2914e-01  -1.2919e-01
   3.1170e+00   1.2226e+03  -7.4154e-01   6.5418e-01  -1.2769e-01
   3.1293e+00   1.2275e+03  -7.9485e-01   6.7011e-01  -1.2502e-01
