# The data in this file was extracted from a direct numerical
# simulation of fully developed plane turbulent channel
# flow. Particulars are listed below. Note that some of the statistical
# quantities provided in this data set should be zero due to
# (statistical) symmetries in the flow. These quantities are reported
# here none-the-less as an indicator of the quality of the statistics.
# more statistics from this data set are available at 
# http://www.tam.uiuc.edu/Faculty/Moser/channel 
#
# Authors: Moser, Kim & Mansour
# Reference: DNS of Turbulent Channel Flow up to Re_tau=590, 1999,
#            Physics of Fluids, vol 11, 943-945.
# Numerical Method: Kim, Moin & Moser, 1987, J. Fluid Mech. vol 177, 133-166 
# Re_tau = 392.24
# Normalization: U_tau, h 
# Description: Spanwise (z) Two-point cross correlations of velocity and pressure at indicated y-location 
# Filename: chan395/correlations/chan395.zccorr.10 
# Date File Created: Mar 01, 2000 
#
#---End of Header---
# 
# nz = 256,  Re = 392.24,  y = 0.02430,  y+ =   9.53
#      dz           dz+         R_uv         R_up         R_vp
#
   0.0000e+00   0.0000e+00  -3.8001e-01   1.4308e-01  -1.2119e-01
   1.2272e-02   4.8136e+00  -3.4649e-01   1.6144e-01  -1.0887e-01
   2.4544e-02   9.6271e+00  -2.5769e-01   2.0236e-01  -7.9103e-02
   3.6816e-02   1.4441e+01  -1.4544e-01   2.3530e-01  -4.5291e-02
   4.9087e-02   1.9254e+01  -4.0052e-02   2.4831e-01  -1.6945e-02
   6.1359e-02   2.4068e+01   4.1381e-02   2.4467e-01   2.7781e-03
   7.3631e-02   2.8881e+01   9.4657e-02   2.3158e-01   1.4687e-02
   8.5903e-02   3.3695e+01   1.2305e-01   2.1461e-01   2.0895e-02
   9.8175e-02   3.8509e+01   1.3249e-01   1.9735e-01   2.3272e-02
   1.1045e-01   4.3322e+01   1.2897e-01   1.8186e-01   2.3200e-02
   1.2272e-01   4.8136e+01   1.1753e-01   1.6884e-01   2.1695e-02
   1.3499e-01   5.2949e+01   1.0204e-01   1.5793e-01   1.9498e-02
   1.4726e-01   5.7763e+01   8.5297e-02   1.4872e-01   1.7084e-02
   1.5953e-01   6.2576e+01   6.9055e-02   1.4117e-01   1.4741e-02
   1.7181e-01   6.7390e+01   5.4268e-02   1.3499e-01   1.2629e-02
   1.8408e-01   7.2203e+01   4.1521e-02   1.2941e-01   1.0827e-02
   1.9635e-01   7.7017e+01   3.1070e-02   1.2375e-01   9.3537e-03
   2.0862e-01   8.1831e+01   2.2698e-02   1.1791e-01   8.1576e-03
   2.2089e-01   8.6644e+01   1.5930e-02   1.1210e-01   7.1434e-03
   2.3317e-01   9.1458e+01   1.0363e-02   1.0654e-01   6.2472e-03
   2.4544e-01   9.6271e+01   5.7665e-03   1.0143e-01   5.4466e-03
   2.5771e-01   1.0108e+02   1.9793e-03   9.7245e-02   4.6282e-03
   2.6998e-01   1.0590e+02  -1.0272e-03   9.4489e-02   3.6077e-03
   2.8225e-01   1.1071e+02  -3.1542e-03   9.3350e-02   2.3648e-03
   2.9452e-01   1.1553e+02  -4.3375e-03   9.3503e-02   1.0491e-03
   3.0680e-01   1.2034e+02  -4.6469e-03   9.4566e-02  -1.8171e-04
   3.1907e-01   1.2515e+02  -4.2874e-03   9.6319e-02  -1.2310e-03
   3.3134e-01   1.2997e+02  -3.4977e-03   9.8486e-02  -2.0444e-03
   3.4361e-01   1.3478e+02  -2.4056e-03   1.0033e-01  -2.5628e-03
   3.5588e-01   1.3959e+02  -1.0873e-03   1.0084e-01  -2.7480e-03
   3.6816e-01   1.4441e+02   2.5495e-04   9.9420e-02  -2.6009e-03
   3.8043e-01   1.4922e+02   1.4096e-03   9.6252e-02  -2.1823e-03
   3.9270e-01   1.5403e+02   2.4008e-03   9.2064e-02  -1.5671e-03
   4.0497e-01   1.5885e+02   3.4261e-03   8.7723e-02  -8.5504e-04
   4.1724e-01   1.6366e+02   4.5632e-03   8.3948e-02  -2.1881e-04
   4.2951e-01   1.6847e+02   5.6478e-03   8.1233e-02   1.8039e-04
   4.4179e-01   1.7329e+02   6.3880e-03   7.9869e-02   3.2372e-04
   4.5406e-01   1.7810e+02   6.5498e-03   8.0091e-02   3.2447e-04
   4.6633e-01   1.8292e+02   6.1568e-03   8.2073e-02   2.7981e-04
   4.7860e-01   1.8773e+02   5.4012e-03   8.5812e-02   1.7753e-04
   4.9087e-01   1.9254e+02   4.3778e-03   9.1129e-02  -7.6228e-05
   5.0315e-01   1.9736e+02   3.0230e-03   9.7500e-02  -5.0293e-04
   5.1542e-01   2.0217e+02   1.3438e-03   1.0405e-01  -1.0143e-03
   5.2769e-01   2.0698e+02  -4.4939e-04   1.0995e-01  -1.4646e-03
   5.3996e-01   2.1180e+02  -2.1101e-03   1.1474e-01  -1.7544e-03
   5.5223e-01   2.1661e+02  -3.4804e-03   1.1837e-01  -1.8504e-03
   5.6450e-01   2.2142e+02  -4.4089e-03   1.2102e-01  -1.7917e-03
   5.7678e-01   2.2624e+02  -4.7864e-03   1.2280e-01  -1.6235e-03
   5.8905e-01   2.3105e+02  -4.7047e-03   1.2365e-01  -1.4159e-03
   6.0132e-01   2.3586e+02  -4.3840e-03   1.2330e-01  -1.2357e-03
   6.1359e-01   2.4068e+02  -3.9293e-03   1.2124e-01  -1.1253e-03
   6.2586e-01   2.4549e+02  -3.2524e-03   1.1698e-01  -1.0781e-03
   6.3814e-01   2.5031e+02  -2.2907e-03   1.1034e-01  -1.0401e-03
   6.5041e-01   2.5512e+02  -1.1627e-03   1.0153e-01  -9.3457e-04
   6.6268e-01   2.5993e+02  -8.5512e-05   9.1113e-02  -7.5624e-04
   6.7495e-01   2.6475e+02   7.9518e-04   7.9789e-02  -6.2635e-04
   6.8722e-01   2.6956e+02   1.4998e-03   6.8015e-02  -6.3490e-04
   6.9950e-01   2.7437e+02   2.1845e-03   5.5803e-02  -6.9204e-04
   7.1177e-01   2.7919e+02   3.0204e-03   4.2979e-02  -6.3226e-04
   7.2404e-01   2.8400e+02   4.0490e-03   2.9650e-02  -3.6776e-04
   7.3631e-01   2.8881e+02   5.2519e-03   1.6467e-02   7.8004e-05
   7.4858e-01   2.9363e+02   6.5715e-03   4.4431e-03   6.2048e-04
   7.6085e-01   2.9844e+02   7.8304e-03  -5.5538e-03   1.1872e-03
   7.7313e-01   3.0325e+02   8.7876e-03  -1.2838e-02   1.6949e-03
   7.8540e-01   3.0807e+02   9.1935e-03  -1.7016e-02   2.0202e-03
   7.9767e-01   3.1288e+02   8.8592e-03  -1.8307e-02   2.0525e-03
   8.0994e-01   3.1770e+02   7.8504e-03  -1.7555e-02   1.8168e-03
   8.2221e-01   3.2251e+02   6.4743e-03  -1.5585e-02   1.4783e-03
   8.3449e-01   3.2732e+02   5.0012e-03  -1.2747e-02   1.1984e-03
   8.4676e-01   3.3214e+02   3.5807e-03  -8.9540e-03   1.0033e-03
   8.5903e-01   3.3695e+02   2.2985e-03  -4.1043e-03   7.8693e-04
   8.7130e-01   3.4176e+02   1.2067e-03   1.6375e-03   4.2050e-04
   8.8357e-01   3.4658e+02   3.6989e-04   7.7724e-03  -1.1054e-04
   8.9584e-01   3.5139e+02  -1.1050e-04   1.3714e-02  -7.2835e-04
   9.0812e-01   3.5620e+02  -1.7101e-04   1.8913e-02  -1.3150e-03
   9.2039e-01   3.6102e+02   1.2805e-04   2.2914e-02  -1.7259e-03
   9.3266e-01   3.6583e+02   6.0353e-04   2.5382e-02  -1.8599e-03
   9.4493e-01   3.7064e+02   9.8572e-04   2.6280e-02  -1.7163e-03
   9.5720e-01   3.7546e+02   1.0661e-03   2.6057e-02  -1.3745e-03
   9.6948e-01   3.8027e+02   7.7528e-04   2.5459e-02  -9.4502e-04
   9.8175e-01   3.8509e+02   1.7711e-04   2.4859e-02  -5.0344e-04
   9.9402e-01   3.8990e+02  -5.6150e-04   2.4188e-02  -1.0669e-04
   1.0063e+00   3.9471e+02  -1.2956e-03   2.3363e-02   1.9295e-04
   1.0186e+00   3.9953e+02  -1.9668e-03   2.2409e-02   3.3731e-04
   1.0308e+00   4.0434e+02  -2.5285e-03   2.1330e-02   3.3033e-04
   1.0431e+00   4.0915e+02  -2.9110e-03   2.0063e-02   2.4184e-04
   1.0554e+00   4.1397e+02  -2.9986e-03   1.8571e-02   1.8867e-04
   1.0677e+00   4.1878e+02  -2.6331e-03   1.6904e-02   2.0407e-04
   1.0799e+00   4.2359e+02  -1.7913e-03   1.5211e-02   2.0167e-04
   1.0922e+00   4.2841e+02  -7.2766e-04   1.3578e-02   7.7004e-05
   1.1045e+00   4.3322e+02   1.2657e-04   1.2031e-02  -1.4466e-04
   1.1167e+00   4.3803e+02   3.9012e-04   1.0626e-02  -3.3020e-04
   1.1290e+00   4.4285e+02  -6.5243e-05   9.5174e-03  -3.7503e-04
   1.1413e+00   4.4766e+02  -1.0878e-03   8.6753e-03  -2.4091e-04
   1.1536e+00   4.5248e+02  -2.3515e-03   7.8023e-03   2.9054e-05
   1.1658e+00   4.5729e+02  -3.4654e-03   6.5631e-03   2.9900e-04
   1.1781e+00   4.6210e+02  -4.0470e-03   4.8081e-03   3.6865e-04
   1.1904e+00   4.6692e+02  -3.7956e-03   2.4119e-03   9.7603e-05
   1.2026e+00   4.7173e+02  -2.5711e-03  -9.9744e-04  -4.5548e-04
   1.2149e+00   4.7654e+02  -5.4994e-04  -5.8728e-03  -1.0086e-03
   1.2272e+00   4.8136e+02   1.7199e-03  -1.2094e-02  -1.2313e-03
   1.2395e+00   4.8617e+02   3.6588e-03  -1.8715e-02  -9.8659e-04
   1.2517e+00   4.9098e+02   4.9287e-03  -2.4440e-02  -4.2923e-04
   1.2640e+00   4.9580e+02   5.4330e-03  -2.8214e-02   1.5491e-04
   1.2763e+00   5.0061e+02   5.3827e-03  -2.9391e-02   5.7163e-04
   1.2885e+00   5.0542e+02   5.2094e-03  -2.7642e-02   8.0198e-04
   1.3008e+00   5.1024e+02   5.1928e-03  -2.2979e-02   9.3172e-04
   1.3131e+00   5.1505e+02   5.2415e-03  -1.5929e-02   1.0412e-03
   1.3254e+00   5.1987e+02   5.0168e-03  -7.4078e-03   1.1271e-03
   1.3376e+00   5.2468e+02   4.1686e-03   1.6840e-03   1.1251e-03
   1.3499e+00   5.2949e+02   2.5570e-03   1.0779e-02   9.8470e-04
   1.3622e+00   5.3431e+02   2.9523e-04   1.9546e-02   7.0237e-04
   1.3744e+00   5.3912e+02  -2.3180e-03   2.7688e-02   3.0565e-04
   1.3867e+00   5.4393e+02  -4.9169e-03   3.4892e-02  -1.5791e-04
   1.3990e+00   5.4875e+02  -7.2158e-03   4.0823e-02  -6.2638e-04
   1.4113e+00   5.5356e+02  -9.0247e-03   4.5021e-02  -9.8305e-04
   1.4235e+00   5.5837e+02  -1.0131e-02   4.7143e-02  -1.1025e-03
   1.4358e+00   5.6319e+02  -1.0280e-02   4.7405e-02  -9.6775e-04
   1.4481e+00   5.6800e+02  -9.2635e-03   4.6328e-02  -6.6424e-04
   1.4603e+00   5.7281e+02  -7.1315e-03   4.4285e-02  -2.5806e-04
   1.4726e+00   5.7763e+02  -4.2798e-03   4.1501e-02   2.4035e-04
   1.4849e+00   5.8244e+02  -1.2141e-03   3.8402e-02   8.4616e-04
   1.4972e+00   5.8726e+02   1.6733e-03   3.5515e-02   1.5508e-03
   1.5094e+00   5.9207e+02   4.1630e-03   3.3332e-02   2.2086e-03
   1.5217e+00   5.9688e+02   6.1538e-03   3.2122e-02   2.5448e-03
   1.5340e+00   6.0170e+02   7.5770e-03   3.1829e-02   2.4181e-03
   1.5463e+00   6.0651e+02   8.4732e-03   3.2152e-02   1.9821e-03
   1.5585e+00   6.1132e+02   8.9728e-03   3.3016e-02   1.5229e-03
   1.5708e+00   6.1614e+02   9.0571e-03   3.4813e-02   1.2063e-03
   1.5831e+00   6.2095e+02   8.5162e-03   3.8001e-02   9.8469e-04
   1.5953e+00   6.2576e+02   7.1442e-03   4.2317e-02   6.9828e-04
   1.6076e+00   6.3058e+02   4.9554e-03   4.6648e-02   2.5907e-04
   1.6199e+00   6.3539e+02   2.3256e-03   4.9821e-02  -2.3743e-04
   1.6322e+00   6.4020e+02  -1.9597e-04   5.1331e-02  -6.1947e-04
   1.6444e+00   6.4502e+02  -2.2544e-03   5.1223e-02  -7.6758e-04
   1.6567e+00   6.4983e+02  -3.7161e-03   4.9567e-02  -6.1912e-04
   1.6690e+00   6.5465e+02  -4.4592e-03   4.6365e-02  -1.6000e-04
   1.6812e+00   6.5946e+02  -4.4167e-03   4.1800e-02   5.3175e-04
   1.6935e+00   6.6427e+02  -3.8153e-03   3.6376e-02   1.2800e-03
   1.7058e+00   6.6909e+02  -3.1647e-03   3.0894e-02   1.8422e-03
   1.7181e+00   6.7390e+02  -2.9230e-03   2.6233e-02   2.0163e-03
   1.7303e+00   6.7871e+02  -3.1993e-03   2.3151e-02   1.7748e-03
   1.7426e+00   6.8353e+02  -3.6581e-03   2.1930e-02   1.3140e-03
   1.7549e+00   6.8834e+02  -3.7179e-03   2.2183e-02   9.0066e-04
   1.7671e+00   6.9315e+02  -2.9584e-03   2.3324e-02   6.7434e-04
   1.7794e+00   6.9797e+02  -1.4188e-03   2.5256e-02   5.8661e-04
   1.7917e+00   7.0278e+02   3.8678e-04   2.8319e-02   4.9492e-04
   1.8040e+00   7.0759e+02   1.7720e-03   3.2656e-02   2.8599e-04
   1.8162e+00   7.1241e+02   2.3565e-03   3.7854e-02  -6.3465e-05
   1.8285e+00   7.1722e+02   2.2150e-03   4.3015e-02  -4.6213e-04
   1.8408e+00   7.2203e+02   1.6071e-03   4.7102e-02  -7.8244e-04
   1.8530e+00   7.2685e+02   7.9453e-04   4.9444e-02  -9.2695e-04
   1.8653e+00   7.3166e+02   4.3870e-05   4.9716e-02  -8.2327e-04
   1.8776e+00   7.3648e+02  -4.7091e-04   4.7886e-02  -4.1284e-04
   1.8899e+00   7.4129e+02  -7.6622e-04   4.4294e-02   2.8119e-04
   1.9021e+00   7.4610e+02  -9.8883e-04   3.9657e-02   1.1495e-03
   1.9144e+00   7.5092e+02  -1.1747e-03   3.4664e-02   2.0851e-03
   1.9267e+00   7.5573e+02  -1.1471e-03   2.9473e-02   3.0267e-03
   1.9390e+00   7.6054e+02  -7.2241e-04   2.4006e-02   3.8629e-03
   1.9512e+00   7.6536e+02   3.9303e-06   1.8632e-02   4.4156e-03
   1.9635e+00   7.7017e+02   6.5654e-04   1.4356e-02   4.5049e-03
   1.9758e+00   7.7498e+02   8.7032e-04   1.2198e-02   4.0654e-03
   1.9880e+00   7.7980e+02   5.6891e-04   1.2505e-02   3.2158e-03
   2.0003e+00   7.8461e+02   2.9277e-05   1.4562e-02   2.1984e-03
   2.0126e+00   7.8942e+02  -4.2762e-04   1.6908e-02   1.2447e-03
   2.0249e+00   7.9424e+02  -7.4148e-04   1.8268e-02   5.0458e-04
   2.0371e+00   7.9905e+02  -9.9414e-04   1.8171e-02   3.1079e-05
   2.0494e+00   8.0387e+02  -1.2528e-03   1.6866e-02  -1.7077e-04
   2.0617e+00   8.0868e+02  -1.6410e-03   1.4898e-02  -1.3027e-04
   2.0739e+00   8.1349e+02  -2.3842e-03   1.2911e-02   3.3578e-05
   2.0862e+00   8.1831e+02  -3.5887e-03   1.1427e-02   6.7823e-05
   2.0985e+00   8.2312e+02  -4.9643e-03   1.0481e-02  -2.4808e-04
   2.1108e+00   8.2793e+02  -5.9757e-03   9.7559e-03  -8.7730e-04
   2.1230e+00   8.3275e+02  -6.2294e-03   8.9222e-03  -1.4828e-03
   2.1353e+00   8.3756e+02  -5.5723e-03   7.6723e-03  -1.6186e-03
   2.1476e+00   8.4237e+02  -4.0259e-03   5.7173e-03  -1.0770e-03
   2.1598e+00   8.4719e+02  -1.8065e-03   3.1205e-03  -2.1894e-05
   2.1721e+00   8.5200e+02   6.1933e-04   5.4167e-04   1.1814e-03
   2.1844e+00   8.5681e+02   2.6594e-03  -1.0019e-03   2.2142e-03
   2.1967e+00   8.6163e+02   3.8759e-03  -6.5548e-04   2.8824e-03
   2.2089e+00   8.6644e+02   4.1875e-03   1.8548e-03   3.1038e-03
   2.2212e+00   8.7126e+02   3.8106e-03   6.2558e-03   2.8089e-03
   2.2335e+00   8.7607e+02   3.0522e-03   1.1960e-02   2.0400e-03
   2.2457e+00   8.8088e+02   2.1380e-03   1.8177e-02   1.0821e-03
   2.2580e+00   8.8570e+02   1.2004e-03   2.3964e-02   3.3801e-04
   2.2703e+00   8.9051e+02   3.8482e-04   2.8421e-02   2.9696e-05
   2.2826e+00   8.9532e+02  -1.0907e-04   3.0976e-02   1.7422e-04
   2.2948e+00   9.0014e+02  -1.2007e-04   3.1493e-02   6.7935e-04
   2.3071e+00   9.0495e+02   3.6830e-04   3.0271e-02   1.3483e-03
   2.3194e+00   9.0976e+02   1.1462e-03   2.7753e-02   1.9273e-03
   2.3317e+00   9.1458e+02   1.8721e-03   2.4361e-02   2.2121e-03
   2.3439e+00   9.1939e+02   2.3972e-03   2.0298e-02   2.1914e-03
   2.3562e+00   9.2420e+02   2.8073e-03   1.5663e-02   2.0092e-03
   2.3685e+00   9.2902e+02   3.1526e-03   1.0746e-02   1.7661e-03
   2.3807e+00   9.3383e+02   3.3789e-03   6.3798e-03   1.4540e-03
   2.3930e+00   9.3865e+02   3.4728e-03   3.6858e-03   1.0391e-03
   2.4053e+00   9.4346e+02   3.5721e-03   3.3927e-03   5.2489e-04
   2.4176e+00   9.4827e+02   3.9253e-03   5.4985e-03  -4.5002e-05
   2.4298e+00   9.5309e+02   4.7793e-03   9.4604e-03  -5.6841e-04
   2.4421e+00   9.5790e+02   6.1561e-03   1.4574e-02  -9.1033e-04
   2.4544e+00   9.6271e+02   7.6682e-03   2.0332e-02  -9.7250e-04
   2.4666e+00   9.6753e+02   8.6465e-03   2.6434e-02  -7.8581e-04
   2.4789e+00   9.7234e+02   8.5014e-03   3.2878e-02  -4.6260e-04
   2.4912e+00   9.7715e+02   7.0553e-03   3.9716e-02  -1.3748e-04
   2.5035e+00   9.8197e+02   4.7189e-03   4.6810e-02   5.5497e-05
   2.5157e+00   9.8678e+02   2.2596e-03   5.3872e-02   8.3318e-05
   2.5280e+00   9.9159e+02   2.5377e-04   6.0745e-02   2.6649e-05
   2.5403e+00   9.9641e+02  -1.1378e-03   6.7389e-02  -1.2993e-06
   2.5525e+00   1.0012e+03  -2.0046e-03   7.3878e-02   4.7195e-05
   2.5648e+00   1.0060e+03  -2.5032e-03   8.0532e-02   1.5418e-04
   2.5771e+00   1.0108e+03  -2.7395e-03   8.7776e-02   2.2959e-04
   2.5894e+00   1.0157e+03  -2.6848e-03   9.5799e-02   1.3892e-04
   2.6016e+00   1.0205e+03  -2.2601e-03   1.0417e-01  -1.8077e-04
   2.6139e+00   1.0253e+03  -1.5000e-03   1.1183e-01  -7.2349e-04
   2.6262e+00   1.0301e+03  -6.2301e-04   1.1757e-01  -1.4562e-03
   2.6384e+00   1.0349e+03   9.0382e-05   1.2080e-01  -2.2887e-03
   2.6507e+00   1.0397e+03   5.8013e-04   1.2165e-01  -3.0409e-03
   2.6630e+00   1.0445e+03   1.0129e-03   1.2045e-01  -3.4981e-03
   2.6753e+00   1.0494e+03   1.5671e-03   1.1726e-01  -3.5175e-03
   2.6875e+00   1.0542e+03   2.2897e-03   1.1198e-01  -3.0908e-03
   2.6998e+00   1.0590e+03   3.0555e-03   1.0486e-01  -2.3435e-03
   2.7121e+00   1.0638e+03   3.7068e-03   9.6617e-02  -1.4556e-03
   2.7243e+00   1.0686e+03   4.1674e-03   8.8348e-02  -5.6597e-04
   2.7366e+00   1.0734e+03   4.3417e-03   8.1152e-02   2.3331e-04
   2.7489e+00   1.0782e+03   4.0881e-03   7.5650e-02   8.6784e-04
   2.7612e+00   1.0831e+03   3.3187e-03   7.2021e-02   1.2902e-03
   2.7734e+00   1.0879e+03   2.1223e-03   7.0232e-02   1.5203e-03
   2.7857e+00   1.0927e+03   7.4693e-04   7.0247e-02   1.5941e-03
   2.7980e+00   1.0975e+03  -5.3010e-04   7.1993e-02   1.5227e-03
   2.8103e+00   1.1023e+03  -1.4625e-03   7.5082e-02   1.2861e-03
   2.8225e+00   1.1071e+03  -1.8210e-03   7.8789e-02   9.3717e-04
   2.8348e+00   1.1119e+03  -1.4824e-03   8.2272e-02   6.4663e-04
   2.8471e+00   1.1167e+03  -5.3799e-04   8.5011e-02   6.3400e-04
   2.8593e+00   1.1216e+03   7.8816e-04   8.6601e-02   1.0093e-03
   2.8716e+00   1.1264e+03   2.4258e-03   8.6577e-02   1.8006e-03
   2.8839e+00   1.1312e+03   4.5965e-03   8.4514e-02   2.9908e-03
   2.8962e+00   1.1360e+03   7.6007e-03   8.0734e-02   4.4609e-03
   2.9084e+00   1.1408e+03   1.1633e-02   7.6478e-02   5.9855e-03
   2.9207e+00   1.1456e+03   1.6941e-02   7.3436e-02   7.4448e-03
   2.9330e+00   1.1504e+03   2.3943e-02   7.3027e-02   8.9262e-03
   2.9452e+00   1.1553e+03   3.3012e-02   7.6153e-02   1.0601e-02
   2.9575e+00   1.1601e+03   4.4237e-02   8.3111e-02   1.2474e-02
   2.9698e+00   1.1649e+03   5.7434e-02   9.3825e-02   1.4417e-02
   2.9821e+00   1.1697e+03   7.2283e-02   1.0804e-01   1.6308e-02
   2.9943e+00   1.1745e+03   8.8372e-02   1.2541e-01   1.8034e-02
   3.0066e+00   1.1793e+03   1.0493e-01   1.4531e-01   1.9508e-02
   3.0189e+00   1.1841e+03   1.2036e-01   1.6698e-01   2.0676e-02
   3.0311e+00   1.1890e+03   1.3197e-01   1.8966e-01   2.1361e-02
   3.0434e+00   1.1938e+03   1.3594e-01   2.1235e-01   2.1104e-02
   3.0557e+00   1.1986e+03   1.2719e-01   2.3357e-01   1.8986e-02
   3.0680e+00   1.2034e+03   9.9522e-02   2.5160e-01   1.3512e-02
   3.0802e+00   1.2082e+03   4.6780e-02   2.6376e-01   2.3940e-03
   3.0925e+00   1.2130e+03  -3.4562e-02   2.6523e-01  -1.6840e-02
   3.1048e+00   1.2178e+03  -1.4050e-01   2.4906e-01  -4.5177e-02
   3.1170e+00   1.2226e+03  -2.5397e-01   2.1202e-01  -7.9221e-02
   3.1293e+00   1.2275e+03  -3.4447e-01   1.6640e-01  -1.0906e-01
