# The data in this file was extracted from a direct numerical
# simulation of fully developed plane turbulent channel
# flow. Particulars are listed below. Note that some of the statistical
# quantities provided in this data set should be zero due to
# (statistical) symmetries in the flow. These quantities are reported
# here none-the-less as an indicator of the quality of the statistics.
# more statistics from this data set are available at 
# http://www.tam.uiuc.edu/Faculty/Moser/channel 
#
# Authors: Moser, Kim & Mansour
# Reference: DNS of Turbulent Channel Flow up to Re_tau=590, 1999,
#            Physics of Fluids, vol 11, 943-945.
# Numerical Method: Kim, Moin & Moser, 1987, J. Fluid Mech. vol 177, 133-166 
# Re_tau = 392.24
# Normalization: U_tau, h 
# Description: Spanwise (z) Two-point cross correlations of velocity and pressure at indicated y-location 
# Filename: chan395/correlations/chan395.zccorr.302 
# Date File Created: Mar 01, 2000 
#
#---End of Header---
# 
# nz = 256,  Re = 392.24,  y = 0.76894,  y+ = 301.61
#      dz           dz+         R_uv         R_up         R_vp
#
   0.0000e+00   0.0000e+00  -2.2605e-01   1.4594e-01  -3.6941e-02
   1.2272e-02   4.8136e+00  -2.2485e-01   1.4505e-01  -3.7106e-02
   2.4544e-02   9.6271e+00  -2.2112e-01   1.4341e-01  -3.7455e-02
   3.6816e-02   1.4441e+01  -2.1507e-01   1.4110e-01  -3.7920e-02
   4.9087e-02   1.9254e+01  -2.0699e-01   1.3823e-01  -3.8414e-02
   6.1359e-02   2.4068e+01  -1.9728e-01   1.3488e-01  -3.8866e-02
   7.3631e-02   2.8881e+01  -1.8632e-01   1.3114e-01  -3.9228e-02
   8.5903e-02   3.3695e+01  -1.7449e-01   1.2710e-01  -3.9476e-02
   9.8175e-02   3.8509e+01  -1.6213e-01   1.2283e-01  -3.9598e-02
   1.1045e-01   4.3322e+01  -1.4953e-01   1.1836e-01  -3.9590e-02
   1.2272e-01   4.8136e+01  -1.3690e-01   1.1375e-01  -3.9448e-02
   1.3499e-01   5.2949e+01  -1.2443e-01   1.0902e-01  -3.9171e-02
   1.4726e-01   5.7763e+01  -1.1224e-01   1.0421e-01  -3.8758e-02
   1.5953e-01   6.2576e+01  -1.0043e-01   9.9327e-02  -3.8212e-02
   1.7181e-01   6.7390e+01  -8.9071e-02   9.4410e-02  -3.7536e-02
   1.8408e-01   7.2203e+01  -7.8203e-02   8.9476e-02  -3.6741e-02
   1.9635e-01   7.7017e+01  -6.7858e-02   8.4547e-02  -3.5838e-02
   2.0862e-01   8.1831e+01  -5.8057e-02   7.9642e-02  -3.4842e-02
   2.2089e-01   8.6644e+01  -4.8812e-02   7.4782e-02  -3.3768e-02
   2.3317e-01   9.1458e+01  -4.0126e-02   6.9984e-02  -3.2634e-02
   2.4544e-01   9.6271e+01  -3.1996e-02   6.5264e-02  -3.1455e-02
   2.5771e-01   1.0108e+02  -2.4414e-02   6.0630e-02  -3.0249e-02
   2.6998e-01   1.0590e+02  -1.7366e-02   5.6088e-02  -2.9037e-02
   2.8225e-01   1.1071e+02  -1.0837e-02   5.1639e-02  -2.7842e-02
   2.9452e-01   1.1553e+02  -4.8091e-03   4.7286e-02  -2.6684e-02
   3.0680e-01   1.2034e+02   7.3154e-04   4.3033e-02  -2.5582e-02
   3.1907e-01   1.2515e+02   5.7969e-03   3.8884e-02  -2.4548e-02
   3.3134e-01   1.2997e+02   1.0397e-02   3.4843e-02  -2.3586e-02
   3.4361e-01   1.3478e+02   1.4544e-02   3.0911e-02  -2.2690e-02
   3.5588e-01   1.3959e+02   1.8251e-02   2.7087e-02  -2.1851e-02
   3.6816e-01   1.4441e+02   2.1537e-02   2.3368e-02  -2.1056e-02
   3.8043e-01   1.4922e+02   2.4426e-02   1.9747e-02  -2.0292e-02
   3.9270e-01   1.5403e+02   2.6942e-02   1.6218e-02  -1.9546e-02
   4.0497e-01   1.5885e+02   2.9115e-02   1.2771e-02  -1.8814e-02
   4.1724e-01   1.6366e+02   3.0974e-02   9.3997e-03  -1.8090e-02
   4.2951e-01   1.6847e+02   3.2546e-02   6.0978e-03  -1.7375e-02
   4.4179e-01   1.7329e+02   3.3856e-02   2.8629e-03  -1.6668e-02
   4.5406e-01   1.7810e+02   3.4920e-02  -3.0589e-04  -1.5970e-02
   4.6633e-01   1.8292e+02   3.5747e-02  -3.4080e-03  -1.5282e-02
   4.7860e-01   1.8773e+02   3.6341e-02  -6.4428e-03  -1.4603e-02
   4.9087e-01   1.9254e+02   3.6706e-02  -9.4103e-03  -1.3933e-02
   5.0315e-01   1.9736e+02   3.6843e-02  -1.2311e-02  -1.3273e-02
   5.1542e-01   2.0217e+02   3.6751e-02  -1.5146e-02  -1.2627e-02
   5.2769e-01   2.0698e+02   3.6432e-02  -1.7915e-02  -1.2001e-02
   5.3996e-01   2.1180e+02   3.5889e-02  -2.0616e-02  -1.1403e-02
   5.5223e-01   2.1661e+02   3.5129e-02  -2.3246e-02  -1.0843e-02
   5.6450e-01   2.2142e+02   3.4166e-02  -2.5800e-02  -1.0330e-02
   5.7678e-01   2.2624e+02   3.3020e-02  -2.8270e-02  -9.8696e-03
   5.8905e-01   2.3105e+02   3.1716e-02  -3.0646e-02  -9.4677e-03
   6.0132e-01   2.3586e+02   3.0283e-02  -3.2916e-02  -9.1257e-03
   6.1359e-01   2.4068e+02   2.8749e-02  -3.5071e-02  -8.8428e-03
   6.2586e-01   2.4549e+02   2.7142e-02  -3.7098e-02  -8.6161e-03
   6.3814e-01   2.5031e+02   2.5496e-02  -3.8989e-02  -8.4412e-03
   6.5041e-01   2.5512e+02   2.3843e-02  -4.0732e-02  -8.3128e-03
   6.6268e-01   2.5993e+02   2.2220e-02  -4.2322e-02  -8.2264e-03
   6.7495e-01   2.6475e+02   2.0665e-02  -4.3751e-02  -8.1783e-03
   6.8722e-01   2.6956e+02   1.9208e-02  -4.5015e-02  -8.1647e-03
   6.9950e-01   2.7437e+02   1.7870e-02  -4.6113e-02  -8.1808e-03
   7.1177e-01   2.7919e+02   1.6661e-02  -4.7050e-02  -8.2197e-03
   7.2404e-01   2.8400e+02   1.5583e-02  -4.7834e-02  -8.2727e-03
   7.3631e-01   2.8881e+02   1.4633e-02  -4.8479e-02  -8.3310e-03
   7.4858e-01   2.9363e+02   1.3804e-02  -4.8996e-02  -8.3865e-03
   7.6085e-01   2.9844e+02   1.3090e-02  -4.9400e-02  -8.4324e-03
   7.7313e-01   3.0325e+02   1.2484e-02  -4.9701e-02  -8.4635e-03
   7.8540e-01   3.0807e+02   1.1976e-02  -4.9907e-02  -8.4767e-03
   7.9767e-01   3.1288e+02   1.1555e-02  -5.0024e-02  -8.4703e-03
   8.0994e-01   3.1770e+02   1.1208e-02  -5.0060e-02  -8.4451e-03
   8.2221e-01   3.2251e+02   1.0922e-02  -5.0020e-02  -8.4041e-03
   8.3449e-01   3.2732e+02   1.0683e-02  -4.9913e-02  -8.3520e-03
   8.4676e-01   3.3214e+02   1.0483e-02  -4.9745e-02  -8.2953e-03
   8.5903e-01   3.3695e+02   1.0317e-02  -4.9522e-02  -8.2410e-03
   8.7130e-01   3.4176e+02   1.0181e-02  -4.9246e-02  -8.1969e-03
   8.8357e-01   3.4658e+02   1.0073e-02  -4.8916e-02  -8.1706e-03
   8.9584e-01   3.5139e+02   9.9893e-03  -4.8531e-02  -8.1694e-03
   9.0812e-01   3.5620e+02   9.9304e-03  -4.8089e-02  -8.1996e-03
   9.2039e-01   3.6102e+02   9.8967e-03  -4.7587e-02  -8.2656e-03
   9.3266e-01   3.6583e+02   9.8909e-03  -4.7026e-02  -8.3688e-03
   9.4493e-01   3.7064e+02   9.9152e-03  -4.6409e-02  -8.5066e-03
   9.5720e-01   3.7546e+02   9.9699e-03  -4.5739e-02  -8.6721e-03
   9.6948e-01   3.8027e+02   1.0052e-02  -4.5021e-02  -8.8543e-03
   9.8175e-01   3.8509e+02   1.0155e-02  -4.4260e-02  -9.0394e-03
   9.9402e-01   3.8990e+02   1.0269e-02  -4.3462e-02  -9.2113e-03
   1.0063e+00   3.9471e+02   1.0384e-02  -4.2632e-02  -9.3537e-03
   1.0186e+00   3.9953e+02   1.0488e-02  -4.1780e-02  -9.4525e-03
   1.0308e+00   4.0434e+02   1.0571e-02  -4.0915e-02  -9.4971e-03
   1.0431e+00   4.0915e+02   1.0622e-02  -4.0048e-02  -9.4812e-03
   1.0554e+00   4.1397e+02   1.0634e-02  -3.9193e-02  -9.4019e-03
   1.0677e+00   4.1878e+02   1.0606e-02  -3.8363e-02  -9.2584e-03
   1.0799e+00   4.2359e+02   1.0540e-02  -3.7572e-02  -9.0505e-03
   1.0922e+00   4.2841e+02   1.0440e-02  -3.6830e-02  -8.7781e-03
   1.1045e+00   4.3322e+02   1.0311e-02  -3.6146e-02  -8.4419e-03
   1.1167e+00   4.3803e+02   1.0161e-02  -3.5526e-02  -8.0438e-03
   1.1290e+00   4.4285e+02   9.9978e-03  -3.4973e-02  -7.5886e-03
   1.1413e+00   4.4766e+02   9.8291e-03  -3.4488e-02  -7.0847e-03
   1.1536e+00   4.5248e+02   9.6615e-03  -3.4070e-02  -6.5444e-03
   1.1658e+00   4.5729e+02   9.5018e-03  -3.3719e-02  -5.9830e-03
   1.1781e+00   4.6210e+02   9.3574e-03  -3.3431e-02  -5.4165e-03
   1.1904e+00   4.6692e+02   9.2359e-03  -3.3203e-02  -4.8600e-03
   1.2026e+00   4.7173e+02   9.1437e-03  -3.3030e-02  -4.3258e-03
   1.2149e+00   4.7654e+02   9.0847e-03  -3.2903e-02  -3.8236e-03
   1.2272e+00   4.8136e+02   9.0600e-03  -3.2815e-02  -3.3607e-03
   1.2395e+00   4.8617e+02   9.0687e-03  -3.2760e-02  -2.9424e-03
   1.2517e+00   4.9098e+02   9.1093e-03  -3.2735e-02  -2.5720e-03
   1.2640e+00   4.9580e+02   9.1815e-03  -3.2740e-02  -2.2508e-03
   1.2763e+00   5.0061e+02   9.2882e-03  -3.2776e-02  -1.9776e-03
   1.2885e+00   5.0542e+02   9.4369e-03  -3.2845e-02  -1.7485e-03
   1.3008e+00   5.1024e+02   9.6389e-03  -3.2947e-02  -1.5572e-03
   1.3131e+00   5.1505e+02   9.9062e-03  -3.3084e-02  -1.3960e-03
   1.3254e+00   5.1987e+02   1.0247e-02  -3.3259e-02  -1.2561e-03
   1.3376e+00   5.2468e+02   1.0665e-02  -3.3476e-02  -1.1290e-03
   1.3499e+00   5.2949e+02   1.1158e-02  -3.3738e-02  -1.0070e-03
   1.3622e+00   5.3431e+02   1.1718e-02  -3.4052e-02  -8.8369e-04
   1.3744e+00   5.3912e+02   1.2336e-02  -3.4422e-02  -7.5489e-04
   1.3867e+00   5.4393e+02   1.2998e-02  -3.4852e-02  -6.1846e-04
   1.3990e+00   5.4875e+02   1.3685e-02  -3.5344e-02  -4.7402e-04
   1.4113e+00   5.5356e+02   1.4373e-02  -3.5896e-02  -3.2201e-04
   1.4235e+00   5.5837e+02   1.5035e-02  -3.6504e-02  -1.6288e-04
   1.4358e+00   5.6319e+02   1.5645e-02  -3.7162e-02   3.3411e-06
   1.4481e+00   5.6800e+02   1.6182e-02  -3.7859e-02   1.7700e-04
   1.4603e+00   5.7281e+02   1.6636e-02  -3.8586e-02   3.5863e-04
   1.4726e+00   5.7763e+02   1.7007e-02  -3.9330e-02   5.4914e-04
   1.4849e+00   5.8244e+02   1.7305e-02  -4.0079e-02   7.5012e-04
   1.4972e+00   5.8726e+02   1.7545e-02  -4.0822e-02   9.6374e-04
   1.5094e+00   5.9207e+02   1.7748e-02  -4.1552e-02   1.1921e-03
   1.5217e+00   5.9688e+02   1.7932e-02  -4.2261e-02   1.4359e-03
   1.5340e+00   6.0170e+02   1.8119e-02  -4.2945e-02   1.6940e-03
   1.5463e+00   6.0651e+02   1.8326e-02  -4.3597e-02   1.9628e-03
   1.5585e+00   6.1132e+02   1.8566e-02  -4.4211e-02   2.2370e-03
   1.5708e+00   6.1614e+02   1.8847e-02  -4.4780e-02   2.5102e-03
   1.5831e+00   6.2095e+02   1.9169e-02  -4.5296e-02   2.7764e-03
   1.5953e+00   6.2576e+02   1.9530e-02  -4.5752e-02   3.0312e-03
   1.6076e+00   6.3058e+02   1.9920e-02  -4.6144e-02   3.2719e-03
   1.6199e+00   6.3539e+02   2.0330e-02  -4.6471e-02   3.4973e-03
   1.6322e+00   6.4020e+02   2.0749e-02  -4.6731e-02   3.7065e-03
   1.6444e+00   6.4502e+02   2.1166e-02  -4.6924e-02   3.8976e-03
   1.6567e+00   6.4983e+02   2.1571e-02  -4.7052e-02   4.0667e-03
   1.6690e+00   6.5465e+02   2.1957e-02  -4.7112e-02   4.2072e-03
   1.6812e+00   6.5946e+02   2.2319e-02  -4.7101e-02   4.3110e-03
   1.6935e+00   6.6427e+02   2.2654e-02  -4.7020e-02   4.3690e-03
   1.7058e+00   6.6909e+02   2.2962e-02  -4.6869e-02   4.3737e-03
   1.7181e+00   6.7390e+02   2.3238e-02  -4.6652e-02   4.3211e-03
   1.7303e+00   6.7871e+02   2.3480e-02  -4.6378e-02   4.2116e-03
   1.7426e+00   6.8353e+02   2.3679e-02  -4.6058e-02   4.0504e-03
   1.7549e+00   6.8834e+02   2.3829e-02  -4.5703e-02   3.8458e-03
   1.7671e+00   6.9315e+02   2.3922e-02  -4.5321e-02   3.6080e-03
   1.7794e+00   6.9797e+02   2.3949e-02  -4.4915e-02   3.3477e-03
   1.7917e+00   7.0278e+02   2.3903e-02  -4.4487e-02   3.0760e-03
   1.8040e+00   7.0759e+02   2.3779e-02  -4.4040e-02   2.8034e-03
   1.8162e+00   7.1241e+02   2.3574e-02  -4.3574e-02   2.5391e-03
   1.8285e+00   7.1722e+02   2.3289e-02  -4.3094e-02   2.2901e-03
   1.8408e+00   7.2203e+02   2.2929e-02  -4.2606e-02   2.0603e-03
   1.8530e+00   7.2685e+02   2.2500e-02  -4.2120e-02   1.8507e-03
   1.8653e+00   7.3166e+02   2.2012e-02  -4.1645e-02   1.6597e-03
   1.8776e+00   7.3648e+02   2.1475e-02  -4.1189e-02   1.4852e-03
   1.8899e+00   7.4129e+02   2.0902e-02  -4.0758e-02   1.3256e-03
   1.9021e+00   7.4610e+02   2.0305e-02  -4.0354e-02   1.1814e-03
   1.9144e+00   7.5092e+02   1.9699e-02  -3.9979e-02   1.0562e-03
   1.9267e+00   7.5573e+02   1.9103e-02  -3.9631e-02   9.5623e-04
   1.9390e+00   7.6054e+02   1.8537e-02  -3.9311e-02   8.8875e-04
   1.9512e+00   7.6536e+02   1.8024e-02  -3.9020e-02   8.5867e-04
   1.9635e+00   7.7017e+02   1.7582e-02  -3.8761e-02   8.6579e-04
   1.9758e+00   7.7498e+02   1.7226e-02  -3.8537e-02   9.0413e-04
   1.9880e+00   7.7980e+02   1.6966e-02  -3.8351e-02   9.6323e-04
   2.0003e+00   7.8461e+02   1.6808e-02  -3.8206e-02   1.0302e-03
   2.0126e+00   7.8942e+02   1.6754e-02  -3.8103e-02   1.0917e-03
   2.0249e+00   7.9424e+02   1.6804e-02  -3.8043e-02   1.1361e-03
   2.0371e+00   7.9905e+02   1.6950e-02  -3.8025e-02   1.1554e-03
   2.0494e+00   8.0387e+02   1.7183e-02  -3.8046e-02   1.1470e-03
   2.0617e+00   8.0868e+02   1.7489e-02  -3.8105e-02   1.1133e-03
   2.0739e+00   8.1349e+02   1.7854e-02  -3.8202e-02   1.0605e-03
   2.0862e+00   8.1831e+02   1.8264e-02  -3.8340e-02   9.9589e-04
   2.0985e+00   8.2312e+02   1.8704e-02  -3.8521e-02   9.2576e-04
   2.1108e+00   8.2793e+02   1.9164e-02  -3.8750e-02   8.5484e-04
   2.1230e+00   8.3275e+02   1.9635e-02  -3.9024e-02   7.8693e-04
   2.1353e+00   8.3756e+02   2.0110e-02  -3.9339e-02   7.2606e-04
   2.1476e+00   8.4237e+02   2.0585e-02  -3.9685e-02   6.7733e-04
   2.1598e+00   8.4719e+02   2.1062e-02  -4.0048e-02   6.4705e-04
   2.1721e+00   8.5200e+02   2.1551e-02  -4.0408e-02   6.4206e-04
   2.1844e+00   8.5681e+02   2.2061e-02  -4.0743e-02   6.6839e-04
   2.1967e+00   8.6163e+02   2.2603e-02  -4.1030e-02   7.2959e-04
   2.2089e+00   8.6644e+02   2.3180e-02  -4.1249e-02   8.2579e-04
   2.2212e+00   8.7126e+02   2.3787e-02  -4.1387e-02   9.5373e-04
   2.2335e+00   8.7607e+02   2.4414e-02  -4.1434e-02   1.1074e-03
   2.2457e+00   8.8088e+02   2.5046e-02  -4.1388e-02   1.2789e-03
   2.2580e+00   8.8570e+02   2.5666e-02  -4.1254e-02   1.4595e-03
   2.2703e+00   8.9051e+02   2.6262e-02  -4.1042e-02   1.6402e-03
   2.2826e+00   8.9532e+02   2.6830e-02  -4.0766e-02   1.8119e-03
   2.2948e+00   9.0014e+02   2.7368e-02  -4.0441e-02   1.9652e-03
   2.3071e+00   9.0495e+02   2.7880e-02  -4.0080e-02   2.0908e-03
   2.3194e+00   9.0976e+02   2.8372e-02  -3.9692e-02   2.1799e-03
   2.3317e+00   9.1458e+02   2.8847e-02  -3.9286e-02   2.2257e-03
   2.3439e+00   9.1939e+02   2.9313e-02  -3.8866e-02   2.2238e-03
   2.3562e+00   9.2420e+02   2.9771e-02  -3.8435e-02   2.1720e-03
   2.3685e+00   9.2902e+02   3.0223e-02  -3.7996e-02   2.0701e-03
   2.3807e+00   9.3383e+02   3.0670e-02  -3.7550e-02   1.9186e-03
   2.3930e+00   9.3865e+02   3.1109e-02  -3.7097e-02   1.7193e-03
   2.4053e+00   9.4346e+02   3.1543e-02  -3.6635e-02   1.4752e-03
   2.4176e+00   9.4827e+02   3.1978e-02  -3.6161e-02   1.1904e-03
   2.4298e+00   9.5309e+02   3.2423e-02  -3.5667e-02   8.6994e-04
   2.4421e+00   9.5790e+02   3.2888e-02  -3.5149e-02   5.1946e-04
   2.4544e+00   9.6271e+02   3.3381e-02  -3.4597e-02   1.4430e-04
   2.4666e+00   9.6753e+02   3.3905e-02  -3.4003e-02  -2.5129e-04
   2.4789e+00   9.7234e+02   3.4458e-02  -3.3355e-02  -6.6457e-04
   2.4912e+00   9.7715e+02   3.5034e-02  -3.2637e-02  -1.0946e-03
   2.5035e+00   9.8197e+02   3.5622e-02  -3.1831e-02  -1.5420e-03
   2.5157e+00   9.8678e+02   3.6212e-02  -3.0916e-02  -2.0082e-03
   2.5280e+00   9.9159e+02   3.6791e-02  -2.9869e-02  -2.4940e-03
   2.5403e+00   9.9641e+02   3.7347e-02  -2.8669e-02  -2.9992e-03
   2.5525e+00   1.0012e+03   3.7863e-02  -2.7301e-02  -3.5223e-03
   2.5648e+00   1.0060e+03   3.8324e-02  -2.5755e-02  -4.0618e-03
   2.5771e+00   1.0108e+03   3.8713e-02  -2.4027e-02  -4.6172e-03
   2.5894e+00   1.0157e+03   3.9011e-02  -2.2119e-02  -5.1893e-03
   2.6016e+00   1.0205e+03   3.9199e-02  -2.0034e-02  -5.7805e-03
   2.6139e+00   1.0253e+03   3.9257e-02  -1.7780e-02  -6.3942e-03
   2.6262e+00   1.0301e+03   3.9162e-02  -1.5366e-02  -7.0342e-03
   2.6384e+00   1.0349e+03   3.8892e-02  -1.2798e-02  -7.7031e-03
   2.6507e+00   1.0397e+03   3.8423e-02  -1.0080e-02  -8.4011e-03
   2.6630e+00   1.0445e+03   3.7736e-02  -7.2104e-03  -9.1251e-03
   2.6753e+00   1.0494e+03   3.6811e-02  -4.1905e-03  -9.8690e-03
   2.6875e+00   1.0542e+03   3.5633e-02  -1.0211e-03  -1.0624e-02
   2.6998e+00   1.0590e+03   3.4189e-02   2.2939e-03  -1.1380e-02
   2.7121e+00   1.0638e+03   3.2470e-02   5.7481e-03  -1.2126e-02
   2.7243e+00   1.0686e+03   3.0467e-02   9.3342e-03  -1.2855e-02
   2.7366e+00   1.0734e+03   2.8171e-02   1.3044e-02  -1.3567e-02
   2.7489e+00   1.0782e+03   2.5575e-02   1.6869e-02  -1.4264e-02
   2.7612e+00   1.0831e+03   2.2670e-02   2.0801e-02  -1.4957e-02
   2.7734e+00   1.0879e+03   1.9446e-02   2.4830e-02  -1.5660e-02
   2.7857e+00   1.0927e+03   1.5888e-02   2.8949e-02  -1.6387e-02
   2.7980e+00   1.0975e+03   1.1975e-02   3.3150e-02  -1.7152e-02
   2.8103e+00   1.1023e+03   7.6828e-03   3.7427e-02  -1.7967e-02
   2.8225e+00   1.1071e+03   2.9865e-03   4.1779e-02  -1.8837e-02
   2.8348e+00   1.1119e+03  -2.1377e-03   4.6203e-02  -1.9764e-02
   2.8471e+00   1.1167e+03  -7.7103e-03   5.0702e-02  -2.0744e-02
   2.8593e+00   1.1216e+03  -1.3749e-02   5.5275e-02  -2.1770e-02
   2.8716e+00   1.1264e+03  -2.0266e-02   5.9921e-02  -2.2835e-02
   2.8839e+00   1.1312e+03  -2.7273e-02   6.4636e-02  -2.3930e-02
   2.8962e+00   1.1360e+03  -3.4774e-02   6.9414e-02  -2.5048e-02
   2.9084e+00   1.1408e+03  -4.2774e-02   7.4246e-02  -2.6181e-02
   2.9207e+00   1.1456e+03  -5.1278e-02   7.9120e-02  -2.7322e-02
   2.9330e+00   1.1504e+03  -6.0290e-02   8.4028e-02  -2.8466e-02
   2.9452e+00   1.1553e+03  -6.9811e-02   8.8957e-02  -2.9608e-02
   2.9575e+00   1.1601e+03  -7.9837e-02   9.3895e-02  -3.0741e-02
   2.9698e+00   1.1649e+03  -9.0357e-02   9.8830e-02  -3.1859e-02
   2.9821e+00   1.1697e+03  -1.0135e-01   1.0375e-01  -3.2950e-02
   2.9943e+00   1.1745e+03  -1.1279e-01   1.0864e-01  -3.3997e-02
   3.0066e+00   1.1793e+03  -1.2462e-01   1.1347e-01  -3.4975e-02
   3.0189e+00   1.1841e+03  -1.3676e-01   1.1822e-01  -3.5853e-02
   3.0311e+00   1.1890e+03  -1.4911e-01   1.2285e-01  -3.6600e-02
   3.0434e+00   1.1938e+03  -1.6150e-01   1.2730e-01  -3.7185e-02
   3.0557e+00   1.1986e+03  -1.7372e-01   1.3148e-01  -3.7587e-02
   3.0680e+00   1.2034e+03  -1.8549e-01   1.3532e-01  -3.7795e-02
   3.0802e+00   1.2082e+03  -1.9649e-01   1.3872e-01  -3.7817e-02
   3.0925e+00   1.2130e+03  -2.0630e-01   1.4157e-01  -3.7680e-02
   3.1048e+00   1.2178e+03  -2.1452e-01   1.4380e-01  -3.7439e-02
   3.1170e+00   1.2226e+03  -2.2075e-01   1.4531e-01  -3.7173e-02
   3.1293e+00   1.2275e+03  -2.2466e-01   1.4603e-01  -3.6979e-02
