# The data in this file was extracted from a direct numerical
# simulation of fully developed plane turbulent channel
# flow. Particulars are listed below. Note that some of the statistical
# quantities provided in this data set should be zero due to
# (statistical) symmetries in the flow. These quantities are reported
# here none-the-less as an indicator of the quality of the statistics.
# more statistics from this data set are available at 
# http://www.tam.uiuc.edu/Faculty/Moser/channel 
#
# Authors: Moser, Kim & Mansour
# Reference: DNS of Turbulent Channel Flow up to Re_tau=590, 1999,
#            Physics of Fluids, vol 11, 943-945.
# Numerical Method: Kim, Moin & Moser, 1987, J. Fluid Mech. vol 177, 133-166 
# Re_tau = 392.24
# Normalization: U_tau, h 
# Description: Spanwise (z) Two-point cross correlations of velocity and pressure at indicated y-location 
# Filename: chan395/correlations/chan395.zccorr.199 
# Date File Created: Mar 01, 2000 
#
#---End of Header---
# 
# nz = 256,  Re = 392.24,  y = 0.50710,  y+ = 198.91
#      dz           dz+         R_uv         R_up         R_vp
#
   0.0000e+00   0.0000e+00  -4.7269e-01   3.0632e-01  -7.9336e-02
   1.2272e-02   4.8136e+00  -4.6919e-01   3.0653e-01  -8.1727e-02
   2.4544e-02   9.6271e+00  -4.5859e-01   3.0510e-01  -8.4321e-02
   3.6816e-02   1.4441e+01  -4.4164e-01   3.0219e-01  -8.6796e-02
   4.9087e-02   1.9254e+01  -4.1947e-01   2.9799e-01  -8.8859e-02
   6.1359e-02   2.4068e+01  -3.9340e-01   2.9267e-01  -9.0313e-02
   7.3631e-02   2.8881e+01  -3.6471e-01   2.8636e-01  -9.1065e-02
   8.5903e-02   3.3695e+01  -3.3454e-01   2.7921e-01  -9.1103e-02
   9.8175e-02   3.8509e+01  -3.0383e-01   2.7136e-01  -9.0464e-02
   1.1045e-01   4.3322e+01  -2.7328e-01   2.6295e-01  -8.9221e-02
   1.2272e-01   4.8136e+01  -2.4344e-01   2.5412e-01  -8.7470e-02
   1.3499e-01   5.2949e+01  -2.1470e-01   2.4499e-01  -8.5316e-02
   1.4726e-01   5.7763e+01  -1.8734e-01   2.3566e-01  -8.2868e-02
   1.5953e-01   6.2576e+01  -1.6155e-01   2.2622e-01  -8.0226e-02
   1.7181e-01   6.7390e+01  -1.3742e-01   2.1674e-01  -7.7474e-02
   1.8408e-01   7.2203e+01  -1.1498e-01   2.0725e-01  -7.4668e-02
   1.9635e-01   7.7017e+01  -9.4232e-02   1.9782e-01  -7.1844e-02
   2.0862e-01   8.1831e+01  -7.5142e-02   1.8846e-01  -6.9021e-02
   2.2089e-01   8.6644e+01  -5.7659e-02   1.7923e-01  -6.6217e-02
   2.3317e-01   9.1458e+01  -4.1707e-02   1.7014e-01  -6.3452e-02
   2.4544e-01   9.6271e+01  -2.7195e-02   1.6122e-01  -6.0752e-02
   2.5771e-01   1.0108e+02  -1.4022e-02   1.5248e-01  -5.8140e-02
   2.6998e-01   1.0590e+02  -2.0797e-03   1.4393e-01  -5.5632e-02
   2.8225e-01   1.1071e+02   8.7407e-03   1.3555e-01  -5.3235e-02
   2.9452e-01   1.1553e+02   1.8541e-02   1.2733e-01  -5.0950e-02
   3.0680e-01   1.2034e+02   2.7411e-02   1.1924e-01  -4.8776e-02
   3.1907e-01   1.2515e+02   3.5430e-02   1.1123e-01  -4.6707e-02
   3.3134e-01   1.2997e+02   4.2655e-02   1.0330e-01  -4.4730e-02
   3.4361e-01   1.3478e+02   4.9129e-02   9.5426e-02  -4.2828e-02
   3.5588e-01   1.3959e+02   5.4889e-02   8.7625e-02  -4.0979e-02
   3.6816e-01   1.4441e+02   5.9976e-02   7.9929e-02  -3.9162e-02
   3.8043e-01   1.4922e+02   6.4436e-02   7.2381e-02  -3.7361e-02
   3.9270e-01   1.5403e+02   6.8321e-02   6.5021e-02  -3.5570e-02
   4.0497e-01   1.5885e+02   7.1678e-02   5.7881e-02  -3.3793e-02
   4.1724e-01   1.6366e+02   7.4551e-02   5.0978e-02  -3.2036e-02
   4.2951e-01   1.6847e+02   7.6974e-02   4.4318e-02  -3.0299e-02
   4.4179e-01   1.7329e+02   7.8971e-02   3.7898e-02  -2.8577e-02
   4.5406e-01   1.7810e+02   8.0560e-02   3.1710e-02  -2.6863e-02
   4.6633e-01   1.8292e+02   8.1757e-02   2.5741e-02  -2.5149e-02
   4.7860e-01   1.8773e+02   8.2575e-02   1.9978e-02  -2.3431e-02
   4.9087e-01   1.9254e+02   8.3027e-02   1.4414e-02  -2.1720e-02
   5.0315e-01   1.9736e+02   8.3131e-02   9.0523e-03  -2.0041e-02
   5.1542e-01   2.0217e+02   8.2910e-02   3.9090e-03  -1.8430e-02
   5.2769e-01   2.0698e+02   8.2398e-02  -9.9469e-04  -1.6926e-02
   5.3996e-01   2.1180e+02   8.1639e-02  -5.6368e-03  -1.5557e-02
   5.5223e-01   2.1661e+02   8.0678e-02  -1.0003e-02  -1.4336e-02
   5.6450e-01   2.2142e+02   7.9553e-02  -1.4097e-02  -1.3259e-02
   5.7678e-01   2.2624e+02   7.8291e-02  -1.7938e-02  -1.2316e-02
   5.8905e-01   2.3105e+02   7.6915e-02  -2.1563e-02  -1.1489e-02
   6.0132e-01   2.3586e+02   7.5443e-02  -2.5011e-02  -1.0756e-02
   6.1359e-01   2.4068e+02   7.3898e-02  -2.8308e-02  -1.0092e-02
   6.2586e-01   2.4549e+02   7.2310e-02  -3.1465e-02  -9.4659e-03
   6.3814e-01   2.5031e+02   7.0708e-02  -3.4476e-02  -8.8586e-03
   6.5041e-01   2.5512e+02   6.9114e-02  -3.7323e-02  -8.2651e-03
   6.6268e-01   2.5993e+02   6.7534e-02  -3.9987e-02  -7.6983e-03
   6.7495e-01   2.6475e+02   6.5960e-02  -4.2454e-02  -7.1810e-03
   6.8722e-01   2.6956e+02   6.4375e-02  -4.4722e-02  -6.7361e-03
   6.9950e-01   2.7437e+02   6.2771e-02  -4.6798e-02  -6.3766e-03
   7.1177e-01   2.7919e+02   6.1150e-02  -4.8695e-02  -6.1026e-03
   7.2404e-01   2.8400e+02   5.9524e-02  -5.0419e-02  -5.9033e-03
   7.3631e-01   2.8881e+02   5.7914e-02  -5.1968e-02  -5.7632e-03
   7.4858e-01   2.9363e+02   5.6344e-02  -5.3330e-02  -5.6672e-03
   7.6085e-01   2.9844e+02   5.4832e-02  -5.4492e-02  -5.6031e-03
   7.7313e-01   3.0325e+02   5.3388e-02  -5.5442e-02  -5.5615e-03
   7.8540e-01   3.0807e+02   5.2006e-02  -5.6176e-02  -5.5331e-03
   7.9767e-01   3.1288e+02   5.0672e-02  -5.6694e-02  -5.5081e-03
   8.0994e-01   3.1770e+02   4.9362e-02  -5.7002e-02  -5.4767e-03
   8.2221e-01   3.2251e+02   4.8053e-02  -5.7103e-02  -5.4328e-03
   8.3449e-01   3.2732e+02   4.6725e-02  -5.7004e-02  -5.3774e-03
   8.4676e-01   3.3214e+02   4.5361e-02  -5.6714e-02  -5.3223e-03
   8.5903e-01   3.3695e+02   4.3949e-02  -5.6251e-02  -5.2887e-03
   8.7130e-01   3.4176e+02   4.2488e-02  -5.5634e-02  -5.3040e-03
   8.8357e-01   3.4658e+02   4.0980e-02  -5.4882e-02  -5.3962e-03
   8.9584e-01   3.5139e+02   3.9441e-02  -5.4008e-02  -5.5878e-03
   9.0812e-01   3.5620e+02   3.7891e-02  -5.3017e-02  -5.8902e-03
   9.2039e-01   3.6102e+02   3.6352e-02  -5.1916e-02  -6.3004e-03
   9.3266e-01   3.6583e+02   3.4834e-02  -5.0718e-02  -6.7988e-03
   9.4493e-01   3.7064e+02   3.3331e-02  -4.9445e-02  -7.3515e-03
   9.5720e-01   3.7546e+02   3.1818e-02  -4.8135e-02  -7.9159e-03
   9.6948e-01   3.8027e+02   3.0261e-02  -4.6837e-02  -8.4473e-03
   9.8175e-01   3.8509e+02   2.8627e-02  -4.5601e-02  -8.9059e-03
   9.9402e-01   3.8990e+02   2.6886e-02  -4.4474e-02  -9.2620e-03
   1.0063e+00   3.9471e+02   2.5021e-02  -4.3490e-02  -9.4965e-03
   1.0186e+00   3.9953e+02   2.3037e-02  -4.2672e-02  -9.6007e-03
   1.0308e+00   4.0434e+02   2.0960e-02  -4.2031e-02  -9.5750e-03
   1.0431e+00   4.0915e+02   1.8843e-02  -4.1568e-02  -9.4304e-03
   1.0554e+00   4.1397e+02   1.6747e-02  -4.1273e-02  -9.1886e-03
   1.0677e+00   4.1878e+02   1.4735e-02  -4.1131e-02  -8.8806e-03
   1.0799e+00   4.2359e+02   1.2855e-02  -4.1117e-02  -8.5440e-03
   1.0922e+00   4.2841e+02   1.1145e-02  -4.1202e-02  -8.2161e-03
   1.1045e+00   4.3322e+02   9.6232e-03  -4.1354e-02  -7.9250e-03
   1.1167e+00   4.3803e+02   8.2953e-03  -4.1542e-02  -7.6855e-03
   1.1290e+00   4.4285e+02   7.1547e-03  -4.1744e-02  -7.5000e-03
   1.1413e+00   4.4766e+02   6.1954e-03  -4.1946e-02  -7.3642e-03
   1.1536e+00   4.5248e+02   5.4204e-03  -4.2139e-02  -7.2713e-03
   1.1658e+00   4.5729e+02   4.8386e-03  -4.2321e-02  -7.2137e-03
   1.1781e+00   4.6210e+02   4.4551e-03  -4.2494e-02  -7.1839e-03
   1.1904e+00   4.6692e+02   4.2600e-03  -4.2653e-02  -7.1729e-03
   1.2026e+00   4.7173e+02   4.2263e-03  -4.2787e-02  -7.1703e-03
   1.2149e+00   4.7654e+02   4.3174e-03  -4.2877e-02  -7.1635e-03
   1.2272e+00   4.8136e+02   4.5029e-03  -4.2903e-02  -7.1379e-03
   1.2395e+00   4.8617e+02   4.7718e-03  -4.2846e-02  -7.0767e-03
   1.2517e+00   4.9098e+02   5.1370e-03  -4.2700e-02  -6.9637e-03
   1.2640e+00   4.9580e+02   5.6288e-03  -4.2475e-02  -6.7881e-03
   1.2763e+00   5.0061e+02   6.2809e-03  -4.2193e-02  -6.5462e-03
   1.2885e+00   5.0542e+02   7.1158e-03  -4.1883e-02  -6.2382e-03
   1.3008e+00   5.1024e+02   8.1374e-03  -4.1567e-02  -5.8622e-03
   1.3131e+00   5.1505e+02   9.3292e-03  -4.1260e-02  -5.4126e-03
   1.3254e+00   5.1987e+02   1.0652e-02  -4.0959e-02  -4.8824e-03
   1.3376e+00   5.2468e+02   1.2047e-02  -4.0655e-02  -4.2703e-03
   1.3499e+00   5.2949e+02   1.3447e-02  -4.0331e-02  -3.5853e-03
   1.3622e+00   5.3431e+02   1.4791e-02  -3.9965e-02  -2.8480e-03
   1.3744e+00   5.3912e+02   1.6029e-02  -3.9535e-02  -2.0866e-03
   1.3867e+00   5.4393e+02   1.7129e-02  -3.9015e-02  -1.3312e-03
   1.3990e+00   5.4875e+02   1.8069e-02  -3.8386e-02  -6.0796e-04
   1.4113e+00   5.5356e+02   1.8839e-02  -3.7634e-02   6.6227e-05
   1.4235e+00   5.5837e+02   1.9432e-02  -3.6754e-02   6.8537e-04
   1.4358e+00   5.6319e+02   1.9850e-02  -3.5746e-02   1.2513e-03
   1.4481e+00   5.6800e+02   2.0104e-02  -3.4619e-02   1.7685e-03
   1.4603e+00   5.7281e+02   2.0215e-02  -3.3386e-02   2.2420e-03
   1.4726e+00   5.7763e+02   2.0215e-02  -3.2068e-02   2.6773e-03
   1.4849e+00   5.8244e+02   2.0142e-02  -3.0687e-02   3.0835e-03
   1.4972e+00   5.8726e+02   2.0037e-02  -2.9267e-02   3.4740e-03
   1.5094e+00   5.9207e+02   1.9932e-02  -2.7826e-02   3.8657e-03
   1.5217e+00   5.9688e+02   1.9849e-02  -2.6380e-02   4.2753e-03
   1.5340e+00   6.0170e+02   1.9793e-02  -2.4948e-02   4.7162e-03
   1.5463e+00   6.0651e+02   1.9759e-02  -2.3552e-02   5.1943e-03
   1.5585e+00   6.1132e+02   1.9730e-02  -2.2221e-02   5.7067e-03
   1.5708e+00   6.1614e+02   1.9695e-02  -2.0983e-02   6.2426e-03
   1.5831e+00   6.2095e+02   1.9648e-02  -1.9857e-02   6.7859e-03
   1.5953e+00   6.2576e+02   1.9589e-02  -1.8847e-02   7.3164e-03
   1.6076e+00   6.3058e+02   1.9521e-02  -1.7947e-02   7.8111e-03
   1.6199e+00   6.3539e+02   1.9446e-02  -1.7143e-02   8.2446e-03
   1.6322e+00   6.4020e+02   1.9361e-02  -1.6419e-02   8.5918e-03
   1.6444e+00   6.4502e+02   1.9256e-02  -1.5760e-02   8.8310e-03
   1.6567e+00   6.4983e+02   1.9117e-02  -1.5151e-02   8.9475e-03
   1.6690e+00   6.5465e+02   1.8928e-02  -1.4580e-02   8.9353e-03
   1.6812e+00   6.5946e+02   1.8678e-02  -1.4031e-02   8.7974e-03
   1.6935e+00   6.6427e+02   1.8361e-02  -1.3485e-02   8.5429e-03
   1.7058e+00   6.6909e+02   1.7983e-02  -1.2915e-02   8.1841e-03
   1.7181e+00   6.7390e+02   1.7557e-02  -1.2290e-02   7.7339e-03
   1.7303e+00   6.7871e+02   1.7094e-02  -1.1586e-02   7.2042e-03
   1.7426e+00   6.8353e+02   1.6597e-02  -1.0789e-02   6.6046e-03
   1.7549e+00   6.8834e+02   1.6058e-02  -9.9071e-03   5.9425e-03
   1.7671e+00   6.9315e+02   1.5461e-02  -8.9643e-03   5.2250e-03
   1.7794e+00   6.9797e+02   1.4790e-02  -7.9897e-03   4.4643e-03
   1.7917e+00   7.0278e+02   1.4040e-02  -7.0092e-03   3.6806e-03
   1.8040e+00   7.0759e+02   1.3217e-02  -6.0411e-03   2.9004e-03
   1.8162e+00   7.1241e+02   1.2329e-02  -5.1001e-03   2.1535e-03
   1.8285e+00   7.1722e+02   1.1388e-02  -4.2043e-03   1.4700e-03
   1.8408e+00   7.2203e+02   1.0418e-02  -3.3805e-03   8.7690e-04
   1.8530e+00   7.2685e+02   9.4624e-03  -2.6642e-03   3.9402e-04
   1.8653e+00   7.3166e+02   8.5697e-03  -2.0949e-03   3.3439e-05
   1.8776e+00   7.3648e+02   7.7838e-03  -1.7085e-03  -1.9961e-04
   1.8899e+00   7.4129e+02   7.1342e-03  -1.5298e-03  -3.0623e-04
   1.9021e+00   7.4610e+02   6.6376e-03  -1.5692e-03  -2.9329e-04
   1.9144e+00   7.5092e+02   6.3043e-03  -1.8216e-03  -1.7279e-04
   1.9267e+00   7.5573e+02   6.1486e-03  -2.2645e-03   3.7200e-05
   1.9390e+00   7.6054e+02   6.1931e-03  -2.8578e-03   3.1041e-04
   1.9512e+00   7.6536e+02   6.4621e-03  -3.5471e-03   6.1401e-04
   1.9635e+00   7.7017e+02   6.9699e-03  -4.2730e-03   9.1630e-04
   1.9758e+00   7.7498e+02   7.7171e-03  -4.9830e-03   1.1964e-03
   1.9880e+00   7.7980e+02   8.6943e-03  -5.6404e-03   1.4501e-03
   2.0003e+00   7.8461e+02   9.8875e-03  -6.2302e-03   1.6905e-03
   2.0126e+00   7.8942e+02   1.1281e-02  -6.7583e-03   1.9426e-03
   2.0249e+00   7.9424e+02   1.2862e-02  -7.2464e-03   2.2338e-03
   2.0371e+00   7.9905e+02   1.4621e-02  -7.7223e-03   2.5804e-03
   2.0494e+00   8.0387e+02   1.6553e-02  -8.2128e-03   2.9785e-03
   2.0617e+00   8.0868e+02   1.8654e-02  -8.7383e-03   3.4014e-03
   2.0739e+00   8.1349e+02   2.0913e-02  -9.3091e-03   3.8055e-03
   2.0862e+00   8.1831e+02   2.3304e-02  -9.9247e-03   4.1422e-03
   2.0985e+00   8.2312e+02   2.5793e-02  -1.0576e-02   4.3728e-03
   2.1108e+00   8.2793e+02   2.8337e-02  -1.1249e-02   4.4768e-03
   2.1230e+00   8.3275e+02   3.0894e-02  -1.1931e-02   4.4544e-03
   2.1353e+00   8.3756e+02   3.3416e-02  -1.2611e-02   4.3228e-03
   2.1476e+00   8.4237e+02   3.5855e-02  -1.3281e-02   4.1093e-03
   2.1598e+00   8.4719e+02   3.8181e-02  -1.3939e-02   3.8463e-03
   2.1721e+00   8.5200e+02   4.0385e-02  -1.4585e-02   3.5679e-03
   2.1844e+00   8.5681e+02   4.2484e-02  -1.5223e-02   3.3075e-03
   2.1967e+00   8.6163e+02   4.4509e-02  -1.5852e-02   3.0947e-03
   2.2089e+00   8.6644e+02   4.6496e-02  -1.6469e-02   2.9534e-03
   2.2212e+00   8.7126e+02   4.8483e-02  -1.7066e-02   2.9009e-03
   2.2335e+00   8.7607e+02   5.0508e-02  -1.7632e-02   2.9449e-03
   2.2457e+00   8.8088e+02   5.2602e-02  -1.8154e-02   3.0818e-03
   2.2580e+00   8.8570e+02   5.4792e-02  -1.8621e-02   3.2979e-03
   2.2703e+00   8.9051e+02   5.7092e-02  -1.9023e-02   3.5723e-03
   2.2826e+00   8.9532e+02   5.9506e-02  -1.9354e-02   3.8767e-03
   2.2948e+00   9.0014e+02   6.2021e-02  -1.9607e-02   4.1744e-03
   2.3071e+00   9.0495e+02   6.4606e-02  -1.9775e-02   4.4214e-03
   2.3194e+00   9.0976e+02   6.7218e-02  -1.9847e-02   4.5723e-03
   2.3317e+00   9.1458e+02   6.9807e-02  -1.9812e-02   4.5910e-03
   2.3439e+00   9.1939e+02   7.2324e-02  -1.9656e-02   4.4587e-03
   2.3562e+00   9.2420e+02   7.4724e-02  -1.9376e-02   4.1766e-03
   2.3685e+00   9.2902e+02   7.6970e-02  -1.8983e-02   3.7617e-03
   2.3807e+00   9.3383e+02   7.9028e-02  -1.8504e-02   3.2419e-03
   2.3930e+00   9.3865e+02   8.0868e-02  -1.7972e-02   2.6511e-03
   2.4053e+00   9.4346e+02   8.2471e-02  -1.7417e-02   2.0241e-03
   2.4176e+00   9.4827e+02   8.3843e-02  -1.6857e-02   1.3913e-03
   2.4298e+00   9.5309e+02   8.5015e-02  -1.6291e-02   7.7552e-04
   2.4421e+00   9.5790e+02   8.6038e-02  -1.5704e-02   1.8980e-04
   2.4544e+00   9.6271e+02   8.6971e-02  -1.5076e-02  -3.6309e-04
   2.4666e+00   9.6753e+02   8.7878e-02  -1.4390e-02  -8.8907e-04
   2.4789e+00   9.7234e+02   8.8814e-02  -1.3636e-02  -1.3994e-03
   2.4912e+00   9.7715e+02   8.9823e-02  -1.2812e-02  -1.9064e-03
   2.5035e+00   9.8197e+02   9.0930e-02  -1.1924e-02  -2.4177e-03
   2.5157e+00   9.8678e+02   9.2139e-02  -1.0981e-02  -2.9297e-03
   2.5280e+00   9.9159e+02   9.3441e-02  -9.9964e-03  -3.4238e-03
   2.5403e+00   9.9641e+02   9.4806e-02  -8.9784e-03  -3.8686e-03
   2.5525e+00   1.0012e+03   9.6186e-02  -7.9322e-03  -4.2305e-03
   2.5648e+00   1.0060e+03   9.7521e-02  -6.8575e-03  -4.4855e-03
   2.5771e+00   1.0108e+03   9.8750e-02  -5.7481e-03  -4.6268e-03
   2.5894e+00   1.0157e+03   9.9818e-02  -4.5881e-03  -4.6649e-03
   2.6016e+00   1.0205e+03   1.0068e-01  -3.3506e-03  -4.6238e-03
   2.6139e+00   1.0253e+03   1.0131e-01  -1.9997e-03  -4.5368e-03
   2.6262e+00   1.0301e+03   1.0168e-01  -4.9313e-04  -4.4407e-03
   2.6384e+00   1.0349e+03   1.0176e-01   1.2149e-03  -4.3702e-03
   2.6507e+00   1.0397e+03   1.0154e-01   3.1705e-03  -4.3524e-03
   2.6630e+00   1.0445e+03   1.0100e-01   5.4176e-03  -4.4027e-03
   2.6753e+00   1.0494e+03   1.0011e-01   7.9982e-03  -4.5244e-03
   2.6875e+00   1.0542e+03   9.8827e-02   1.0950e-02  -4.7121e-03
   2.6998e+00   1.0590e+03   9.7108e-02   1.4302e-02  -4.9589e-03
   2.7121e+00   1.0638e+03   9.4889e-02   1.8063e-02  -5.2634e-03
   2.7243e+00   1.0686e+03   9.2108e-02   2.2232e-02  -5.6316e-03
   2.7366e+00   1.0734e+03   8.8714e-02   2.6801e-02  -6.0760e-03
   2.7489e+00   1.0782e+03   8.4672e-02   3.1766e-02  -6.6145e-03
   2.7612e+00   1.0831e+03   7.9968e-02   3.7131e-02  -7.2725e-03
   2.7734e+00   1.0879e+03   7.4602e-02   4.2903e-02  -8.0846e-03
   2.7857e+00   1.0927e+03   6.8575e-02   4.9089e-02  -9.0916e-03
   2.7980e+00   1.0975e+03   6.1882e-02   5.5693e-02  -1.0334e-02
   2.8103e+00   1.1023e+03   5.4506e-02   6.2717e-02  -1.1845e-02
   2.8225e+00   1.1071e+03   4.6409e-02   7.0161e-02  -1.3642e-02
   2.8348e+00   1.1119e+03   3.7530e-02   7.8024e-02  -1.5733e-02
   2.8471e+00   1.1167e+03   2.7787e-02   8.6300e-02  -1.8103e-02
   2.8593e+00   1.1216e+03   1.7087e-02   9.4976e-02  -2.0724e-02
   2.8716e+00   1.1264e+03   5.3410e-03   1.0403e-01  -2.3546e-02
   2.8839e+00   1.1312e+03  -7.5280e-03   1.1345e-01  -2.6511e-02
   2.8962e+00   1.1360e+03  -2.1580e-02   1.2319e-01  -2.9567e-02
   2.9084e+00   1.1408e+03  -3.6866e-02   1.3325e-01  -3.2677e-02
   2.9207e+00   1.1456e+03  -5.3445e-02   1.4359e-01  -3.5820e-02
   2.9330e+00   1.1504e+03  -7.1385e-02   1.5417e-01  -3.8987e-02
   2.9452e+00   1.1553e+03  -9.0766e-02   1.6497e-01  -4.2164e-02
   2.9575e+00   1.1601e+03  -1.1166e-01   1.7595e-01  -4.5337e-02
   2.9698e+00   1.1649e+03  -1.3414e-01   1.8707e-01  -4.8490e-02
   2.9821e+00   1.1697e+03  -1.5822e-01   1.9829e-01  -5.1607e-02
   2.9943e+00   1.1745e+03  -1.8392e-01   2.0956e-01  -5.4668e-02
   3.0066e+00   1.1793e+03  -2.1117e-01   2.2082e-01  -5.7646e-02
   3.0189e+00   1.1841e+03  -2.3983e-01   2.3196e-01  -6.0509e-02
   3.0311e+00   1.1890e+03  -2.6968e-01   2.4286e-01  -6.3215e-02
   3.0434e+00   1.1938e+03  -3.0036e-01   2.5340e-01  -6.5720e-02
   3.0557e+00   1.1986e+03  -3.3133e-01   2.6343e-01  -6.7984e-02
   3.0680e+00   1.2034e+03  -3.6186e-01   2.7282e-01  -6.9975e-02
   3.0802e+00   1.2082e+03  -3.9102e-01   2.8142e-01  -7.1686e-02
   3.0925e+00   1.2130e+03  -4.1763e-01   2.8907e-01  -7.3150e-02
   3.1048e+00   1.2178e+03  -4.4034e-01   2.9558e-01  -7.4463e-02
   3.1170e+00   1.2226e+03  -4.5779e-01   3.0075e-01  -7.5793e-02
   3.1293e+00   1.2275e+03  -4.6882e-01   3.0438e-01  -7.7359e-02
