# The data in this file was extracted from a direct numerical
# simulation of fully developed plane turbulent channel
# flow. Particulars are listed below. Note that some of the statistical
# quantities provided in this data set should be zero due to
# (statistical) symmetries in the flow. These quantities are reported
# here none-the-less as an indicator of the quality of the statistics.
# more statistics from this data set are available at 
# http://www.tam.uiuc.edu/Faculty/Moser/channel 
#
# Authors: Moser, Kim & Mansour
# Reference: DNS of Turbulent Channel Flow up to Re_tau=590, 1999,
#            Physics of Fluids, vol 11, 943-945.
# Numerical Method: Kim, Moin & Moser, 1987, J. Fluid Mech. vol 177, 133-166 
# Re_tau = 392.24
# Normalization: U_tau, h 
# Description: Spanwise (z) Two-point cross correlations of velocity and pressure at indicated y-location 
# Filename: chan395/correlations/chan395.zccorr.80 
# Date File Created: Mar 01, 2000 
#
#---End of Header---
# 
# nz = 256,  Re = 392.24,  y = 0.20416,  y+ =  80.08
#      dz           dz+         R_uv         R_up         R_vp
#
   0.0000e+00   0.0000e+00  -7.6929e-01   5.5929e-01  -1.2768e-01
   1.2272e-02   4.8136e+00  -7.5601e-01   5.5666e-01  -1.2847e-01
   2.4544e-02   9.6271e+00  -7.1760e-01   5.4751e-01  -1.3087e-01
   3.6816e-02   1.4441e+01  -6.5830e-01   5.3242e-01  -1.3327e-01
   4.9087e-02   1.9254e+01  -5.8456e-01   5.1212e-01  -1.3410e-01
   6.1359e-02   2.4068e+01  -5.0304e-01   4.8742e-01  -1.3244e-01
   7.3631e-02   2.8881e+01  -4.1933e-01   4.5929e-01  -1.2802e-01
   8.5903e-02   3.3695e+01  -3.3759e-01   4.2881e-01  -1.2105e-01
   9.8175e-02   3.8509e+01  -2.6069e-01   3.9706e-01  -1.1195e-01
   1.1045e-01   4.3322e+01  -1.9041e-01   3.6503e-01  -1.0131e-01
   1.2272e-01   4.8136e+01  -1.2769e-01   3.3352e-01  -8.9740e-02
   1.3499e-01   5.2949e+01  -7.2854e-02   3.0311e-01  -7.7855e-02
   1.4726e-01   5.7763e+01  -2.5788e-02   2.7413e-01  -6.6155e-02
   1.5953e-01   6.2576e+01   1.3952e-02   2.4679e-01  -5.4999e-02
   1.7181e-01   6.7390e+01   4.7017e-02   2.2115e-01  -4.4608e-02
   1.8408e-01   7.2203e+01   7.4153e-02   1.9722e-01  -3.5118e-02
   1.9635e-01   7.7017e+01   9.6140e-02   1.7497e-01  -2.6604e-02
   2.0862e-01   8.1831e+01   1.1374e-01   1.5436e-01  -1.9094e-02
   2.2089e-01   8.6644e+01   1.2766e-01   1.3536e-01  -1.2574e-02
   2.3317e-01   9.1458e+01   1.3848e-01   1.1797e-01  -7.0178e-03
   2.4544e-01   9.6271e+01   1.4667e-01   1.0224e-01  -2.4056e-03
   2.5771e-01   1.0108e+02   1.5258e-01   8.8206e-02   1.2866e-03
   2.6998e-01   1.0590e+02   1.5646e-01   7.5848e-02   4.1053e-03
   2.8225e-01   1.1071e+02   1.5846e-01   6.5112e-02   6.1254e-03
   2.9452e-01   1.1553e+02   1.5876e-01   5.5904e-02   7.4315e-03
   3.0680e-01   1.2034e+02   1.5759e-01   4.8093e-02   8.0933e-03
   3.1907e-01   1.2515e+02   1.5515e-01   4.1522e-02   8.1549e-03
   3.3134e-01   1.2997e+02   1.5164e-01   3.6030e-02   7.6484e-03
   3.4361e-01   1.3478e+02   1.4721e-01   3.1462e-02   6.6075e-03
   3.5588e-01   1.3959e+02   1.4201e-01   2.7686e-02   5.0965e-03
   3.6816e-01   1.4441e+02   1.3617e-01   2.4592e-02   3.2249e-03
   3.8043e-01   1.4922e+02   1.2989e-01   2.2076e-02   1.1247e-03
   3.9270e-01   1.5403e+02   1.2340e-01   2.0038e-02  -1.0859e-03
   4.0497e-01   1.5885e+02   1.1690e-01   1.8415e-02  -3.3294e-03
   4.1724e-01   1.6366e+02   1.1057e-01   1.7204e-02  -5.5894e-03
   4.2951e-01   1.6847e+02   1.0452e-01   1.6447e-02  -7.8922e-03
   4.4179e-01   1.7329e+02   9.8819e-02   1.6164e-02  -1.0259e-02
   4.5406e-01   1.7810e+02   9.3520e-02   1.6327e-02  -1.2652e-02
   4.6633e-01   1.8292e+02   8.8661e-02   1.6895e-02  -1.4949e-02
   4.7860e-01   1.8773e+02   8.4291e-02   1.7839e-02  -1.6984e-02
   4.9087e-01   1.9254e+02   8.0456e-02   1.9120e-02  -1.8624e-02
   5.0315e-01   1.9736e+02   7.7167e-02   2.0669e-02  -1.9815e-02
   5.1542e-01   2.0217e+02   7.4375e-02   2.2376e-02  -2.0599e-02
   5.2769e-01   2.0698e+02   7.1971e-02   2.4119e-02  -2.1102e-02
   5.3996e-01   2.1180e+02   6.9808e-02   2.5784e-02  -2.1510e-02
   5.5223e-01   2.1661e+02   6.7786e-02   2.7269e-02  -2.1984e-02
   5.6450e-01   2.2142e+02   6.5903e-02   2.8473e-02  -2.2591e-02
   5.7678e-01   2.2624e+02   6.4235e-02   2.9320e-02  -2.3276e-02
   5.8905e-01   2.3105e+02   6.2870e-02   2.9766e-02  -2.3874e-02
   6.0132e-01   2.3586e+02   6.1858e-02   2.9801e-02  -2.4173e-02
   6.1359e-01   2.4068e+02   6.1198e-02   2.9429e-02  -2.3993e-02
   6.2586e-01   2.4549e+02   6.0835e-02   2.8648e-02  -2.3231e-02
   6.3814e-01   2.5031e+02   6.0646e-02   2.7433e-02  -2.1897e-02
   6.5041e-01   2.5512e+02   6.0495e-02   2.5765e-02  -2.0110e-02
   6.6268e-01   2.5993e+02   6.0274e-02   2.3673e-02  -1.8090e-02
   6.7495e-01   2.6475e+02   5.9901e-02   2.1242e-02  -1.6105e-02
   6.8722e-01   2.6956e+02   5.9297e-02   1.8591e-02  -1.4399e-02
   6.9950e-01   2.7437e+02   5.8393e-02   1.5865e-02  -1.3112e-02
   7.1177e-01   2.7919e+02   5.7178e-02   1.3220e-02  -1.2264e-02
   7.2404e-01   2.8400e+02   5.5719e-02   1.0789e-02  -1.1759e-02
   7.3631e-01   2.8881e+02   5.4121e-02   8.6203e-03  -1.1406e-02
   7.4858e-01   2.9363e+02   5.2470e-02   6.6678e-03  -1.0995e-02
   7.6085e-01   2.9844e+02   5.0811e-02   4.8408e-03  -1.0378e-02
   7.7313e-01   3.0325e+02   4.9184e-02   3.0541e-03  -9.5230e-03
   7.8540e-01   3.0807e+02   4.7671e-02   1.2471e-03  -8.5077e-03
   7.9767e-01   3.1288e+02   4.6378e-02  -6.0835e-04  -7.4586e-03
   8.0994e-01   3.1770e+02   4.5371e-02  -2.4815e-03  -6.4962e-03
   8.2221e-01   3.2251e+02   4.4667e-02  -4.2686e-03  -5.7070e-03
   8.3449e-01   3.2732e+02   4.4251e-02  -5.8182e-03  -5.1497e-03
   8.4676e-01   3.3214e+02   4.4111e-02  -7.0013e-03  -4.8706e-03
   8.5903e-01   3.3695e+02   4.4229e-02  -7.7554e-03  -4.9138e-03
   8.7130e-01   3.4176e+02   4.4562e-02  -8.0873e-03  -5.3186e-03
   8.8357e-01   3.4658e+02   4.5010e-02  -8.0377e-03  -6.1006e-03
   8.9584e-01   3.5139e+02   4.5439e-02  -7.6739e-03  -7.2285e-03
   9.0812e-01   3.5620e+02   4.5740e-02  -7.0995e-03  -8.6259e-03
   9.2039e-01   3.6102e+02   4.5868e-02  -6.4544e-03  -1.0185e-02
   9.3266e-01   3.6583e+02   4.5820e-02  -5.8693e-03  -1.1786e-02
   9.4493e-01   3.7064e+02   4.5550e-02  -5.4180e-03  -1.3308e-02
   9.5720e-01   3.7546e+02   4.4921e-02  -5.1056e-03  -1.4658e-02
   9.6948e-01   3.8027e+02   4.3751e-02  -4.8847e-03  -1.5794e-02
   9.8175e-01   3.8509e+02   4.1914e-02  -4.6948e-03  -1.6719e-02
   9.9402e-01   3.8990e+02   3.9384e-02  -4.4787e-03  -1.7444e-02
   1.0063e+00   3.9471e+02   3.6191e-02  -4.1695e-03  -1.7965e-02
   1.0186e+00   3.9953e+02   3.2367e-02  -3.6797e-03  -1.8255e-02
   1.0308e+00   4.0434e+02   2.7929e-02  -2.9240e-03  -1.8268e-02
   1.0431e+00   4.0915e+02   2.2930e-02  -1.8647e-03  -1.7950e-02
   1.0554e+00   4.1397e+02   1.7483e-02  -5.3213e-04  -1.7285e-02
   1.0677e+00   4.1878e+02   1.1721e-02   9.8681e-04  -1.6310e-02
   1.0799e+00   4.2359e+02   5.7767e-03   2.5779e-03  -1.5105e-02
   1.0922e+00   4.2841e+02  -1.9968e-04   4.1364e-03  -1.3772e-02
   1.1045e+00   4.3322e+02  -6.0566e-03   5.5944e-03  -1.2413e-02
   1.1167e+00   4.3803e+02  -1.1681e-02   6.9250e-03  -1.1100e-02
   1.1290e+00   4.4285e+02  -1.6991e-02   8.1304e-03  -9.8599e-03
   1.1413e+00   4.4766e+02  -2.1869e-02   9.2150e-03  -8.6924e-03
   1.1536e+00   4.5248e+02  -2.6152e-02   1.0133e-02  -7.6028e-03
   1.1658e+00   4.5729e+02  -2.9678e-02   1.0770e-02  -6.6017e-03
   1.1781e+00   4.6210e+02  -3.2343e-02   1.1004e-02  -5.6758e-03
   1.1904e+00   4.6692e+02  -3.4099e-02   1.0795e-02  -4.7804e-03
   1.2026e+00   4.7173e+02  -3.4940e-02   1.0206e-02  -3.8753e-03
   1.2149e+00   4.7654e+02  -3.4895e-02   9.3671e-03  -2.9509e-03
   1.2272e+00   4.8136e+02  -3.4031e-02   8.4394e-03  -2.0219e-03
   1.2395e+00   4.8617e+02  -3.2433e-02   7.5816e-03  -1.1210e-03
   1.2517e+00   4.9098e+02  -3.0207e-02   6.8929e-03  -3.0473e-04
   1.2640e+00   4.9580e+02  -2.7477e-02   6.3930e-03   3.6247e-04
   1.2763e+00   5.0061e+02  -2.4402e-02   6.0543e-03   8.3793e-04
   1.2885e+00   5.0542e+02  -2.1167e-02   5.8379e-03   1.1208e-03
   1.3008e+00   5.1024e+02  -1.7954e-02   5.7071e-03   1.2606e-03
   1.3131e+00   5.1505e+02  -1.4898e-02   5.6164e-03   1.3558e-03
   1.3254e+00   5.1987e+02  -1.2077e-02   5.4936e-03   1.5123e-03
   1.3376e+00   5.2468e+02  -9.5054e-03   5.2428e-03   1.8040e-03
   1.3499e+00   5.2949e+02  -7.1593e-03   4.7663e-03   2.2702e-03
   1.3622e+00   5.3431e+02  -5.0175e-03   3.9999e-03   2.9228e-03
   1.3744e+00   5.3912e+02  -3.0834e-03   2.9346e-03   3.7334e-03
   1.3867e+00   5.4393e+02  -1.3667e-03   1.6223e-03   4.6224e-03
   1.3990e+00   5.4875e+02   1.4363e-04   1.7890e-04   5.4695e-03
   1.4113e+00   5.5356e+02   1.4816e-03  -1.2240e-03   6.1252e-03
   1.4235e+00   5.5837e+02   2.6913e-03  -2.3873e-03   6.4416e-03
   1.4358e+00   5.6319e+02   3.8555e-03  -3.1452e-03   6.3140e-03
   1.4481e+00   5.6800e+02   5.0803e-03  -3.4232e-03   5.7264e-03
   1.4603e+00   5.7281e+02   6.4447e-03  -3.2489e-03   4.7520e-03
   1.4726e+00   5.7763e+02   7.9501e-03  -2.7164e-03   3.5135e-03
   1.4849e+00   5.8244e+02   9.5031e-03  -1.9364e-03   2.1459e-03
   1.4972e+00   5.8726e+02   1.0976e-02  -9.9351e-04   7.8133e-04
   1.5094e+00   5.9207e+02   1.2311e-02   5.1543e-05  -4.4850e-04
   1.5217e+00   5.9688e+02   1.3528e-02   1.1259e-03  -1.4151e-03
   1.5340e+00   6.0170e+02   1.4672e-02   2.1154e-03  -2.0148e-03
   1.5463e+00   6.0651e+02   1.5786e-02   2.8871e-03  -2.1927e-03
   1.5585e+00   6.1132e+02   1.6905e-02   3.3533e-03  -1.9540e-03
   1.5708e+00   6.1614e+02   1.8033e-02   3.5274e-03  -1.3622e-03
   1.5831e+00   6.2095e+02   1.9128e-02   3.5462e-03  -4.9233e-04
   1.5953e+00   6.2576e+02   2.0115e-02   3.6138e-03   6.0813e-04
   1.6076e+00   6.3058e+02   2.0921e-02   3.8963e-03   1.9008e-03
   1.6199e+00   6.3539e+02   2.1482e-02   4.4529e-03   3.3091e-03
   1.6322e+00   6.4020e+02   2.1761e-02   5.2676e-03   4.7036e-03
   1.6444e+00   6.4502e+02   2.1741e-02   6.3169e-03   5.9401e-03
   1.6567e+00   6.4983e+02   2.1413e-02   7.5755e-03   6.8954e-03
   1.6690e+00   6.5465e+02   2.0741e-02   9.0096e-03   7.4856e-03
   1.6812e+00   6.5946e+02   1.9701e-02   1.0587e-02   7.6709e-03
   1.6935e+00   6.6427e+02   1.8344e-02   1.2311e-02   7.4597e-03
   1.7058e+00   6.6909e+02   1.6799e-02   1.4225e-02   6.9121e-03
   1.7181e+00   6.7390e+02   1.5170e-02   1.6388e-02   6.1119e-03
   1.7303e+00   6.7871e+02   1.3480e-02   1.8796e-02   5.1162e-03
   1.7426e+00   6.8353e+02   1.1672e-02   2.1348e-02   3.9282e-03
   1.7549e+00   6.8834e+02   9.6726e-03   2.3877e-02   2.5261e-03
   1.7671e+00   6.9315e+02   7.4273e-03   2.6198e-02   9.2507e-04
   1.7794e+00   6.9797e+02   4.8716e-03   2.8151e-02  -8.0260e-04
   1.7917e+00   7.0278e+02   1.9167e-03   2.9653e-02  -2.5768e-03
   1.8040e+00   7.0759e+02  -1.4882e-03   3.0726e-02  -4.3658e-03
   1.8162e+00   7.1241e+02  -5.3123e-03   3.1495e-02  -6.1828e-03
   1.8285e+00   7.1722e+02  -9.4622e-03   3.2151e-02  -8.0324e-03
   1.8408e+00   7.2203e+02  -1.3812e-02   3.2896e-02  -9.8865e-03
   1.8530e+00   7.2685e+02  -1.8186e-02   3.3877e-02  -1.1693e-02
   1.8653e+00   7.3166e+02  -2.2366e-02   3.5138e-02  -1.3379e-02
   1.8776e+00   7.3648e+02  -2.6147e-02   3.6624e-02  -1.4865e-02
   1.8899e+00   7.4129e+02  -2.9393e-02   3.8230e-02  -1.6094e-02
   1.9021e+00   7.4610e+02  -3.2033e-02   3.9829e-02  -1.7037e-02
   1.9144e+00   7.5092e+02  -3.4030e-02   4.1258e-02  -1.7688e-02
   1.9267e+00   7.5573e+02  -3.5337e-02   4.2310e-02  -1.8069e-02
   1.9390e+00   7.6054e+02  -3.5878e-02   4.2791e-02  -1.8223e-02
   1.9512e+00   7.6536e+02  -3.5572e-02   4.2594e-02  -1.8181e-02
   1.9635e+00   7.7017e+02  -3.4358e-02   4.1760e-02  -1.7955e-02
   1.9758e+00   7.7498e+02  -3.2240e-02   4.0474e-02  -1.7523e-02
   1.9880e+00   7.7980e+02  -2.9334e-02   3.8985e-02  -1.6858e-02
   2.0003e+00   7.8461e+02  -2.5845e-02   3.7504e-02  -1.5939e-02
   2.0126e+00   7.8942e+02  -2.2001e-02   3.6131e-02  -1.4756e-02
   2.0249e+00   7.9424e+02  -1.7960e-02   3.4845e-02  -1.3294e-02
   2.0371e+00   7.9905e+02  -1.3777e-02   3.3568e-02  -1.1533e-02
   2.0494e+00   8.0387e+02  -9.4721e-03   3.2223e-02  -9.4776e-03
   2.0617e+00   8.0868e+02  -5.1156e-03   3.0760e-02  -7.1638e-03
   2.0739e+00   8.1349e+02  -8.3776e-04   2.9129e-02  -4.6664e-03
   2.0862e+00   8.1831e+02   3.2099e-03   2.7267e-02  -2.0977e-03
   2.0985e+00   8.2312e+02   6.9059e-03   2.5109e-02   4.0913e-04
   2.1108e+00   8.2793e+02   1.0192e-02   2.2642e-02   2.7078e-03
   2.1230e+00   8.3275e+02   1.3095e-02   1.9919e-02   4.6437e-03
   2.1353e+00   8.3756e+02   1.5709e-02   1.7035e-02   6.0777e-03
   2.1476e+00   8.4237e+02   1.8159e-02   1.4112e-02   6.9202e-03
   2.1598e+00   8.4719e+02   2.0547e-02   1.1316e-02   7.1633e-03
   2.1721e+00   8.5200e+02   2.2922e-02   8.8615e-03   6.8849e-03
   2.1844e+00   8.5681e+02   2.5287e-02   6.9572e-03   6.2100e-03
   2.1967e+00   8.6163e+02   2.7638e-02   5.7219e-03   5.2605e-03
   2.2089e+00   8.6644e+02   2.9970e-02   5.1377e-03   4.1413e-03
   2.2212e+00   8.7126e+02   3.2280e-02   5.1091e-03   2.9574e-03
   2.2335e+00   8.7607e+02   3.4579e-02   5.5212e-03   1.8140e-03
   2.2457e+00   8.8088e+02   3.6886e-02   6.2445e-03   8.0317e-04
   2.2580e+00   8.8570e+02   3.9206e-02   7.1141e-03  -2.3390e-05
   2.2703e+00   8.9051e+02   4.1530e-02   7.9450e-03  -6.6678e-04
   2.2826e+00   8.9532e+02   4.3830e-02   8.5604e-03  -1.1772e-03
   2.2948e+00   9.0014e+02   4.6081e-02   8.8155e-03  -1.6295e-03
   2.3071e+00   9.0495e+02   4.8276e-02   8.6202e-03  -2.0974e-03
   2.3194e+00   9.0976e+02   5.0407e-02   8.0004e-03  -2.6431e-03
   2.3317e+00   9.1458e+02   5.2431e-02   7.1013e-03  -3.3327e-03
   2.3439e+00   9.1939e+02   5.4298e-02   6.1163e-03  -4.2335e-03
   2.3562e+00   9.2420e+02   5.5996e-02   5.2097e-03  -5.3676e-03
   2.3685e+00   9.2902e+02   5.7559e-02   4.4907e-03  -6.6784e-03
   2.3807e+00   9.3383e+02   5.9011e-02   4.0232e-03  -8.0462e-03
   2.3930e+00   9.3865e+02   6.0327e-02   3.8511e-03  -9.3545e-03
   2.4053e+00   9.4346e+02   6.1422e-02   3.9866e-03  -1.0551e-02
   2.4176e+00   9.4827e+02   6.2186e-02   4.3852e-03  -1.1645e-02
   2.4298e+00   9.5309e+02   6.2526e-02   4.9461e-03  -1.2661e-02
   2.4421e+00   9.5790e+02   6.2409e-02   5.5612e-03  -1.3600e-02
   2.4544e+00   9.6271e+02   6.1897e-02   6.1673e-03  -1.4452e-02
   2.4666e+00   9.6753e+02   6.1148e-02   6.7819e-03  -1.5229e-02
   2.4789e+00   9.7234e+02   6.0353e-02   7.4823e-03  -1.5977e-02
   2.4912e+00   9.7715e+02   5.9672e-02   8.3291e-03  -1.6742e-02
   2.5035e+00   9.8197e+02   5.9192e-02   9.2993e-03  -1.7530e-02
   2.5157e+00   9.8678e+02   5.8932e-02   1.0284e-02  -1.8291e-02
   2.5280e+00   9.9159e+02   5.8907e-02   1.1136e-02  -1.8954e-02
   2.5403e+00   9.9641e+02   5.9180e-02   1.1736e-02  -1.9477e-02
   2.5525e+00   1.0012e+03   5.9892e-02   1.2034e-02  -1.9861e-02
   2.5648e+00   1.0060e+03   6.1236e-02   1.2059e-02  -2.0146e-02
   2.5771e+00   1.0108e+03   6.3376e-02   1.1875e-02  -2.0382e-02
   2.5894e+00   1.0157e+03   6.6364e-02   1.1526e-02  -2.0587e-02
   2.6016e+00   1.0205e+03   7.0121e-02   1.0995e-02  -2.0693e-02
   2.6139e+00   1.0253e+03   7.4495e-02   1.0195e-02  -2.0547e-02
   2.6262e+00   1.0301e+03   7.9337e-02   8.9955e-03  -1.9972e-02
   2.6384e+00   1.0349e+03   8.4536e-02   7.2658e-03  -1.8814e-02
   2.6507e+00   1.0397e+03   9.0041e-02   4.9329e-03  -1.6942e-02
   2.6630e+00   1.0445e+03   9.5859e-02   2.0109e-03  -1.4249e-02
   2.6753e+00   1.0494e+03   1.0201e-01  -1.4122e-03  -1.0710e-02
   2.6875e+00   1.0542e+03   1.0846e-01  -5.1989e-03  -6.4085e-03
   2.6998e+00   1.0590e+03   1.1520e-01  -9.1868e-03  -1.5096e-03
   2.7121e+00   1.0638e+03   1.2216e-01  -1.3189e-02   3.7586e-03
   2.7243e+00   1.0686e+03   1.2923e-01  -1.6994e-02   9.1184e-03
   2.7366e+00   1.0734e+03   1.3629e-01  -2.0395e-02   1.4272e-02
   2.7489e+00   1.0782e+03   1.4325e-01  -2.3223e-02   1.8952e-02
   2.7612e+00   1.0831e+03   1.5002e-01  -2.5342e-02   2.2972e-02
   2.7734e+00   1.0879e+03   1.5650e-01  -2.6613e-02   2.6233e-02
   2.7857e+00   1.0927e+03   1.6255e-01  -2.6873e-02   2.8701e-02
   2.7980e+00   1.0975e+03   1.6795e-01  -2.5960e-02   3.0385e-02
   2.8103e+00   1.1023e+03   1.7248e-01  -2.3744e-02   3.1334e-02
   2.8225e+00   1.1071e+03   1.7591e-01  -2.0126e-02   3.1597e-02
   2.8348e+00   1.1119e+03   1.7804e-01  -1.5018e-02   3.1201e-02
   2.8471e+00   1.1167e+03   1.7871e-01  -8.3409e-03   3.0141e-02
   2.8593e+00   1.1216e+03   1.7775e-01  -4.3199e-05   2.8393e-02
   2.8716e+00   1.1264e+03   1.7507e-01   9.9003e-03   2.5938e-02
   2.8839e+00   1.1312e+03   1.7054e-01   2.1501e-02   2.2777e-02
   2.8962e+00   1.1360e+03   1.6400e-01   3.4784e-02   1.8922e-02
   2.9084e+00   1.1408e+03   1.5513e-01   4.9864e-02   1.4370e-02
   2.9207e+00   1.1456e+03   1.4348e-01   6.6968e-02   9.0797e-03
   2.9330e+00   1.1504e+03   1.2848e-01   8.6383e-02   2.9573e-03
   2.9452e+00   1.1553e+03   1.0948e-01   1.0834e-01  -4.1264e-03
   2.9575e+00   1.1601e+03   8.5815e-02   1.3293e-01  -1.2305e-02
   2.9698e+00   1.1649e+03   5.6805e-02   1.6009e-01  -2.1673e-02
   2.9821e+00   1.1697e+03   2.1780e-02   1.8974e-01  -3.2241e-02
   2.9943e+00   1.1745e+03  -1.9856e-02   2.2176e-01  -4.3922e-02
   3.0066e+00   1.1793e+03  -6.8601e-02   2.5596e-01  -5.6537e-02
   3.0189e+00   1.1841e+03  -1.2482e-01   2.9199e-01  -6.9805e-02
   3.0311e+00   1.1890e+03  -1.8863e-01   3.2923e-01  -8.3298e-02
   3.0434e+00   1.1938e+03  -2.5975e-01   3.6684e-01  -9.6417e-02
   3.0557e+00   1.1986e+03  -3.3724e-01   4.0386e-01  -1.0843e-01
   3.0680e+00   1.2034e+03  -4.1932e-01   4.3928e-01  -1.1855e-01
   3.0802e+00   1.2082e+03  -5.0316e-01   4.7208e-01  -1.2613e-01
   3.0925e+00   1.2130e+03  -5.8471e-01   5.0113e-01  -1.3067e-01
   3.1048e+00   1.2178e+03  -6.5849e-01   5.2530e-01  -1.3212e-01
   3.1170e+00   1.2226e+03  -7.1783e-01   5.4350e-01  -1.3107e-01
   3.1293e+00   1.2275e+03  -7.5618e-01   5.5495e-01  -1.2896e-01
