# The data in this file was extracted from a direct numerical
# simulation of fully developed plane turbulent channel
# flow. Particulars are listed below. Note that some of the statistical
# quantities provided in this data set should be zero due to
# (statistical) symmetries in the flow. These quantities are reported
# here none-the-less as an indicator of the quality of the statistics.
# more statistics from this data set are available at 
# http://www.tam.uiuc.edu/Faculty/Moser/channel 
#
# Authors: Moser, Kim & Mansour
# Reference: DNS of Turbulent Channel Flow up to Re_tau=590, 1999,
#            Physics of Fluids, vol 11, 943-945.
# Numerical Method: Kim, Moin & Moser, 1987, J. Fluid Mech. vol 177, 133-166 
# Re_tau = 392.24
# Normalization: U_tau, h 
# Description: Spanwise (z) Two-point cross correlations of velocity and pressure at indicated y-location 
# Filename: chan395/correlations/chan395.zccorr.20 
# Date File Created: Mar 01, 2000 
#
#---End of Header---
# 
# nz = 256,  Re = 392.24,  y = 0.05047,  y+ =  19.80
#      dz           dz+         R_uv         R_up         R_vp
#
   0.0000e+00   0.0000e+00  -7.3759e-01   4.3030e-01  -1.2247e-01
   1.2272e-02   4.8136e+00  -6.9838e-01   4.5718e-01  -1.1748e-01
   2.4544e-02   9.6271e+00  -5.8189e-01   5.0877e-01  -9.8428e-02
   3.6816e-02   1.4441e+01  -4.1517e-01   5.4900e-01  -7.2431e-02
   4.9087e-02   1.9254e+01  -2.3565e-01   5.5694e-01  -4.5856e-02
   6.1359e-02   2.4068e+01  -7.3026e-02   5.3017e-01  -2.2618e-02
   7.3631e-02   2.8881e+01   5.7324e-02   4.7734e-01  -4.2651e-03
   8.5903e-02   3.3695e+01   1.5158e-01   4.1029e-01   9.1555e-03
   9.8175e-02   3.8509e+01   2.1238e-01   3.3973e-01   1.8172e-02
   1.1045e-01   4.3322e+01   2.4489e-01   2.7322e-01   2.3417e-02
   1.2272e-01   4.8136e+01   2.5511e-01   2.1470e-01   2.5578e-02
   1.3499e-01   5.2949e+01   2.4918e-01   1.6530e-01   2.5462e-02
   1.4726e-01   5.7763e+01   2.3275e-01   1.2496e-01   2.3951e-02
   1.5953e-01   6.2576e+01   2.1057e-01   9.3307e-02   2.1855e-02
   1.7181e-01   6.7390e+01   1.8587e-01   6.9757e-02   1.9850e-02
   1.8408e-01   7.2203e+01   1.6047e-01   5.3225e-02   1.8348e-02
   1.9635e-01   7.7017e+01   1.3562e-01   4.2202e-02   1.7307e-02
   2.0862e-01   8.1831e+01   1.1232e-01   3.5294e-02   1.6320e-02
   2.2089e-01   8.6644e+01   9.1123e-02   3.1532e-02   1.4971e-02
   2.3317e-01   9.1458e+01   7.2294e-02   3.0321e-02   1.3079e-02
   2.4544e-01   9.6271e+01   5.5761e-02   3.1100e-02   1.0717e-02
   2.5771e-01   1.0108e+02   4.1328e-02   3.3386e-02   8.0746e-03
   2.6998e-01   1.0590e+02   2.8929e-02   3.6949e-02   5.4276e-03
   2.8225e-01   1.1071e+02   1.8780e-02   4.1552e-02   2.9769e-03
   2.9452e-01   1.1553e+02   1.1283e-02   4.6625e-02   7.7675e-04
   3.0680e-01   1.2034e+02   6.6495e-03   5.1705e-02  -1.2502e-03
   3.1907e-01   1.2515e+02   4.6558e-03   5.6749e-02  -3.1731e-03
   3.3134e-01   1.2997e+02   4.8850e-03   6.1990e-02  -4.9015e-03
   3.4361e-01   1.3478e+02   6.7432e-03   6.7409e-02  -6.2464e-03
   3.5588e-01   1.3959e+02   9.4563e-03   7.2625e-02  -6.9438e-03
   3.6816e-01   1.4441e+02   1.2145e-02   7.7224e-02  -6.8207e-03
   3.8043e-01   1.4922e+02   1.4195e-02   8.0825e-02  -5.8333e-03
   3.9270e-01   1.5403e+02   1.5446e-02   8.3031e-02  -4.2040e-03
   4.0497e-01   1.5885e+02   1.6145e-02   8.3638e-02  -2.3154e-03
   4.1724e-01   1.6366e+02   1.6570e-02   8.2868e-02  -6.2396e-04
   4.2951e-01   1.6847e+02   1.6681e-02   8.1358e-02   6.3053e-04
   4.4179e-01   1.7329e+02   1.6120e-02   8.0176e-02   1.4841e-03
   4.5406e-01   1.7810e+02   1.4670e-02   8.0410e-02   2.1422e-03
   4.6633e-01   1.8292e+02   1.2438e-02   8.2751e-02   2.5836e-03
   4.7860e-01   1.8773e+02   9.7461e-03   8.7272e-02   2.6405e-03
   4.9087e-01   1.9254e+02   6.9883e-03   9.3794e-02   2.1841e-03
   5.0315e-01   1.9736e+02   4.6280e-03   1.0188e-01   1.1715e-03
   5.1542e-01   2.0217e+02   2.8916e-03   1.1086e-01  -3.8384e-04
   5.2769e-01   2.0698e+02   1.5663e-03   1.1978e-01  -2.3875e-03
   5.3996e-01   2.1180e+02   3.2700e-04   1.2758e-01  -4.6438e-03
   5.5223e-01   2.1661e+02  -7.1168e-04   1.3317e-01  -6.8630e-03
   5.6450e-01   2.2142e+02  -1.2500e-03   1.3615e-01  -8.6993e-03
   5.7678e-01   2.2624e+02  -1.2415e-03   1.3712e-01  -9.9094e-03
   5.8905e-01   2.3105e+02  -8.0924e-04   1.3713e-01  -1.0489e-02
   6.0132e-01   2.3586e+02   4.7728e-05   1.3673e-01  -1.0501e-02
   6.1359e-01   2.4068e+02   1.3851e-03   1.3558e-01  -9.9805e-03
   6.2586e-01   2.4549e+02   3.0579e-03   1.3289e-01  -9.0574e-03
   6.3814e-01   2.5031e+02   4.6238e-03   1.2819e-01  -7.9140e-03
   6.5041e-01   2.5512e+02   5.7431e-03   1.2155e-01  -6.7464e-03
   6.6268e-01   2.5993e+02   6.4207e-03   1.1306e-01  -5.6880e-03
   6.7495e-01   2.6475e+02   6.8314e-03   1.0260e-01  -4.7720e-03
   6.8722e-01   2.6956e+02   7.0714e-03   8.9981e-02  -3.9115e-03
   6.9950e-01   2.7437e+02   7.2266e-03   7.5230e-02  -3.0175e-03
   7.1177e-01   2.7919e+02   7.4843e-03   5.8575e-02  -1.9662e-03
   7.2404e-01   2.8400e+02   8.1973e-03   4.0572e-02  -6.3692e-04
   7.3631e-01   2.8881e+02   9.6186e-03   2.2402e-02   9.9003e-04
   7.4858e-01   2.9363e+02   1.1588e-02   5.6806e-03   2.8048e-03
   7.6085e-01   2.9844e+02   1.3625e-02  -7.7745e-03   4.6351e-03
   7.7313e-01   3.0325e+02   1.5370e-02  -1.6676e-02   6.2500e-03
   7.8540e-01   3.0807e+02   1.6696e-02  -2.1178e-02   7.3565e-03
   7.9767e-01   3.1288e+02   1.7502e-02  -2.2651e-02   7.7830e-03
   8.0994e-01   3.1770e+02   1.7696e-02  -2.2653e-02   7.6441e-03
   8.2221e-01   3.2251e+02   1.7463e-02  -2.2121e-02   7.2039e-03
   8.3449e-01   3.2732e+02   1.7183e-02  -2.1331e-02   6.6067e-03
   8.4676e-01   3.3214e+02   1.7101e-02  -2.0090e-02   5.7752e-03
   8.5903e-01   3.3695e+02   1.7116e-02  -1.8184e-02   4.5051e-03
   8.7130e-01   3.4176e+02   1.6925e-02  -1.5412e-02   2.6814e-03
   8.8357e-01   3.4658e+02   1.6191e-02  -1.1702e-02   5.0828e-04
   8.9584e-01   3.5139e+02   1.4711e-02  -7.3556e-03  -1.6514e-03
   9.0812e-01   3.5620e+02   1.2465e-02  -2.6506e-03  -3.6142e-03
   9.2039e-01   3.6102e+02   9.7252e-03   2.3508e-03  -5.3189e-03
   9.3266e-01   3.6583e+02   6.8856e-03   7.6002e-03  -6.6675e-03
   9.4493e-01   3.7064e+02   4.2161e-03   1.2963e-02  -7.5622e-03
   9.5720e-01   3.7546e+02   1.7079e-03   1.8182e-02  -7.9607e-03
   9.6948e-01   3.8027e+02  -7.6553e-04   2.2504e-02  -7.8223e-03
   9.8175e-01   3.8509e+02  -3.3122e-03   2.4862e-02  -7.0837e-03
   9.9402e-01   3.8990e+02  -5.9178e-03   2.4471e-02  -5.8284e-03
   1.0063e+00   3.9471e+02  -8.3790e-03   2.1264e-02  -4.2924e-03
   1.0186e+00   3.9953e+02  -1.0377e-02   1.5862e-02  -2.8829e-03
   1.0308e+00   4.0434e+02  -1.1640e-02   9.3779e-03  -1.9495e-03
   1.0431e+00   4.0915e+02  -1.1886e-02   2.8655e-03  -1.6580e-03
   1.0554e+00   4.1397e+02  -1.0890e-02  -3.0341e-03  -1.9378e-03
   1.0677e+00   4.1878e+02  -8.6452e-03  -7.8835e-03  -2.6008e-03
   1.0799e+00   4.2359e+02  -5.4882e-03  -1.1420e-02  -3.3008e-03
   1.0922e+00   4.2841e+02  -2.0389e-03  -1.3808e-02  -3.7165e-03
   1.1045e+00   4.3322e+02   8.9954e-04  -1.5567e-02  -3.6280e-03
   1.1167e+00   4.3803e+02   2.5900e-03  -1.7148e-02  -3.0016e-03
   1.1290e+00   4.4285e+02   2.6743e-03  -1.8485e-02  -1.9368e-03
   1.1413e+00   4.4766e+02   1.2660e-03  -1.9279e-02  -7.4091e-04
   1.1536e+00   4.5248e+02  -1.2437e-03  -1.9172e-02   1.7205e-04
   1.1658e+00   4.5729e+02  -4.1620e-03  -1.8178e-02   4.2257e-04
   1.1781e+00   4.6210e+02  -6.6819e-03  -1.6891e-02  -1.2923e-04
   1.1904e+00   4.6692e+02  -8.0845e-03  -1.6333e-02  -1.2624e-03
   1.2026e+00   4.7173e+02  -7.8951e-03  -1.7673e-02  -2.4785e-03
   1.2149e+00   4.7654e+02  -6.0485e-03  -2.1665e-02  -3.3312e-03
   1.2272e+00   4.8136e+02  -3.1445e-03  -2.8115e-02  -3.5630e-03
   1.2395e+00   4.8617e+02  -3.1265e-04  -3.5821e-02  -3.0076e-03
   1.2517e+00   4.9098e+02   1.4929e-03  -4.2806e-02  -1.5597e-03
   1.2640e+00   4.9580e+02   2.2235e-03  -4.7355e-02   6.0017e-04
   1.2763e+00   5.0061e+02   2.5894e-03  -4.8945e-02   2.9034e-03
   1.2885e+00   5.0542e+02   3.2622e-03  -4.8140e-02   4.6306e-03
   1.3008e+00   5.1024e+02   4.2009e-03  -4.5533e-02   5.3481e-03
   1.3131e+00   5.1505e+02   4.9035e-03  -4.1136e-02   5.1300e-03
   1.3254e+00   5.1987e+02   4.9115e-03  -3.4767e-02   4.2959e-03
   1.3376e+00   5.2468e+02   4.0735e-03  -2.6499e-02   3.1474e-03
   1.3499e+00   5.2949e+02   2.4073e-03  -1.6807e-02   1.8097e-03
   1.3622e+00   5.3431e+02   3.7716e-05  -6.3500e-03   2.8934e-04
   1.3744e+00   5.3912e+02  -2.8154e-03   4.3253e-03  -1.4168e-03
   1.3867e+00   5.4393e+02  -5.8907e-03   1.4799e-02  -3.2154e-03
   1.3990e+00   5.4875e+02  -8.8893e-03   2.4576e-02  -4.8991e-03
   1.4113e+00   5.5356e+02  -1.1292e-02   3.2884e-02  -6.1711e-03
   1.4235e+00   5.5837e+02  -1.2424e-02   3.8749e-02  -6.8153e-03
   1.4358e+00   5.6319e+02  -1.1741e-02   4.1558e-02  -6.8147e-03
   1.4481e+00   5.6800e+02  -9.1609e-03   4.1345e-02  -6.2685e-03
   1.4603e+00   5.7281e+02  -5.2076e-03   3.8762e-02  -5.3391e-03
   1.4726e+00   5.7763e+02  -7.7188e-04   3.4799e-02  -4.1607e-03
   1.4849e+00   5.8244e+02   3.5152e-03   3.0589e-02  -2.8051e-03
   1.4972e+00   5.8726e+02   7.4730e-03   2.7065e-02  -1.3525e-03
   1.5094e+00   5.9207e+02   1.1090e-02   2.4634e-02  -6.1005e-05
   1.5217e+00   5.9688e+02   1.4266e-02   2.3065e-02   6.6802e-04
   1.5340e+00   6.0170e+02   1.6891e-02   2.1875e-02   6.7728e-04
   1.5463e+00   6.0651e+02   1.8869e-02   2.0795e-02   1.6230e-04
   1.5585e+00   6.1132e+02   2.0058e-02   1.9868e-02  -5.4528e-04
   1.5708e+00   6.1614e+02   2.0210e-02   1.8979e-02  -1.1389e-03
   1.5831e+00   6.2095e+02   1.8998e-02   1.8027e-02  -1.4648e-03
   1.5953e+00   6.2576e+02   1.6293e-02   1.6812e-02  -1.5423e-03
   1.6076e+00   6.3058e+02   1.2489e-02   1.5155e-02  -1.5366e-03
   1.6199e+00   6.3539e+02   8.2646e-03   1.2979e-02  -1.4912e-03
   1.6322e+00   6.4020e+02   4.2187e-03   1.0485e-02  -1.1645e-03
   1.6444e+00   6.4502e+02   7.3397e-04   7.8478e-03  -3.4155e-04
   1.6567e+00   6.4983e+02  -2.0223e-03   4.9294e-03   9.7309e-04
   1.6690e+00   6.5465e+02  -4.1453e-03   1.2984e-03   2.6353e-03
   1.6812e+00   6.5946e+02  -5.9559e-03  -3.0589e-03   4.3464e-03
   1.6935e+00   6.6427e+02  -7.7010e-03  -7.4324e-03   5.4953e-03
   1.7058e+00   6.6909e+02  -9.2783e-03  -1.0763e-02   5.4289e-03
   1.7181e+00   6.7390e+02  -1.0443e-02  -1.2151e-02   3.9704e-03
   1.7303e+00   6.7871e+02  -1.1064e-02  -1.1228e-02   1.5887e-03
   1.7426e+00   6.8353e+02  -1.1212e-02  -8.0739e-03  -9.3219e-04
   1.7549e+00   6.8834e+02  -1.1016e-02  -3.0618e-03  -2.9826e-03
   1.7671e+00   6.9315e+02  -1.0611e-02   3.2592e-03  -4.4052e-03
   1.7794e+00   6.9797e+02  -1.0096e-02   1.0387e-02  -5.3973e-03
   1.7917e+00   7.0278e+02  -9.4297e-03   1.8023e-02  -6.2225e-03
   1.8040e+00   7.0759e+02  -8.3054e-03   2.5797e-02  -7.0611e-03
   1.8162e+00   7.1241e+02  -6.4606e-03   3.3093e-02  -7.9658e-03
   1.8285e+00   7.1722e+02  -4.0670e-03   3.8860e-02  -8.8093e-03
   1.8408e+00   7.2203e+02  -1.5925e-03   4.2097e-02  -9.3659e-03
   1.8530e+00   7.2685e+02   6.4840e-04   4.2725e-02  -9.3781e-03
   1.8653e+00   7.3166e+02   2.5188e-03   4.1571e-02  -8.5954e-03
   1.8776e+00   7.3648e+02   3.9287e-03   3.9422e-02  -6.8552e-03
   1.8899e+00   7.4129e+02   4.7234e-03   3.6412e-02  -4.2536e-03
   1.9021e+00   7.4610e+02   4.8083e-03   3.2428e-02  -1.1572e-03
   1.9144e+00   7.5092e+02   4.2371e-03   2.7824e-02   1.9935e-03
   1.9267e+00   7.5573e+02   3.1726e-03   2.3269e-02   4.8169e-03
   1.9390e+00   7.6054e+02   1.6651e-03   1.9234e-02   7.0167e-03
   1.9512e+00   7.6536e+02  -1.8899e-04   1.5906e-02   8.3403e-03
   1.9635e+00   7.7017e+02  -1.9260e-03   1.3614e-02   8.6231e-03
   1.9758e+00   7.7498e+02  -2.8668e-03   1.2914e-02   7.8186e-03
   1.9880e+00   7.7980e+02  -2.8517e-03   1.4058e-02   6.1730e-03
   2.0003e+00   7.8461e+02  -2.4988e-03   1.6399e-02   4.1988e-03
   2.0126e+00   7.8942e+02  -2.7561e-03   1.8755e-02   2.4710e-03
   2.0249e+00   7.9424e+02  -4.1192e-03   2.0102e-02   1.2884e-03
   2.0371e+00   7.9905e+02  -6.3596e-03   2.0166e-02   6.5290e-04
   2.0494e+00   8.0387e+02  -8.9193e-03   1.9243e-02   5.3284e-04
   2.0617e+00   8.0868e+02  -1.1516e-02   1.7975e-02   8.7257e-04
   2.0739e+00   8.1349e+02  -1.4074e-02   1.7249e-02   1.4837e-03
   2.0862e+00   8.1831e+02  -1.6311e-02   1.7659e-02   1.9433e-03
   2.0985e+00   8.2312e+02  -1.7771e-02   1.9126e-02   1.7756e-03
   2.1108e+00   8.2793e+02  -1.8221e-02   2.1063e-02   8.3640e-04
   2.1230e+00   8.3275e+02  -1.7500e-02   2.2959e-02  -4.2812e-04
   2.1353e+00   8.3756e+02  -1.5399e-02   2.4459e-02  -1.1704e-03
   2.1476e+00   8.4237e+02  -1.1901e-02   2.5181e-02  -6.8054e-04
   2.1598e+00   8.4719e+02  -7.3816e-03   2.4661e-02   1.0371e-03
   2.1721e+00   8.5200e+02  -2.4268e-03   2.2703e-02   3.3028e-03
   2.1844e+00   8.5681e+02   2.4663e-03   1.9731e-02   5.3120e-03
   2.1967e+00   8.6163e+02   6.9331e-03   1.6449e-02   6.4856e-03
   2.2089e+00   8.6644e+02   1.0654e-02   1.3698e-02   6.5261e-03
   2.2212e+00   8.7126e+02   1.3480e-02   1.2269e-02   5.4665e-03
   2.2335e+00   8.7607e+02   1.5460e-02   1.2587e-02   3.6552e-03
   2.2457e+00   8.8088e+02   1.6758e-02   1.4398e-02   1.5770e-03
   2.2580e+00   8.8570e+02   1.7350e-02   1.6935e-02  -2.2866e-04
   2.2703e+00   8.9051e+02   1.7125e-02   1.9203e-02  -1.3008e-03
   2.2826e+00   8.9532e+02   1.6235e-02   2.0135e-02  -1.4319e-03
   2.2948e+00   9.0014e+02   1.5149e-02   1.9042e-02  -7.8192e-04
   2.3071e+00   9.0495e+02   1.4252e-02   1.6093e-02   2.3781e-04
   2.3194e+00   9.0976e+02   1.3539e-02   1.2419e-02   1.1948e-03
   2.3317e+00   9.1458e+02   1.2639e-02   9.3982e-03   1.7376e-03
   2.3439e+00   9.1939e+02   1.1313e-02   7.7363e-03   1.6805e-03
   2.3562e+00   9.2420e+02   9.7999e-03   7.1411e-03   1.0644e-03
   2.3685e+00   9.2902e+02   8.5743e-03   7.2121e-03   6.8145e-05
   2.3807e+00   9.3383e+02   7.8663e-03   7.6361e-03  -1.1812e-03
   2.3930e+00   9.3865e+02   7.6191e-03   8.4175e-03  -2.6258e-03
   2.4053e+00   9.4346e+02   7.6169e-03   9.5907e-03  -4.1531e-03
   2.4176e+00   9.4827e+02   7.5698e-03   1.1062e-02  -5.4736e-03
   2.4298e+00   9.5309e+02   7.2766e-03   1.2586e-02  -6.1499e-03
   2.4421e+00   9.5790e+02   6.8213e-03   1.3957e-02  -5.9628e-03
   2.4544e+00   9.6271e+02   6.4121e-03   1.5158e-02  -5.1215e-03
   2.4666e+00   9.6753e+02   6.0572e-03   1.6612e-02  -4.0119e-03
   2.4789e+00   9.7234e+02   5.4045e-03   1.8994e-02  -2.8940e-03
   2.4912e+00   9.7715e+02   4.0834e-03   2.2924e-02  -1.9533e-03
   2.5035e+00   9.8197e+02   2.0839e-03   2.8585e-02  -1.3523e-03
   2.5157e+00   9.8678e+02  -2.4429e-04   3.5902e-02  -1.1712e-03
   2.5280e+00   9.9159e+02  -2.3713e-03   4.4672e-02  -1.3935e-03
   2.5403e+00   9.9641e+02  -3.7087e-03   5.4629e-02  -1.9277e-03
   2.5525e+00   1.0012e+03  -3.9332e-03   6.5195e-02  -2.6658e-03
   2.5648e+00   1.0060e+03  -3.0236e-03   7.5457e-02  -3.5383e-03
   2.5771e+00   1.0108e+03  -1.1914e-03   8.4563e-02  -4.5500e-03
   2.5894e+00   1.0157e+03   1.3089e-03   9.2091e-02  -5.7060e-03
   2.6016e+00   1.0205e+03   4.2309e-03   9.8191e-02  -7.0352e-03
   2.6139e+00   1.0253e+03   7.1059e-03   1.0331e-01  -8.5875e-03
   2.6262e+00   1.0301e+03   9.2615e-03   1.0788e-01  -1.0321e-02
   2.6384e+00   1.0349e+03   1.0359e-02   1.1217e-01  -1.2027e-02
   2.6507e+00   1.0397e+03   1.0571e-02   1.1588e-01  -1.3271e-02
   2.6630e+00   1.0445e+03   1.0301e-02   1.1812e-01  -1.3553e-02
   2.6753e+00   1.0494e+03   9.9840e-03   1.1781e-01  -1.2627e-02
   2.6875e+00   1.0542e+03   1.0065e-02   1.1443e-01  -1.0690e-02
   2.6998e+00   1.0590e+03   1.0634e-02   1.0820e-01  -8.2141e-03
   2.7121e+00   1.0638e+03   1.1372e-02   9.9806e-02  -5.6894e-03
   2.7243e+00   1.0686e+03   1.1863e-02   9.0158e-02  -3.4697e-03
   2.7366e+00   1.0734e+03   1.1801e-02   8.0469e-02  -1.7031e-03
   2.7489e+00   1.0782e+03   1.1026e-02   7.1739e-02  -3.7254e-04
   2.7612e+00   1.0831e+03   9.7092e-03   6.4171e-02   5.5092e-04
   2.7734e+00   1.0879e+03   8.4092e-03   5.7250e-02   1.0622e-03
   2.7857e+00   1.0927e+03   8.0117e-03   5.0574e-02   1.2189e-03
   2.7980e+00   1.0975e+03   9.1402e-03   4.4171e-02   1.1789e-03
   2.8103e+00   1.1023e+03   1.1877e-02   3.8193e-02   1.1586e-03
   2.8225e+00   1.1071e+03   1.6080e-02   3.2486e-02   1.3502e-03
   2.8348e+00   1.1119e+03   2.1579e-02   2.6650e-02   1.8623e-03
   2.8471e+00   1.1167e+03   2.8230e-02   2.0475e-02   2.6295e-03
   2.8593e+00   1.1216e+03   3.6157e-02   1.3976e-02   3.5201e-03
   2.8716e+00   1.1264e+03   4.5543e-02   6.9828e-03   4.5319e-03
   2.8839e+00   1.1312e+03   5.6383e-02  -7.9130e-04   5.9517e-03
   2.8962e+00   1.1360e+03   6.8733e-02  -9.1075e-03   8.1168e-03
   2.9084e+00   1.1408e+03   8.2896e-02  -1.7020e-02   1.1041e-02
   2.9207e+00   1.1456e+03   9.9343e-02  -2.3098e-02   1.4407e-02
   2.9330e+00   1.1504e+03   1.1856e-01  -2.5705e-02   1.7906e-02
   2.9452e+00   1.1553e+03   1.4065e-01  -2.3296e-02   2.1363e-02
   2.9575e+00   1.1601e+03   1.6527e-01  -1.4723e-02   2.4733e-02
   2.9698e+00   1.1649e+03   1.9150e-01   9.3109e-04   2.7868e-02
   2.9821e+00   1.1697e+03   2.1759e-01   2.4552e-02   3.0430e-02
   2.9943e+00   1.1745e+03   2.4093e-01   5.7118e-02   3.1967e-02
   3.0066e+00   1.1793e+03   2.5814e-01   9.9752e-02   3.2137e-02
   3.0189e+00   1.1841e+03   2.6500e-01   1.5311e-01   3.0613e-02
   3.0311e+00   1.1890e+03   2.5635e-01   2.1676e-01   2.7161e-02
   3.0434e+00   1.1938e+03   2.2607e-01   2.8827e-01   2.1616e-02
   3.0557e+00   1.1986e+03   1.6759e-01   3.6272e-01   1.3679e-02
   3.0680e+00   1.2034e+03   7.5101e-02   4.3274e-01   2.6499e-03
   3.0802e+00   1.2082e+03  -5.4395e-02   4.8874e-01  -1.2553e-02
   3.0925e+00   1.2130e+03  -2.1744e-01   5.2045e-01  -3.2961e-02
   3.1048e+00   1.2178e+03  -3.9922e-01   5.2034e-01  -5.8463e-02
   3.1170e+00   1.2226e+03  -5.7019e-01   4.8984e-01  -8.6398e-02
   3.1293e+00   1.2275e+03  -6.9229e-01   4.4802e-01  -1.1053e-01
