# The data in this file was extracted from a direct numerical
# simulation of fully developed plane turbulent channel
# flow. Particulars are listed below. Note that some of the statistical
# quantities provided in this data set should be zero due to
# (statistical) symmetries in the flow. These quantities are reported
# here none-the-less as an indicator of the quality of the statistics.
# more statistics from this data set are available at 
# http://www.tam.uiuc.edu/Faculty/Moser/channel 
#
# Authors: Moser, Kim & Mansour
# Reference: DNS of Turbulent Channel Flow up to Re_tau=590, 1999,
#            Physics of Fluids, vol 11, 943-945.
# Numerical Method: Kim, Moin & Moser, 1987, J. Fluid Mech. vol 177, 133-166 
# Re_tau = 392.24
# Normalization: U_tau, h 
# Description: Spanwise (z) Two-point cross correlations of velocity and pressure at indicated y-location 
# Filename: chan395/correlations/chan395.zccorr.98 
# Date File Created: Mar 01, 2000 
#
#---End of Header---
# 
# nz = 256,  Re = 392.24,  y = 0.25086,  y+ =  98.40
#      dz           dz+         R_uv         R_up         R_vp
#
   0.0000e+00   0.0000e+00  -7.2737e-01   4.7089e-01  -1.1902e-01
   1.2272e-02   4.8136e+00  -7.1798e-01   4.6923e-01  -1.1796e-01
   2.4544e-02   9.6271e+00  -6.8932e-01   4.6258e-01  -1.1791e-01
   3.6816e-02   1.4441e+01  -6.4432e-01   4.5158e-01  -1.1790e-01
   4.9087e-02   1.9254e+01  -5.8746e-01   4.3698e-01  -1.1700e-01
   6.1359e-02   2.4068e+01  -5.2345e-01   4.1947e-01  -1.1465e-01
   7.3631e-02   2.8881e+01  -4.5629e-01   3.9970e-01  -1.1061e-01
   8.5903e-02   3.3695e+01  -3.8904e-01   3.7827e-01  -1.0491e-01
   9.8175e-02   3.8509e+01  -3.2386e-01   3.5576e-01  -9.7765e-02
   1.1045e-01   4.3322e+01  -2.6224e-01   3.3273e-01  -8.9531e-02
   1.2272e-01   4.8136e+01  -2.0514e-01   3.0962e-01  -8.0632e-02
   1.3499e-01   5.2949e+01  -1.5312e-01   2.8679e-01  -7.1504e-02
   1.4726e-01   5.7763e+01  -1.0640e-01   2.6444e-01  -6.2526e-02
   1.5953e-01   6.2576e+01  -6.4970e-02   2.4272e-01  -5.3972e-02
   1.7181e-01   6.7390e+01  -2.8605e-02   2.2174e-01  -4.6017e-02
   1.8408e-01   7.2203e+01   3.0346e-03   2.0160e-01  -3.8764e-02
   1.9635e-01   7.7017e+01   3.0363e-02   1.8240e-01  -3.2267e-02
   2.0862e-01   8.1831e+01   5.3814e-02   1.6419e-01  -2.6547e-02
   2.2089e-01   8.6644e+01   7.3800e-02   1.4709e-01  -2.1608e-02
   2.3317e-01   9.1458e+01   9.0687e-02   1.3122e-01  -1.7451e-02
   2.4544e-01   9.6271e+01   1.0481e-01   1.1673e-01  -1.4077e-02
   2.5771e-01   1.0108e+02   1.1646e-01   1.0374e-01  -1.1477e-02
   2.6998e-01   1.0590e+02   1.2590e-01   9.2263e-02  -9.6065e-03
   2.8225e-01   1.1071e+02   1.3335e-01   8.2176e-02  -8.3958e-03
   2.9452e-01   1.1553e+02   1.3898e-01   7.3270e-02  -7.7585e-03
   3.0680e-01   1.2034e+02   1.4296e-01   6.5322e-02  -7.6054e-03
   3.1907e-01   1.2515e+02   1.4544e-01   5.8149e-02  -7.8479e-03
   3.3134e-01   1.2997e+02   1.4655e-01   5.1605e-02  -8.3968e-03
   3.4361e-01   1.3478e+02   1.4641e-01   4.5588e-02  -9.1618e-03
   3.5588e-01   1.3959e+02   1.4515e-01   4.0031e-02  -1.0051e-02
   3.6816e-01   1.4441e+02   1.4290e-01   3.4887e-02  -1.0975e-02
   3.8043e-01   1.4922e+02   1.3986e-01   3.0117e-02  -1.1853e-02
   3.9270e-01   1.5403e+02   1.3621e-01   2.5679e-02  -1.2609e-02
   4.0497e-01   1.5885e+02   1.3220e-01   2.1548e-02  -1.3188e-02
   4.1724e-01   1.6366e+02   1.2801e-01   1.7731e-02  -1.3570e-02
   4.2951e-01   1.6847e+02   1.2380e-01   1.4280e-02  -1.3791e-02
   4.4179e-01   1.7329e+02   1.1968e-01   1.1296e-02  -1.3930e-02
   4.5406e-01   1.7810e+02   1.1570e-01   8.8995e-03  -1.4057e-02
   4.6633e-01   1.8292e+02   1.1192e-01   7.1749e-03  -1.4211e-02
   4.7860e-01   1.8773e+02   1.0838e-01   6.1236e-03  -1.4404e-02
   4.9087e-01   1.9254e+02   1.0507e-01   5.6620e-03  -1.4643e-02
   5.0315e-01   1.9736e+02   1.0191e-01   5.6467e-03  -1.4949e-02
   5.1542e-01   2.0217e+02   9.8834e-02   5.9038e-03  -1.5361e-02
   5.2769e-01   2.0698e+02   9.5787e-02   6.2490e-03  -1.5912e-02
   5.3996e-01   2.1180e+02   9.2789e-02   6.5105e-03  -1.6612e-02
   5.5223e-01   2.1661e+02   8.9905e-02   6.5639e-03  -1.7435e-02
   5.6450e-01   2.2142e+02   8.7211e-02   6.3441e-03  -1.8313e-02
   5.7678e-01   2.2624e+02   8.4777e-02   5.8275e-03  -1.9151e-02
   5.8905e-01   2.3105e+02   8.2664e-02   5.0275e-03  -1.9842e-02
   6.0132e-01   2.3586e+02   8.0919e-02   3.9873e-03  -2.0297e-02
   6.1359e-01   2.4068e+02   7.9564e-02   2.7538e-03  -2.0464e-02
   6.2586e-01   2.4549e+02   7.8584e-02   1.3680e-03  -2.0332e-02
   6.3814e-01   2.5031e+02   7.7917e-02  -1.1772e-04  -1.9909e-02
   6.5041e-01   2.5512e+02   7.7460e-02  -1.6310e-03  -1.9213e-02
   6.6268e-01   2.5993e+02   7.7067e-02  -3.0854e-03  -1.8280e-02
   6.7495e-01   2.6475e+02   7.6571e-02  -4.3779e-03  -1.7182e-02
   6.8722e-01   2.6956e+02   7.5844e-02  -5.3914e-03  -1.6020e-02
   6.9950e-01   2.7437e+02   7.4851e-02  -6.0244e-03  -1.4897e-02
   7.1177e-01   2.7919e+02   7.3646e-02  -6.2336e-03  -1.3890e-02
   7.2404e-01   2.8400e+02   7.2327e-02  -6.0558e-03  -1.3039e-02
   7.3631e-01   2.8881e+02   7.0988e-02  -5.5934e-03  -1.2341e-02
   7.4858e-01   2.9363e+02   6.9697e-02  -4.9982e-03  -1.1772e-02
   7.6085e-01   2.9844e+02   6.8483e-02  -4.4638e-03  -1.1307e-02
   7.7313e-01   3.0325e+02   6.7331e-02  -4.1831e-03  -1.0940e-02
   7.8540e-01   3.0807e+02   6.6198e-02  -4.2801e-03  -1.0696e-02
   7.9767e-01   3.1288e+02   6.5035e-02  -4.7755e-03  -1.0622e-02
   8.0994e-01   3.1770e+02   6.3813e-02  -5.6048e-03  -1.0760e-02
   8.2221e-01   3.2251e+02   6.2535e-02  -6.6481e-03  -1.1115e-02
   8.3449e-01   3.2732e+02   6.1200e-02  -7.7472e-03  -1.1654e-02
   8.4676e-01   3.3214e+02   5.9786e-02  -8.7376e-03  -1.2330e-02
   8.5903e-01   3.3695e+02   5.8254e-02  -9.4905e-03  -1.3096e-02
   8.7130e-01   3.4176e+02   5.6594e-02  -9.9404e-03  -1.3904e-02
   8.8357e-01   3.4658e+02   5.4842e-02  -1.0091e-02  -1.4697e-02
   8.9584e-01   3.5139e+02   5.3054e-02  -1.0000e-02  -1.5405e-02
   9.0812e-01   3.5620e+02   5.1279e-02  -9.7462e-03  -1.5952e-02
   9.2039e-01   3.6102e+02   4.9527e-02  -9.4097e-03  -1.6263e-02
   9.3266e-01   3.6583e+02   4.7758e-02  -9.0555e-03  -1.6276e-02
   9.4493e-01   3.7064e+02   4.5886e-02  -8.7312e-03  -1.5971e-02
   9.5720e-01   3.7546e+02   4.3805e-02  -8.4783e-03  -1.5394e-02
   9.6948e-01   3.8027e+02   4.1429e-02  -8.3483e-03  -1.4629e-02
   9.8175e-01   3.8509e+02   3.8727e-02  -8.3893e-03  -1.3760e-02
   9.9402e-01   3.8990e+02   3.5727e-02  -8.6078e-03  -1.2839e-02
   1.0063e+00   3.9471e+02   3.2488e-02  -8.9384e-03  -1.1902e-02
   1.0186e+00   3.9953e+02   2.9044e-02  -9.2718e-03  -1.0978e-02
   1.0308e+00   4.0434e+02   2.5390e-02  -9.5092e-03  -1.0092e-02
   1.0431e+00   4.0915e+02   2.1507e-02  -9.5905e-03  -9.2591e-03
   1.0554e+00   4.1397e+02   1.7401e-02  -9.4766e-03  -8.4793e-03
   1.0677e+00   4.1878e+02   1.3129e-02  -9.1222e-03  -7.7417e-03
   1.0799e+00   4.2359e+02   8.7697e-03  -8.4618e-03  -7.0355e-03
   1.0922e+00   4.2841e+02   4.3970e-03  -7.4300e-03  -6.3650e-03
   1.1045e+00   4.3322e+02   7.5741e-05  -6.0070e-03  -5.7496e-03
   1.1167e+00   4.3803e+02  -4.1282e-03  -4.2487e-03  -5.2026e-03
   1.1290e+00   4.4285e+02  -8.1338e-03  -2.2755e-03  -4.7130e-03
   1.1413e+00   4.4766e+02  -1.1831e-02  -2.3484e-04  -4.2412e-03
   1.1536e+00   4.5248e+02  -1.5096e-02   1.7360e-03  -3.7321e-03
   1.1658e+00   4.5729e+02  -1.7809e-02   3.5433e-03  -3.1430e-03
   1.1781e+00   4.6210e+02  -1.9889e-02   5.1379e-03  -2.4700e-03
   1.1904e+00   4.6692e+02  -2.1316e-02   6.4998e-03  -1.7444e-03
   1.2026e+00   4.7173e+02  -2.2129e-02   7.6344e-03  -1.0088e-03
   1.2149e+00   4.7654e+02  -2.2401e-02   8.5854e-03  -2.9313e-04
   1.2272e+00   4.8136e+02  -2.2223e-02   9.4408e-03   3.8704e-04
   1.2395e+00   4.8617e+02  -2.1671e-02   1.0305e-02   1.0091e-03
   1.2517e+00   4.9098e+02  -2.0800e-02   1.1245e-02   1.5274e-03
   1.2640e+00   4.9580e+02  -1.9654e-02   1.2248e-02   1.8908e-03
   1.2763e+00   5.0061e+02  -1.8278e-02   1.3225e-02   2.0622e-03
   1.2885e+00   5.0542e+02  -1.6715e-02   1.4073e-02   2.0272e-03
   1.3008e+00   5.1024e+02  -1.5008e-02   1.4746e-02   1.7913e-03
   1.3131e+00   5.1505e+02  -1.3194e-02   1.5243e-02   1.3816e-03
   1.3254e+00   5.1987e+02  -1.1309e-02   1.5570e-02   8.4868e-04
   1.3376e+00   5.2468e+02  -9.3885e-03   1.5694e-02   2.5985e-04
   1.3499e+00   5.2949e+02  -7.4628e-03   1.5544e-02  -3.2307e-04
   1.3622e+00   5.3431e+02  -5.5506e-03   1.5046e-02  -8.6799e-04
   1.3744e+00   5.3912e+02  -3.6680e-03   1.4177e-02  -1.3771e-03
   1.3867e+00   5.4393e+02  -1.8358e-03   1.2991e-02  -1.8780e-03
   1.3990e+00   5.4875e+02  -7.6949e-05   1.1606e-02  -2.4123e-03
   1.4113e+00   5.5356e+02   1.6025e-03   1.0162e-02  -3.0157e-03
   1.4235e+00   5.5837e+02   3.2154e-03   8.7784e-03  -3.7014e-03
   1.4358e+00   5.6319e+02   4.7798e-03   7.5365e-03  -4.4609e-03
   1.4481e+00   5.6800e+02   6.3010e-03   6.4719e-03  -5.2684e-03
   1.4603e+00   5.7281e+02   7.7674e-03   5.5877e-03  -6.0854e-03
   1.4726e+00   5.7763e+02   9.1536e-03   4.8850e-03  -6.8672e-03
   1.4849e+00   5.8244e+02   1.0431e-02   4.3860e-03  -7.5655e-03
   1.4972e+00   5.8726e+02   1.1591e-02   4.1173e-03  -8.1194e-03
   1.5094e+00   5.9207e+02   1.2644e-02   4.0560e-03  -8.4624e-03
   1.5217e+00   5.9688e+02   1.3599e-02   4.1014e-03  -8.5442e-03
   1.5340e+00   6.0170e+02   1.4441e-02   4.1179e-03  -8.3540e-03
   1.5463e+00   6.0651e+02   1.5145e-02   4.0123e-03  -7.9337e-03
   1.5585e+00   6.1132e+02   1.5696e-02   3.7794e-03  -7.3722e-03
   1.5708e+00   6.1614e+02   1.6098e-02   3.4990e-03  -6.7812e-03
   1.5831e+00   6.2095e+02   1.6361e-02   3.2937e-03  -6.2700e-03
   1.5953e+00   6.2576e+02   1.6469e-02   3.2739e-03  -5.9160e-03
   1.6076e+00   6.3058e+02   1.6392e-02   3.5066e-03  -5.7438e-03
   1.6199e+00   6.3539e+02   1.6083e-02   4.0170e-03  -5.7241e-03
   1.6322e+00   6.4020e+02   1.5504e-02   4.7998e-03  -5.7971e-03
   1.6444e+00   6.4502e+02   1.4655e-02   5.8268e-03  -5.9197e-03
   1.6567e+00   6.4983e+02   1.3593e-02   7.0695e-03  -6.1061e-03
   1.6690e+00   6.5465e+02   1.2425e-02   8.5307e-03  -6.4202e-03
   1.6812e+00   6.5946e+02   1.1261e-02   1.0241e-02  -6.9267e-03
   1.6935e+00   6.6427e+02   1.0164e-02   1.2211e-02  -7.6400e-03
   1.7058e+00   6.6909e+02   9.1391e-03   1.4395e-02  -8.5040e-03
   1.7181e+00   6.7390e+02   8.1411e-03   1.6685e-02  -9.4109e-03
   1.7303e+00   6.7871e+02   7.1037e-03   1.8942e-02  -1.0235e-02
   1.7426e+00   6.8353e+02   5.9562e-03   2.1034e-02  -1.0858e-02
   1.7549e+00   6.8834e+02   4.6258e-03   2.2866e-02  -1.1215e-02
   1.7671e+00   6.9315e+02   3.0370e-03   2.4402e-02  -1.1321e-02
   1.7794e+00   6.9797e+02   1.1000e-03   2.5666e-02  -1.1266e-02
   1.7917e+00   7.0278e+02  -1.2749e-03   2.6741e-02  -1.1171e-02
   1.8040e+00   7.0759e+02  -4.1249e-03   2.7769e-02  -1.1152e-02
   1.8162e+00   7.1241e+02  -7.3976e-03   2.8904e-02  -1.1293e-02
   1.8285e+00   7.1722e+02  -1.0952e-02   3.0273e-02  -1.1627e-02
   1.8408e+00   7.2203e+02  -1.4597e-02   3.1939e-02  -1.2123e-02
   1.8530e+00   7.2685e+02  -1.8128e-02   3.3896e-02  -1.2700e-02
   1.8653e+00   7.3166e+02  -2.1362e-02   3.6088e-02  -1.3265e-02
   1.8776e+00   7.3648e+02  -2.4151e-02   3.8437e-02  -1.3757e-02
   1.8899e+00   7.4129e+02  -2.6407e-02   4.0869e-02  -1.4161e-02
   1.9021e+00   7.4610e+02  -2.8082e-02   4.3321e-02  -1.4490e-02
   1.9144e+00   7.5092e+02  -2.9159e-02   4.5719e-02  -1.4763e-02
   1.9267e+00   7.5573e+02  -2.9645e-02   4.7961e-02  -1.4982e-02
   1.9390e+00   7.6054e+02  -2.9545e-02   4.9930e-02  -1.5140e-02
   1.9512e+00   7.6536e+02  -2.8852e-02   5.1530e-02  -1.5233e-02
   1.9635e+00   7.7017e+02  -2.7543e-02   5.2716e-02  -1.5273e-02
   1.9758e+00   7.7498e+02  -2.5611e-02   5.3497e-02  -1.5279e-02
   1.9880e+00   7.7980e+02  -2.3079e-02   5.3913e-02  -1.5252e-02
   2.0003e+00   7.8461e+02  -1.9981e-02   5.4010e-02  -1.5144e-02
   2.0126e+00   7.8942e+02  -1.6373e-02   5.3827e-02  -1.4874e-02
   2.0249e+00   7.9424e+02  -1.2342e-02   5.3392e-02  -1.4380e-02
   2.0371e+00   7.9905e+02  -8.0010e-03   5.2720e-02  -1.3654e-02
   2.0494e+00   8.0387e+02  -3.4849e-03   5.1795e-02  -1.2740e-02
   2.0617e+00   8.0868e+02   1.0671e-03   5.0595e-02  -1.1700e-02
   2.0739e+00   8.1349e+02   5.5195e-03   4.9123e-02  -1.0608e-02
   2.0862e+00   8.1831e+02   9.7311e-03   4.7399e-02  -9.5298e-03
   2.0985e+00   8.2312e+02   1.3573e-02   4.5430e-02  -8.5119e-03
   2.1108e+00   8.2793e+02   1.6954e-02   4.3192e-02  -7.5666e-03
   2.1230e+00   8.3275e+02   1.9821e-02   4.0659e-02  -6.6780e-03
   2.1353e+00   8.3756e+02   2.2181e-02   3.7829e-02  -5.8169e-03
   2.1476e+00   8.4237e+02   2.4104e-02   3.4749e-02  -4.9636e-03
   2.1598e+00   8.4719e+02   2.5698e-02   3.1498e-02  -4.1350e-03
   2.1721e+00   8.5200e+02   2.7078e-02   2.8166e-02  -3.3816e-03
   2.1844e+00   8.5681e+02   2.8369e-02   2.4825e-02  -2.7572e-03
   2.1967e+00   8.6163e+02   2.9711e-02   2.1524e-02  -2.2890e-03
   2.2089e+00   8.6644e+02   3.1248e-02   1.8299e-02  -1.9710e-03
   2.2212e+00   8.7126e+02   3.3094e-02   1.5190e-02  -1.7794e-03
   2.2335e+00   8.7607e+02   3.5282e-02   1.2251e-02  -1.6981e-03
   2.2457e+00   8.8088e+02   3.7770e-02   9.5464e-03  -1.7326e-03
   2.2580e+00   8.8570e+02   4.0479e-02   7.1099e-03  -1.9077e-03
   2.2703e+00   8.9051e+02   4.3334e-02   4.9077e-03  -2.2455e-03
   2.2826e+00   8.9532e+02   4.6257e-02   2.8550e-03  -2.7336e-03
   2.2948e+00   9.0014e+02   4.9164e-02   8.7768e-04  -3.3153e-03
   2.3071e+00   9.0495e+02   5.1985e-02  -1.0556e-03  -3.9254e-03
   2.3194e+00   9.0976e+02   5.4646e-02  -2.9437e-03  -4.5356e-03
   2.3317e+00   9.1458e+02   5.7061e-02  -4.7721e-03  -5.1725e-03
   2.3439e+00   9.1939e+02   5.9152e-02  -6.5120e-03  -5.8880e-03
   2.3562e+00   9.2420e+02   6.0897e-02  -8.1303e-03  -6.7029e-03
   2.3685e+00   9.2902e+02   6.2350e-02  -9.6119e-03  -7.5774e-03
   2.3807e+00   9.3383e+02   6.3618e-02  -1.0967e-02  -8.4300e-03
   2.3930e+00   9.3865e+02   6.4815e-02  -1.2213e-02  -9.1783e-03
   2.4053e+00   9.4346e+02   6.6024e-02  -1.3360e-02  -9.7787e-03
   2.4176e+00   9.4827e+02   6.7287e-02  -1.4389e-02  -1.0246e-02
   2.4298e+00   9.5309e+02   6.8600e-02  -1.5234e-02  -1.0636e-02
   2.4421e+00   9.5790e+02   6.9928e-02  -1.5793e-02  -1.1005e-02
   2.4544e+00   9.6271e+02   7.1232e-02  -1.5970e-02  -1.1384e-02
   2.4666e+00   9.6753e+02   7.2491e-02  -1.5735e-02  -1.1779e-02
   2.4789e+00   9.7234e+02   7.3717e-02  -1.5153e-02  -1.2184e-02
   2.4912e+00   9.7715e+02   7.4962e-02  -1.4354e-02  -1.2594e-02
   2.5035e+00   9.8197e+02   7.6313e-02  -1.3494e-02  -1.2991e-02
   2.5157e+00   9.8678e+02   7.7875e-02  -1.2721e-02  -1.3349e-02
   2.5280e+00   9.9159e+02   7.9746e-02  -1.2160e-02  -1.3642e-02
   2.5403e+00   9.9641e+02   8.1978e-02  -1.1896e-02  -1.3858e-02
   2.5525e+00   1.0012e+03   8.4588e-02  -1.1942e-02  -1.3983e-02
   2.5648e+00   1.0060e+03   8.7582e-02  -1.2228e-02  -1.4001e-02
   2.5771e+00   1.0108e+03   9.0942e-02  -1.2639e-02  -1.3889e-02
   2.5894e+00   1.0157e+03   9.4610e-02  -1.3089e-02  -1.3601e-02
   2.6016e+00   1.0205e+03   9.8489e-02  -1.3568e-02  -1.3059e-02
   2.6139e+00   1.0253e+03   1.0248e-01  -1.4126e-02  -1.2168e-02
   2.6262e+00   1.0301e+03   1.0652e-01  -1.4821e-02  -1.0865e-02
   2.6384e+00   1.0349e+03   1.1060e-01  -1.5664e-02  -9.1435e-03
   2.6507e+00   1.0397e+03   1.1475e-01  -1.6617e-02  -7.0480e-03
   2.6630e+00   1.0445e+03   1.1901e-01  -1.7638e-02  -4.6367e-03
   2.6753e+00   1.0494e+03   1.2341e-01  -1.8692e-02  -1.9613e-03
   2.6875e+00   1.0542e+03   1.2795e-01  -1.9729e-02   9.2777e-04
   2.6998e+00   1.0590e+03   1.3257e-01  -2.0660e-02   3.9793e-03
   2.7121e+00   1.0638e+03   1.3719e-01  -2.1365e-02   7.1343e-03
   2.7243e+00   1.0686e+03   1.4168e-01  -2.1725e-02   1.0304e-02
   2.7366e+00   1.0734e+03   1.4594e-01  -2.1637e-02   1.3358e-02
   2.7489e+00   1.0782e+03   1.4983e-01  -2.1010e-02   1.6148e-02
   2.7612e+00   1.0831e+03   1.5318e-01  -1.9752e-02   1.8531e-02
   2.7734e+00   1.0879e+03   1.5586e-01  -1.7751e-02   2.0393e-02
   2.7857e+00   1.0927e+03   1.5774e-01  -1.4879e-02   2.1658e-02
   2.7980e+00   1.0975e+03   1.5874e-01  -1.1008e-02   2.2285e-02
   2.8103e+00   1.1023e+03   1.5874e-01  -6.0413e-03   2.2250e-02
   2.8225e+00   1.1071e+03   1.5759e-01   8.4264e-05   2.1532e-02
   2.8348e+00   1.1119e+03   1.5511e-01   7.4139e-03   2.0108e-02
   2.8471e+00   1.1167e+03   1.5112e-01   1.6006e-02   1.7965e-02
   2.8593e+00   1.1216e+03   1.4546e-01   2.5940e-02   1.5107e-02
   2.8716e+00   1.1264e+03   1.3796e-01   3.7276e-02   1.1543e-02
   2.8839e+00   1.1312e+03   1.2843e-01   5.0024e-02   7.2771e-03
   2.8962e+00   1.1360e+03   1.1664e-01   6.4149e-02   2.3033e-03
   2.9084e+00   1.1408e+03   1.0229e-01   7.9628e-02  -3.3948e-03
   2.9207e+00   1.1456e+03   8.5043e-02   9.6494e-02  -9.8354e-03
   2.9330e+00   1.1504e+03   6.4536e-02   1.1485e-01  -1.7026e-02
   2.9452e+00   1.1553e+03   4.0383e-02   1.3479e-01  -2.4960e-02
   2.9575e+00   1.1601e+03   1.2209e-02   1.5634e-01  -3.3619e-02
   2.9698e+00   1.1649e+03  -2.0327e-02   1.7940e-01  -4.2961e-02
   2.9821e+00   1.1697e+03  -5.7533e-02   2.0373e-01  -5.2913e-02
   2.9943e+00   1.1745e+03  -9.9675e-02   2.2905e-01  -6.3350e-02
   3.0066e+00   1.1793e+03  -1.4695e-01   2.5509e-01  -7.4075e-02
   3.0189e+00   1.1841e+03  -1.9940e-01   2.8155e-01  -8.4813e-02
   3.0311e+00   1.1890e+03  -2.5687e-01   3.0816e-01  -9.5213e-02
   3.0434e+00   1.1938e+03  -3.1886e-01   3.3458e-01  -1.0485e-01
   3.0557e+00   1.1986e+03  -3.8443e-01   3.6039e-01  -1.1326e-01
   3.0680e+00   1.2034e+03  -4.5212e-01   3.8503e-01  -1.1994e-01
   3.0802e+00   1.2082e+03  -5.1972e-01   4.0785e-01  -1.2449e-01
   3.0925e+00   1.2130e+03  -5.8417e-01   4.2817e-01  -1.2662e-01
   3.1048e+00   1.2178e+03  -6.4148e-01   4.4531e-01  -1.2638e-01
   3.1170e+00   1.2226e+03  -6.8711e-01   4.5857e-01  -1.2429e-01
   3.1293e+00   1.2275e+03  -7.1673e-01   4.6728e-01  -1.2140e-01
