# The data in this file was extracted from a direct numerical
# simulation of fully developed plane turbulent channel
# flow. Particulars are listed below. Note that some of the statistical
# quantities provided in this data set should be zero due to
# (statistical) symmetries in the flow. These quantities are reported
# here none-the-less as an indicator of the quality of the statistics.
# more statistics from this data set are available at 
# http://www.tam.uiuc.edu/Faculty/Moser/channel 
#
# Authors: Moser, Kim & Mansour
# Reference: DNS of Turbulent Channel Flow up to Re_tau=590, 1999,
#            Physics of Fluids, vol 11, 943-945.
# Numerical Method: Kim, Moin & Moser, 1987, J. Fluid Mech. vol 177, 133-166 
# Re_tau = 392.24
# Normalization: U_tau, h 
# Description: Spanwise (z) Two-point cross correlations of velocity and pressure at indicated y-location 
# Filename: chan395/correlations/chan395.zccorr.40 
# Date File Created: Mar 01, 2000 
#
#---End of Header---
# 
# nz = 256,  Re = 392.24,  y = 0.10133,  y+ =  39.74
#      dz           dz+         R_uv         R_up         R_vp
#
   0.0000e+00   0.0000e+00  -8.3683e-01   7.3540e-01  -1.0452e-01
   1.2272e-02   4.8136e+00  -8.0849e-01   7.3782e-01  -1.0808e-01
   2.4544e-02   9.6271e+00  -7.2562e-01   7.3652e-01  -1.1119e-01
   3.6816e-02   1.4441e+01  -6.0023e-01   7.2358e-01  -1.1122e-01
   4.9087e-02   1.9254e+01  -4.5332e-01   6.9472e-01  -1.0643e-01
   6.1359e-02   2.4068e+01  -3.0514e-01   6.5051e-01  -9.6646e-02
   7.3631e-02   2.8881e+01  -1.6994e-01   5.9480e-01  -8.2901e-02
   8.5903e-02   3.3695e+01  -5.5432e-02   5.3243e-01  -6.6713e-02
   9.8175e-02   3.8509e+01   3.5986e-02   4.6761e-01  -4.9617e-02
   1.1045e-01   4.3322e+01   1.0505e-01   4.0343e-01  -3.2973e-02
   1.2272e-01   4.8136e+01   1.5417e-01   3.4216e-01  -1.7871e-02
   1.3499e-01   5.2949e+01   1.8656e-01   2.8548e-01  -5.0516e-03
   1.4726e-01   5.7763e+01   2.0548e-01   2.3476e-01   5.0943e-03
   1.5953e-01   6.2576e+01   2.1394e-01   1.9090e-01   1.2429e-02
   1.7181e-01   6.7390e+01   2.1443e-01   1.5427e-01   1.7061e-02
   1.8408e-01   7.2203e+01   2.0905e-01   1.2459e-01   1.9362e-02
   1.9635e-01   7.7017e+01   1.9965e-01   1.0104e-01   1.9882e-02
   2.0862e-01   8.1831e+01   1.8789e-01   8.2769e-02   1.9163e-02
   2.2089e-01   8.6644e+01   1.7504e-01   6.9104e-02   1.7642e-02
   2.3317e-01   9.1458e+01   1.6209e-01   5.9341e-02   1.5676e-02
   2.4544e-01   9.6271e+01   1.4965e-01   5.2719e-02   1.3517e-02
   2.5771e-01   1.0108e+02   1.3802e-01   4.8419e-02   1.1300e-02
   2.6998e-01   1.0590e+02   1.2731e-01   4.5783e-02   9.0705e-03
   2.8225e-01   1.1071e+02   1.1749e-01   4.4385e-02   6.9135e-03
   2.9452e-01   1.1553e+02   1.0852e-01   4.3977e-02   4.9916e-03
   3.0680e-01   1.2034e+02   1.0031e-01   4.4327e-02   3.4682e-03
   3.1907e-01   1.2515e+02   9.2768e-02   4.5210e-02   2.4066e-03
   3.3134e-01   1.2997e+02   8.5911e-02   4.6583e-02   1.8228e-03
   3.4361e-01   1.3478e+02   7.9745e-02   4.8672e-02   1.6606e-03
   3.5588e-01   1.3959e+02   7.4161e-02   5.1643e-02   1.8150e-03
   3.6816e-01   1.4441e+02   6.8808e-02   5.5388e-02   2.1379e-03
   3.8043e-01   1.4922e+02   6.3218e-02   5.9581e-02   2.4878e-03
   3.9270e-01   1.5403e+02   5.7045e-02   6.3901e-02   2.7446e-03
   4.0497e-01   1.5885e+02   5.0263e-02   6.8122e-02   2.7981e-03
   4.1724e-01   1.6366e+02   4.3129e-02   7.2110e-02   2.5113e-03
   4.2951e-01   1.6847e+02   3.6072e-02   7.5884e-02   1.7119e-03
   4.4179e-01   1.7329e+02   2.9562e-02   7.9578e-02   2.4838e-04
   4.5406e-01   1.7810e+02   2.4103e-02   8.3155e-02  -1.9621e-03
   4.6633e-01   1.8292e+02   2.0047e-02   8.6397e-02  -4.8593e-03
   4.7860e-01   1.8773e+02   1.7408e-02   8.9162e-02  -8.2081e-03
   4.9087e-01   1.9254e+02   1.6014e-02   9.1621e-02  -1.1650e-02
   5.0315e-01   1.9736e+02   1.5677e-02   9.4080e-02  -1.4900e-02
   5.1542e-01   2.0217e+02   1.6142e-02   9.6708e-02  -1.7860e-02
   5.2769e-01   2.0698e+02   1.7099e-02   9.9446e-02  -2.0500e-02
   5.3996e-01   2.1180e+02   1.8156e-02   1.0205e-01  -2.2743e-02
   5.5223e-01   2.1661e+02   1.9000e-02   1.0431e-01  -2.4464e-02
   5.6450e-01   2.2142e+02   1.9523e-02   1.0612e-01  -2.5587e-02
   5.7678e-01   2.2624e+02   1.9795e-02   1.0743e-01  -2.6104e-02
   5.8905e-01   2.3105e+02   1.9967e-02   1.0809e-01  -2.5989e-02
   6.0132e-01   2.3586e+02   2.0265e-02   1.0792e-01  -2.5156e-02
   6.1359e-01   2.4068e+02   2.0767e-02   1.0672e-01  -2.3557e-02
   6.2586e-01   2.4549e+02   2.1229e-02   1.0439e-01  -2.1292e-02
   6.3814e-01   2.5031e+02   2.1212e-02   1.0096e-01  -1.8606e-02
   6.5041e-01   2.5512e+02   2.0413e-02   9.6581e-02  -1.5761e-02
   6.6268e-01   2.5993e+02   1.8830e-02   9.1278e-02  -1.2951e-02
   6.7495e-01   2.6475e+02   1.6732e-02   8.5108e-02  -1.0247e-02
   6.8722e-01   2.6956e+02   1.4390e-02   7.8216e-02  -7.6273e-03
   6.9950e-01   2.7437e+02   1.2004e-02   7.0805e-02  -5.0201e-03
   7.1177e-01   2.7919e+02   9.7541e-03   6.3016e-02  -2.4056e-03
   7.2404e-01   2.8400e+02   7.8040e-03   5.4867e-02   6.2607e-05
   7.3631e-01   2.8881e+02   6.1787e-03   4.6379e-02   2.0914e-03
   7.4858e-01   2.9363e+02   4.9129e-03   3.7722e-02   3.4249e-03
   7.6085e-01   2.9844e+02   4.2298e-03   2.9331e-02   4.0274e-03
   7.7313e-01   3.0325e+02   4.6028e-03   2.1812e-02   4.0997e-03
   7.8540e-01   3.0807e+02   6.3968e-03   1.5651e-02   3.9433e-03
   7.9767e-01   3.1288e+02   9.5121e-03   1.1090e-02   3.7704e-03
   8.0994e-01   3.1770e+02   1.3456e-02   8.1883e-03   3.6362e-03
   8.2221e-01   3.2251e+02   1.7741e-02   6.8181e-03   3.5219e-03
   8.3449e-01   3.2732e+02   2.2030e-02   6.7507e-03   3.3916e-03
   8.4676e-01   3.3214e+02   2.6136e-02   7.7096e-03   3.1404e-03
   8.5903e-01   3.3695e+02   2.9884e-02   9.4738e-03   2.5546e-03
   8.7130e-01   3.4176e+02   3.3068e-02   1.1892e-02   1.4080e-03
   8.8357e-01   3.4658e+02   3.5382e-02   1.4905e-02  -4.2471e-04
   8.9584e-01   3.5139e+02   3.6570e-02   1.8413e-02  -2.9096e-03
   9.0812e-01   3.5620e+02   3.6615e-02   2.2171e-02  -5.8433e-03
   9.2039e-01   3.6102e+02   3.5791e-02   2.5897e-02  -8.8754e-03
   9.3266e-01   3.6583e+02   3.4420e-02   2.9372e-02  -1.1558e-02
   9.4493e-01   3.7064e+02   3.2611e-02   3.2434e-02  -1.3566e-02
   9.5720e-01   3.7546e+02   3.0097e-02   3.4930e-02  -1.4816e-02
   9.6948e-01   3.8027e+02   2.6532e-02   3.6618e-02  -1.5436e-02
   9.8175e-01   3.8509e+02   2.1898e-02   3.7219e-02  -1.5520e-02
   9.9402e-01   3.8990e+02   1.6625e-02   3.6478e-02  -1.5078e-02
   1.0063e+00   3.9471e+02   1.1194e-02   3.4208e-02  -1.4093e-02
   1.0186e+00   3.9953e+02   5.9501e-03   3.0452e-02  -1.2603e-02
   1.0308e+00   4.0434e+02   1.1249e-03   2.5587e-02  -1.0714e-02
   1.0431e+00   4.0915e+02  -3.0651e-03   2.0211e-02  -8.6110e-03
   1.0554e+00   4.1397e+02  -6.4185e-03   1.4858e-02  -6.5036e-03
   1.0677e+00   4.1878e+02  -8.7808e-03   9.8265e-03  -4.5102e-03
   1.0799e+00   4.2359e+02  -1.0156e-02   5.2309e-03  -2.6062e-03
   1.0922e+00   4.2841e+02  -1.0644e-02   1.1216e-03  -6.7585e-04
   1.1045e+00   4.3322e+02  -1.0508e-02  -2.4729e-03   1.3332e-03
   1.1167e+00   4.3803e+02  -1.0176e-02  -5.5588e-03   3.3090e-03
   1.1290e+00   4.4285e+02  -1.0122e-02  -8.0903e-03   5.0067e-03
   1.1413e+00   4.4766e+02  -1.0629e-02  -9.9864e-03   6.1913e-03
   1.1536e+00   4.5248e+02  -1.1701e-02  -1.1311e-02   6.7580e-03
   1.1658e+00   4.5729e+02  -1.3192e-02  -1.2387e-02   6.7412e-03
   1.1781e+00   4.6210e+02  -1.5030e-02  -1.3600e-02   6.2683e-03
   1.1904e+00   4.6692e+02  -1.7143e-02  -1.5190e-02   5.5073e-03
   1.2026e+00   4.7173e+02  -1.9319e-02  -1.7195e-02   4.6103e-03
   1.2149e+00   4.7654e+02  -2.1176e-02  -1.9498e-02   3.6983e-03
   1.2272e+00   4.8136e+02  -2.2343e-02  -2.1934e-02   2.8515e-03
   1.2395e+00   4.8617e+02  -2.2628e-02  -2.4289e-02   2.1186e-03
   1.2517e+00   4.9098e+02  -2.2089e-02  -2.6252e-02   1.5745e-03
   1.2640e+00   4.9580e+02  -2.0850e-02  -2.7334e-02   1.3240e-03
   1.2763e+00   5.0061e+02  -1.8992e-02  -2.7050e-02   1.3988e-03
   1.2885e+00   5.0542e+02  -1.6628e-02  -2.5110e-02   1.6861e-03
   1.3008e+00   5.1024e+02  -1.3905e-02  -2.1579e-02   1.9843e-03
   1.3131e+00   5.1505e+02  -1.0855e-02  -1.6826e-02   2.1076e-03
   1.3254e+00   5.1987e+02  -7.4655e-03  -1.1262e-02   1.9075e-03
   1.3376e+00   5.2468e+02  -3.9230e-03  -5.2060e-03   1.2414e-03
   1.3499e+00   5.2949e+02  -6.7238e-04   1.1300e-03   4.9201e-05
   1.3622e+00   5.3431e+02   1.9219e-03   7.5778e-03  -1.5782e-03
   1.3744e+00   5.3912e+02   3.7493e-03   1.4095e-02  -3.4256e-03
   1.3867e+00   5.4393e+02   4.9195e-03   2.0693e-02  -5.2764e-03
   1.3990e+00   5.4875e+02   5.6110e-03   2.7220e-02  -7.0172e-03
   1.4113e+00   5.5356e+02   6.0203e-03   3.3146e-02  -8.6380e-03
   1.4235e+00   5.5837e+02   6.2553e-03   3.7858e-02  -1.0059e-02
   1.4358e+00   5.6319e+02   6.4559e-03   4.0945e-02  -1.1083e-02
   1.4481e+00   5.6800e+02   6.9125e-03   4.2233e-02  -1.1461e-02
   1.4603e+00   5.7281e+02   7.9715e-03   4.1587e-02  -1.1017e-02
   1.4726e+00   5.7763e+02   9.7873e-03   3.9036e-02  -9.6712e-03
   1.4849e+00   5.8244e+02   1.2228e-02   3.4945e-02  -7.4337e-03
   1.4972e+00   5.8726e+02   1.4837e-02   2.9897e-02  -4.5262e-03
   1.5094e+00   5.9207e+02   1.7031e-02   2.4414e-02  -1.4800e-03
   1.5217e+00   5.9688e+02   1.8283e-02   1.8953e-02   1.0611e-03
   1.5340e+00   6.0170e+02   1.8296e-02   1.3981e-02   2.7353e-03
   1.5463e+00   6.0651e+02   1.7089e-02   9.8505e-03   3.5399e-03
   1.5585e+00   6.1132e+02   1.5013e-02   6.7259e-03   3.6869e-03
   1.5708e+00   6.1614e+02   1.2576e-02   4.6112e-03   3.3783e-03
   1.5831e+00   6.2095e+02   1.0241e-02   3.4754e-03   2.7903e-03
   1.5953e+00   6.2576e+02   8.3034e-03   3.2240e-03   2.0574e-03
   1.6076e+00   6.3058e+02   6.9357e-03   3.6753e-03   1.3156e-03
   1.6199e+00   6.3539e+02   6.1295e-03   4.4690e-03   6.9716e-04
   1.6322e+00   6.4020e+02   5.6871e-03   5.1242e-03   3.3523e-04
   1.6444e+00   6.4502e+02   5.2522e-03   5.1767e-03   3.3574e-04
   1.6567e+00   6.4983e+02   4.4014e-03   4.4762e-03   7.5037e-04
   1.6690e+00   6.5465e+02   2.8659e-03   3.2773e-03   1.5053e-03
   1.6812e+00   6.5946e+02   7.1512e-04   2.0268e-03   2.4206e-03
   1.6935e+00   6.6427e+02  -1.7391e-03   1.1961e-03   3.2689e-03
   1.7058e+00   6.6909e+02  -4.1663e-03   1.2066e-03   3.7959e-03
   1.7181e+00   6.7390e+02  -6.4691e-03   2.3970e-03   3.7908e-03
   1.7303e+00   6.7871e+02  -8.6353e-03   5.0156e-03   3.1127e-03
   1.7426e+00   6.8353e+02  -1.0566e-02   9.2622e-03   1.7281e-03
   1.7549e+00   6.8834e+02  -1.2188e-02   1.5203e-02  -2.3779e-04
   1.7671e+00   6.9315e+02  -1.3591e-02   2.2606e-02  -2.5094e-03
   1.7794e+00   6.9797e+02  -1.4822e-02   3.0882e-02  -4.7854e-03
   1.7917e+00   7.0278e+02  -1.5804e-02   3.9075e-02  -6.8749e-03
   1.8040e+00   7.0759e+02  -1.6329e-02   4.6225e-02  -8.7101e-03
   1.8162e+00   7.1241e+02  -1.6225e-02   5.1761e-02  -1.0330e-02
   1.8285e+00   7.1722e+02  -1.5422e-02   5.5543e-02  -1.1853e-02
   1.8408e+00   7.2203e+02  -1.3922e-02   5.7578e-02  -1.3361e-02
   1.8530e+00   7.2685e+02  -1.1850e-02   5.7872e-02  -1.4781e-02
   1.8653e+00   7.3166e+02  -9.6005e-03   5.6435e-02  -1.5875e-02
   1.8776e+00   7.3648e+02  -7.6911e-03   5.3381e-02  -1.6347e-02
   1.8899e+00   7.4129e+02  -6.4957e-03   4.8977e-02  -1.5935e-02
   1.9021e+00   7.4610e+02  -6.0117e-03   4.3517e-02  -1.4511e-02
   1.9144e+00   7.5092e+02  -6.0099e-03   3.7340e-02  -1.2149e-02
   1.9267e+00   7.5573e+02  -6.2457e-03   3.0914e-02  -9.1187e-03
   1.9390e+00   7.6054e+02  -6.5688e-03   2.4810e-02  -5.8300e-03
   1.9512e+00   7.6536e+02  -6.9357e-03   1.9562e-02  -2.6944e-03
   1.9635e+00   7.7017e+02  -7.4023e-03   1.5579e-02   1.6252e-05
   1.9758e+00   7.7498e+02  -8.0026e-03   1.3079e-02   2.1739e-03
   1.9880e+00   7.7980e+02  -8.8246e-03   1.2048e-02   3.7443e-03
   2.0003e+00   7.8461e+02  -1.0036e-02   1.2291e-02   4.7251e-03
   2.0126e+00   7.8942e+02  -1.1872e-02   1.3424e-02   5.1375e-03
   2.0249e+00   7.9424e+02  -1.4461e-02   1.4877e-02   5.0473e-03
   2.0371e+00   7.9905e+02  -1.7733e-02   1.6034e-02   4.5639e-03
   2.0494e+00   8.0387e+02  -2.1379e-02   1.6462e-02   3.8490e-03
   2.0617e+00   8.0868e+02  -2.4902e-02   1.6040e-02   3.1274e-03
   2.0739e+00   8.1349e+02  -2.7754e-02   1.4912e-02   2.6078e-03
   2.0862e+00   8.1831e+02  -2.9541e-02   1.3361e-02   2.3952e-03
   2.0985e+00   8.2312e+02  -3.0021e-02   1.1710e-02   2.4101e-03
   2.1108e+00   8.2793e+02  -2.9102e-02   1.0271e-02   2.4290e-03
   2.1230e+00   8.3275e+02  -2.6752e-02   9.2779e-03   2.2803e-03
   2.1353e+00   8.3756e+02  -2.2977e-02   8.8476e-03   2.0370e-03
   2.1476e+00   8.4237e+02  -1.7881e-02   9.0019e-03   2.0259e-03
   2.1598e+00   8.4719e+02  -1.1774e-02   9.7204e-03   2.5972e-03
   2.1721e+00   8.5200e+02  -5.0551e-03   1.0931e-02   3.8671e-03
   2.1844e+00   8.5681e+02   1.8440e-03   1.2461e-02   5.6665e-03
   2.1967e+00   8.6163e+02   8.5537e-03   1.4027e-02   7.6108e-03
   2.2089e+00   8.6644e+02   1.4759e-02   1.5373e-02   9.2561e-03
   2.2212e+00   8.7126e+02   2.0273e-02   1.6480e-02   1.0311e-02
   2.2335e+00   8.7607e+02   2.5010e-02   1.7588e-02   1.0700e-02
   2.2457e+00   8.8088e+02   2.8911e-02   1.8896e-02   1.0469e-02
   2.2580e+00   8.8570e+02   3.1878e-02   2.0475e-02   9.6575e-03
   2.2703e+00   8.9051e+02   3.3825e-02   2.2364e-02   8.2630e-03
   2.2826e+00   8.9532e+02   3.4665e-02   2.4571e-02   6.3415e-03
   2.2948e+00   9.0014e+02   3.4445e-02   2.7053e-02   4.1026e-03
   2.3071e+00   9.0495e+02   3.3335e-02   2.9635e-02   1.8325e-03
   2.3194e+00   9.0976e+02   3.1560e-02   3.2076e-02  -2.3927e-04
   2.3317e+00   9.1458e+02   2.9335e-02   3.4151e-02  -2.0080e-03
   2.3439e+00   9.1939e+02   2.6854e-02   3.5779e-02  -3.4196e-03
   2.3562e+00   9.2420e+02   2.4189e-02   3.6887e-02  -4.5378e-03
   2.3685e+00   9.2902e+02   2.1401e-02   3.7396e-02  -5.5471e-03
   2.3807e+00   9.3383e+02   1.8621e-02   3.7312e-02  -6.6352e-03
   2.3930e+00   9.3865e+02   1.6025e-02   3.6792e-02  -7.8438e-03
   2.4053e+00   9.4346e+02   1.3600e-02   3.6011e-02  -9.0328e-03
   2.4176e+00   9.4827e+02   1.1238e-02   3.5096e-02  -9.9630e-03
   2.4298e+00   9.5309e+02   8.9278e-03   3.4145e-02  -1.0459e-02
   2.4421e+00   9.5790e+02   6.8783e-03   3.3322e-02  -1.0436e-02
   2.4544e+00   9.6271e+02   5.2738e-03   3.2823e-02  -9.8981e-03
   2.4666e+00   9.6753e+02   4.1397e-03   3.2926e-02  -8.9507e-03
   2.4789e+00   9.7234e+02   3.4124e-03   3.3920e-02  -7.8871e-03
   2.4912e+00   9.7715e+02   3.1133e-03   3.5917e-02  -7.1403e-03
   2.5035e+00   9.8197e+02   3.1778e-03   3.8746e-02  -7.1118e-03
   2.5157e+00   9.8678e+02   3.4919e-03   4.2098e-02  -7.9896e-03
   2.5280e+00   9.9159e+02   4.1414e-03   4.5517e-02  -9.6856e-03
   2.5403e+00   9.9641e+02   5.4057e-03   4.8606e-02  -1.1877e-02
   2.5525e+00   1.0012e+03   7.4350e-03   5.1147e-02  -1.4085e-02
   2.5648e+00   1.0060e+03   1.0138e-02   5.3110e-02  -1.5775e-02
   2.5771e+00   1.0108e+03   1.3135e-02   5.4637e-02  -1.6560e-02
   2.5894e+00   1.0157e+03   1.5946e-02   5.6052e-02  -1.6384e-02
   2.6016e+00   1.0205e+03   1.8257e-02   5.7765e-02  -1.5583e-02
   2.6139e+00   1.0253e+03   2.0124e-02   6.0051e-02  -1.4703e-02
   2.6262e+00   1.0301e+03   2.1882e-02   6.2833e-02  -1.4210e-02
   2.6384e+00   1.0349e+03   2.3973e-02   6.5691e-02  -1.4252e-02
   2.6507e+00   1.0397e+03   2.6736e-02   6.8094e-02  -1.4643e-02
   2.6630e+00   1.0445e+03   3.0349e-02   6.9613e-02  -1.5023e-02
   2.6753e+00   1.0494e+03   3.4783e-02   7.0023e-02  -1.5069e-02
   2.6875e+00   1.0542e+03   3.9882e-02   6.9207e-02  -1.4606e-02
   2.6998e+00   1.0590e+03   4.5341e-02   6.7126e-02  -1.3606e-02
   2.7121e+00   1.0638e+03   5.0825e-02   6.3786e-02  -1.2147e-02
   2.7243e+00   1.0686e+03   5.6051e-02   5.9349e-02  -1.0379e-02
   2.7366e+00   1.0734e+03   6.0895e-02   5.4220e-02  -8.5135e-03
   2.7489e+00   1.0782e+03   6.5366e-02   4.8977e-02  -6.7463e-03
   2.7612e+00   1.0831e+03   6.9680e-02   4.4009e-02  -5.1548e-03
   2.7734e+00   1.0879e+03   7.4176e-02   3.9320e-02  -3.5931e-03
   2.7857e+00   1.0927e+03   7.9236e-02   3.4515e-02  -1.7012e-03
   2.7980e+00   1.0975e+03   8.5159e-02   2.9110e-02   8.5914e-04
   2.8103e+00   1.1023e+03   9.2141e-02   2.2871e-02   4.2010e-03
   2.8225e+00   1.1071e+03   1.0028e-01   1.6041e-02   8.1928e-03
   2.8348e+00   1.1119e+03   1.0961e-01   9.3158e-03   1.2566e-02
   2.8471e+00   1.1167e+03   1.2005e-01   3.4033e-03   1.7056e-02
   2.8593e+00   1.1216e+03   1.3151e-01  -1.3196e-03   2.1455e-02
   2.8716e+00   1.1264e+03   1.4388e-01  -4.7169e-03   2.5613e-02
   2.8839e+00   1.1312e+03   1.5709e-01  -6.6339e-03   2.9426e-02
   2.8962e+00   1.1360e+03   1.7102e-01  -6.7441e-03   3.2927e-02
   2.9084e+00   1.1408e+03   1.8545e-01  -4.5780e-03   3.6299e-02
   2.9207e+00   1.1456e+03   1.9990e-01   4.5867e-04   3.9751e-02
   2.9330e+00   1.1504e+03   2.1363e-01   9.2180e-03   4.3249e-02
   2.9452e+00   1.1553e+03   2.2559e-01   2.2914e-02   4.6355e-02
   2.9575e+00   1.1601e+03   2.3459e-01   4.2858e-02   4.8345e-02
   2.9698e+00   1.1649e+03   2.3931e-01   7.0165e-02   4.8437e-02
   2.9821e+00   1.1697e+03   2.3799e-01   1.0564e-01   4.5826e-02
   2.9943e+00   1.1745e+03   2.2832e-01   1.4983e-01   3.9871e-02
   3.0066e+00   1.1793e+03   2.0748e-01   2.0285e-01   3.0273e-02
   3.0189e+00   1.1841e+03   1.7243e-01   2.6419e-01   1.7140e-02
   3.0311e+00   1.1890e+03   1.2015e-01   3.3267e-01   9.4332e-04
   3.0434e+00   1.1938e+03   4.7760e-02   4.0624e-01  -1.7477e-02
   3.0557e+00   1.1986e+03  -4.6794e-02   4.8170e-01  -3.6955e-02
   3.0680e+00   1.2034e+03  -1.6384e-01   5.5461e-01  -5.6019e-02
   3.0802e+00   1.2082e+03  -3.0084e-01   6.1980e-01  -7.2999e-02
   3.0925e+00   1.2130e+03  -4.5038e-01   6.7223e-01  -8.6313e-02
   3.1048e+00   1.2178e+03  -5.9864e-01   7.0823e-01  -9.5048e-02
   3.1170e+00   1.2226e+03  -7.2526e-01   7.2722e-01  -9.9636e-02
   3.1293e+00   1.2275e+03  -8.0869e-01   7.3353e-01  -1.0201e-01
