# The data in this file was extracted from a direct numerical
# simulation of fully developed plane turbulent channel
# flow. Particulars are listed below. Note that some of the statistical
# quantities provided in this data set should be zero due to
# (statistical) symmetries in the flow. These quantities are reported
# here none-the-less as an indicator of the quality of the statistics.
# more statistics from this data set are available at 
# http://www.tam.uiuc.edu/Faculty/Moser/channel 
#
# Authors: Moser, Kim & Mansour
# Reference: DNS of Turbulent Channel Flow up to Re_tau=590, 1999,
#            Physics of Fluids, vol 11, 943-945.
# Numerical Method: Kim, Moin & Moser, 1987, J. Fluid Mech. vol 177, 133-166 
# Re_tau = 392.24
# Normalization: U_tau, h 
# Description: Spanwise (z) Two-point cross correlations of velocity and pressure at indicated y-location 
# Filename: chan395/correlations/chan395.zccorr.30 
# Date File Created: Mar 01, 2000 
#
#---End of Header---
# 
# nz = 256,  Re = 392.24,  y = 0.07612,  y+ =  29.86
#      dz           dz+         R_uv         R_up         R_vp
#
   0.0000e+00   0.0000e+00  -8.2184e-01   6.4428e-01  -1.0310e-01
   1.2272e-02   4.8136e+00  -7.8799e-01   6.5538e-01  -1.0498e-01
   2.4544e-02   9.6271e+00  -6.8725e-01   6.7449e-01  -1.0171e-01
   3.6816e-02   1.4441e+01  -5.3703e-01   6.8307e-01  -9.3095e-02
   4.9087e-02   1.9254e+01  -3.6642e-01   6.6968e-01  -7.9929e-02
   6.1359e-02   2.4068e+01  -2.0164e-01   6.3270e-01  -6.3749e-02
   7.3631e-02   2.8881e+01  -5.8984e-02   5.7658e-01  -4.6389e-02
   8.5903e-02   3.3695e+01   5.4452e-02   5.0846e-01  -2.9395e-02
   9.8175e-02   3.8509e+01   1.3802e-01   4.3550e-01  -1.4024e-02
   1.1045e-01   4.3322e+01   1.9439e-01   3.6351e-01  -1.0982e-03
   1.2272e-01   4.8136e+01   2.2774e-01   2.9632e-01   8.9134e-03
   1.3499e-01   5.2949e+01   2.4290e-01   2.3618e-01   1.5921e-02
   1.4726e-01   5.7763e+01   2.4454e-01   1.8429e-01   2.0080e-02
   1.5953e-01   6.2576e+01   2.3682e-01   1.4095e-01   2.1880e-02
   1.7181e-01   6.7390e+01   2.2289e-01   1.0575e-01   2.2060e-02
   1.8408e-01   7.2203e+01   2.0505e-01   7.7778e-02   2.1469e-02
   1.9635e-01   7.7017e+01   1.8515e-01   5.6099e-02   2.0583e-02
   2.0862e-01   8.1831e+01   1.6471e-01   4.0109e-02   1.9428e-02
   2.2089e-01   8.6644e+01   1.4475e-01   2.9414e-02   1.7746e-02
   2.3317e-01   9.1458e+01   1.2588e-01   2.3472e-02   1.5415e-02
   2.4544e-01   9.6271e+01   1.0850e-01   2.1477e-02   1.2549e-02
   2.5771e-01   1.0108e+02   9.3043e-02   2.2422e-02   9.4518e-03
   2.6998e-01   1.0590e+02   7.9846e-02   2.5145e-02   6.4269e-03
   2.8225e-01   1.1071e+02   6.8857e-02   2.8664e-02   3.7155e-03
   2.9452e-01   1.1553e+02   5.9763e-02   3.2379e-02   1.3995e-03
   3.0680e-01   1.2034e+02   5.2297e-02   3.6192e-02  -5.3333e-04
   3.1907e-01   1.2515e+02   4.6349e-02   4.0269e-02  -2.0417e-03
   3.3134e-01   1.2997e+02   4.1945e-02   4.4840e-02  -3.0162e-03
   3.4361e-01   1.3478e+02   3.8963e-02   4.9800e-02  -3.4254e-03
   3.5588e-01   1.3959e+02   3.7132e-02   5.4884e-02  -3.3457e-03
   3.6816e-01   1.4441e+02   3.6051e-02   5.9766e-02  -2.9469e-03
   3.8043e-01   1.4922e+02   3.5220e-02   6.4243e-02  -2.3973e-03
   3.9270e-01   1.5403e+02   3.4056e-02   6.8233e-02  -1.7502e-03
   4.0497e-01   1.5885e+02   3.2147e-02   7.1775e-02  -9.0167e-04
   4.1724e-01   1.6366e+02   2.9361e-02   7.4949e-02   2.4509e-04
   4.2951e-01   1.6847e+02   2.5821e-02   7.7794e-02   1.5569e-03
   4.4179e-01   1.7329e+02   2.1814e-02   8.0542e-02   2.6950e-03
   4.5406e-01   1.7810e+02   1.7857e-02   8.3448e-02   3.3032e-03
   4.6633e-01   1.8292e+02   1.4478e-02   8.6628e-02   3.0788e-03
   4.7860e-01   1.8773e+02   1.1994e-02   9.0145e-02   1.9439e-03
   4.9087e-01   1.9254e+02   1.0454e-02   9.4057e-02   6.1581e-05
   5.0315e-01   1.9736e+02   9.7430e-03   9.8402e-02  -2.3762e-03
   5.1542e-01   2.0217e+02   9.5191e-03   1.0319e-01  -5.2544e-03
   5.2769e-01   2.0698e+02   9.3749e-03   1.0810e-01  -8.4736e-03
   5.3996e-01   2.1180e+02   8.9648e-03   1.1240e-01  -1.1899e-02
   5.5223e-01   2.1661e+02   8.2476e-03   1.1537e-01  -1.5309e-02
   5.6450e-01   2.2142e+02   7.5647e-03   1.1695e-01  -1.8350e-02
   5.7678e-01   2.2624e+02   7.3684e-03   1.1766e-01  -2.0648e-02
   5.8905e-01   2.3105e+02   7.9064e-03   1.1796e-01  -2.1920e-02
   6.0132e-01   2.3586e+02   9.2110e-03   1.1794e-01  -2.1986e-02
   6.1359e-01   2.4068e+02   1.1083e-02   1.1747e-01  -2.0810e-02
   6.2586e-01   2.4549e+02   1.3107e-02   1.1638e-01  -1.8645e-02
   6.3814e-01   2.5031e+02   1.4648e-02   1.1448e-01  -1.6022e-02
   6.5041e-01   2.5512e+02   1.5233e-02   1.1145e-01  -1.3508e-02
   6.6268e-01   2.5993e+02   1.4784e-02   1.0688e-01  -1.1367e-02
   6.7495e-01   2.6475e+02   1.3525e-02   1.0047e-01  -9.5406e-03
   6.8722e-01   2.6956e+02   1.1680e-02   9.2196e-02  -7.8654e-03
   6.9950e-01   2.7437e+02   9.5576e-03   8.2177e-02  -6.1964e-03
   7.1177e-01   2.7919e+02   7.6064e-03   7.0593e-02  -4.4480e-03
   7.2404e-01   2.8400e+02   6.1588e-03   5.7759e-02  -2.6385e-03
   7.3631e-01   2.8881e+02   5.2581e-03   4.4220e-02  -8.6330e-04
   7.4858e-01   2.9363e+02   5.0056e-03   3.0751e-02   7.5912e-04
   7.6085e-01   2.9844e+02   5.6393e-03   1.8358e-02   2.1852e-03
   7.7313e-01   3.0325e+02   7.3159e-03   8.0173e-03   3.4728e-03
   7.8540e-01   3.0807e+02   9.9155e-03   3.7069e-04   4.6914e-03
   7.9767e-01   3.1288e+02   1.3104e-02  -4.4998e-03   5.8128e-03
   8.0994e-01   3.1770e+02   1.6404e-02  -6.9327e-03   6.7558e-03
   8.2221e-01   3.2251e+02   1.9451e-02  -7.5525e-03   7.4133e-03
   8.3449e-01   3.2732e+02   2.2068e-02  -7.1116e-03   7.7034e-03
   8.4676e-01   3.3214e+02   2.4221e-02  -6.2503e-03   7.5266e-03
   8.5903e-01   3.3695e+02   2.5851e-02  -5.1541e-03   6.7269e-03
   8.7130e-01   3.4176e+02   2.6892e-02  -3.6640e-03   5.1465e-03
   8.8357e-01   3.4658e+02   2.7241e-02  -1.5522e-03   2.7580e-03
   8.9584e-01   3.5139e+02   2.6746e-02   1.3882e-03  -2.8909e-04
   9.0812e-01   3.5620e+02   2.5260e-02   5.3400e-03  -3.7069e-03
   9.2039e-01   3.6102e+02   2.2934e-02   1.0313e-02  -7.1091e-03
   9.3266e-01   3.6583e+02   2.0104e-02   1.5903e-02  -1.0021e-02
   9.4493e-01   3.7064e+02   1.7023e-02   2.1403e-02  -1.2015e-02
   9.5720e-01   3.7546e+02   1.3643e-02   2.6142e-02  -1.2943e-02
   9.6948e-01   3.8027e+02   9.7856e-03   2.9556e-02  -1.2996e-02
   9.8175e-01   3.8509e+02   5.4187e-03   3.1338e-02  -1.2474e-02
   9.9402e-01   3.8990e+02   8.2340e-04   3.1290e-02  -1.1589e-02
   1.0063e+00   3.9471e+02  -3.5454e-03   2.9165e-02  -1.0488e-02
   1.0186e+00   3.9953e+02  -7.1932e-03   2.4826e-02  -9.3333e-03
   1.0308e+00   4.0434e+02  -9.8049e-03   1.8534e-02  -8.2413e-03
   1.0431e+00   4.0915e+02  -1.1273e-02   1.1068e-02  -7.2866e-03
   1.0554e+00   4.1397e+02  -1.1663e-02   3.4595e-03  -6.5567e-03
   1.0677e+00   4.1878e+02  -1.1021e-02  -3.3973e-03  -6.0397e-03
   1.0799e+00   4.2359e+02  -9.4673e-03  -8.9713e-03  -5.4837e-03
   1.0922e+00   4.2841e+02  -7.2911e-03  -1.3090e-02  -4.5271e-03
   1.1045e+00   4.3322e+02  -5.0699e-03  -1.5961e-02  -2.9283e-03
   1.1167e+00   4.3803e+02  -3.4815e-03  -1.7930e-02  -7.8187e-04
   1.1290e+00   4.4285e+02  -3.0489e-03  -1.9117e-02   1.4219e-03
   1.1413e+00   4.4766e+02  -3.9031e-03  -1.9357e-02   3.0640e-03
   1.1536e+00   4.5248e+02  -5.7796e-03  -1.8660e-02   3.6673e-03
   1.1658e+00   4.5729e+02  -8.0994e-03  -1.7473e-02   3.0291e-03
   1.1781e+00   4.6210e+02  -1.0261e-02  -1.6620e-02   1.3361e-03
   1.1904e+00   4.6692e+02  -1.1938e-02  -1.6912e-02  -8.3432e-04
   1.2026e+00   4.7173e+02  -1.3193e-02  -1.9019e-02  -2.7584e-03
   1.2149e+00   4.7654e+02  -1.4042e-02  -2.3155e-02  -3.9555e-03
   1.2272e+00   4.8136e+02  -1.4345e-02  -2.8722e-02  -4.2163e-03
   1.2395e+00   4.8617e+02  -1.3920e-02  -3.4507e-02  -3.5334e-03
   1.2517e+00   4.9098e+02  -1.2699e-02  -3.9230e-02  -2.0108e-03
   1.2640e+00   4.9580e+02  -1.0806e-02  -4.2052e-02   3.5981e-05
   1.2763e+00   5.0061e+02  -8.6587e-03  -4.2634e-02   2.1246e-03
   1.2885e+00   5.0542e+02  -6.6502e-03  -4.1036e-02   3.7012e-03
   1.3008e+00   5.1024e+02  -4.8324e-03  -3.7561e-02   4.4074e-03
   1.3131e+00   5.1505e+02  -3.0017e-03  -3.2483e-02   4.2123e-03
   1.3254e+00   5.1987e+02  -1.1272e-03  -2.5906e-02   3.3620e-03
   1.3376e+00   5.2468e+02   5.4015e-04  -1.7967e-02   2.1290e-03
   1.3499e+00   5.2949e+02   1.6977e-03  -8.9878e-03   6.6075e-04
   1.3622e+00   5.3431e+02   2.3012e-03   4.4947e-04  -9.9620e-04
   1.3744e+00   5.3912e+02   2.4225e-03   9.5248e-03  -2.8364e-03
   1.3867e+00   5.4393e+02   2.1402e-03   1.7511e-02  -4.8428e-03
   1.3990e+00   5.4875e+02   1.4702e-03   2.4103e-02  -6.9329e-03
   1.4113e+00   5.5356e+02   4.7428e-04   2.9302e-02  -8.8726e-03
   1.4235e+00   5.5837e+02  -6.4872e-04   3.3118e-02  -1.0340e-02
   1.4358e+00   5.6319e+02  -1.4322e-03   3.5444e-02  -1.1072e-02
   1.4481e+00   5.6800e+02  -1.2814e-03   3.6217e-02  -1.0958e-02
   1.4603e+00   5.7281e+02   2.0954e-04   3.5498e-02  -1.0026e-02
   1.4726e+00   5.7763e+02   2.8745e-03   3.3563e-02  -8.4097e-03
   1.4849e+00   5.8244e+02   6.1816e-03   3.0780e-02  -6.3333e-03
   1.4972e+00   5.8726e+02   9.5961e-03   2.7346e-02  -4.1910e-03
   1.5094e+00   5.9207e+02   1.2764e-02   2.3307e-02  -2.4908e-03
   1.5217e+00   5.9688e+02   1.5426e-02   1.8883e-02  -1.5902e-03
   1.5340e+00   6.0170e+02   1.7402e-02   1.4486e-02  -1.5141e-03
   1.5463e+00   6.0651e+02   1.8461e-02   1.0574e-02  -1.9317e-03
   1.5585e+00   6.1132e+02   1.8386e-02   7.3135e-03  -2.3847e-03
   1.5708e+00   6.1614e+02   1.7167e-02   4.5313e-03  -2.5964e-03
   1.5831e+00   6.2095e+02   1.4985e-02   2.0481e-03  -2.5059e-03
   1.5953e+00   6.2576e+02   1.2163e-02  -2.6852e-05  -2.1615e-03
   1.6076e+00   6.3058e+02   9.2422e-03  -1.4133e-03  -1.6785e-03
   1.6199e+00   6.3539e+02   6.6603e-03  -2.1092e-03  -1.1312e-03
   1.6322e+00   6.4020e+02   4.5026e-03  -2.5826e-03  -4.7018e-04
   1.6444e+00   6.4502e+02   2.6369e-03  -3.5636e-03   4.4307e-04
   1.6567e+00   6.4983e+02   9.3189e-04  -5.5528e-03   1.6275e-03
   1.6690e+00   6.5465e+02  -7.8922e-04  -8.4033e-03   2.9119e-03
   1.6812e+00   6.5946e+02  -2.6513e-03  -1.1657e-02   3.9632e-03
   1.6935e+00   6.6427e+02  -4.6319e-03  -1.4740e-02   4.4152e-03
   1.7058e+00   6.6909e+02  -6.5268e-03  -1.6907e-02   3.9936e-03
   1.7181e+00   6.7390e+02  -8.0838e-03  -1.7309e-02   2.7120e-03
   1.7303e+00   6.7871e+02  -9.1085e-03  -1.5394e-02   8.0065e-04
   1.7426e+00   6.8353e+02  -9.7648e-03  -1.1268e-02  -1.4432e-03
   1.7549e+00   6.8834e+02  -1.0560e-02  -5.3298e-03  -3.7773e-03
   1.7671e+00   6.9315e+02  -1.1996e-02   2.1513e-03  -5.9698e-03
   1.7794e+00   6.9797e+02  -1.4058e-02   1.0837e-02  -7.7909e-03
   1.7917e+00   7.0278e+02  -1.6193e-02   2.0073e-02  -9.0884e-03
   1.8040e+00   7.0759e+02  -1.7632e-02   2.9093e-02  -9.9017e-03
   1.8162e+00   7.1241e+02  -1.7775e-02   3.7172e-02  -1.0442e-02
   1.8285e+00   7.1722e+02  -1.6288e-02   4.3699e-02  -1.0910e-02
   1.8408e+00   7.2203e+02  -1.3250e-02   4.8166e-02  -1.1355e-02
   1.8530e+00   7.2685e+02  -9.2092e-03   5.0277e-02  -1.1669e-02
   1.8653e+00   7.3166e+02  -5.0940e-03   4.9926e-02  -1.1656e-02
   1.8776e+00   7.3648e+02  -1.8658e-03   4.7049e-02  -1.1159e-02
   1.8899e+00   7.4129e+02  -4.4213e-05   4.1727e-02  -1.0106e-02
   1.9021e+00   7.4610e+02   6.3655e-04   3.4567e-02  -8.4300e-03
   1.9144e+00   7.5092e+02   8.0934e-04   2.6761e-02  -6.1024e-03
   1.9267e+00   7.5573e+02   9.2842e-04   1.9656e-02  -3.2706e-03
   1.9390e+00   7.6054e+02   9.9506e-04   1.4238e-02  -2.9349e-04
   1.9512e+00   7.6536e+02   6.9781e-04   1.0899e-02   2.3825e-03
   1.9635e+00   7.7017e+02  -2.2097e-04   9.6264e-03   4.3393e-03
   1.9758e+00   7.7498e+02  -1.6568e-03   1.0042e-02   5.3935e-03
   1.9880e+00   7.7980e+02  -3.4374e-03   1.1358e-02   5.6377e-03
   2.0003e+00   7.8461e+02  -5.5851e-03   1.2676e-02   5.3837e-03
   2.0126e+00   7.8942e+02  -8.2207e-03   1.3522e-02   4.9804e-03
   2.0249e+00   7.9424e+02  -1.1218e-02   1.3930e-02   4.6641e-03
   2.0371e+00   7.9905e+02  -1.4281e-02   1.4108e-02   4.4778e-03
   2.0494e+00   8.0387e+02  -1.7198e-02   1.4210e-02   4.3297e-03
   2.0617e+00   8.0868e+02  -1.9968e-02   1.4254e-02   4.1003e-03
   2.0739e+00   8.1349e+02  -2.2424e-02   1.4264e-02   3.6916e-03
   2.0862e+00   8.1831e+02  -2.4076e-02   1.4301e-02   2.9960e-03
   2.0985e+00   8.2312e+02  -2.4340e-02   1.4530e-02   1.9415e-03
   2.1108e+00   8.2793e+02  -2.3037e-02   1.5130e-02   6.2248e-04
   2.1230e+00   8.3275e+02  -2.0498e-02   1.6198e-02  -6.5959e-04
   2.1353e+00   8.3756e+02  -1.7220e-02   1.7543e-02  -1.4941e-03
   2.1476e+00   8.4237e+02  -1.3370e-02   1.8706e-02  -1.4945e-03
   2.1598e+00   8.4719e+02  -8.8638e-03   1.9185e-02  -5.4925e-04
   2.1721e+00   8.5200e+02  -3.6407e-03   1.8583e-02   1.1150e-03
   2.1844e+00   8.5681e+02   2.0647e-03   1.6905e-02   3.0857e-03
   2.1967e+00   8.6163e+02   7.8680e-03   1.4653e-02   4.9204e-03
   2.2089e+00   8.6644e+02   1.3414e-02   1.2750e-02   6.1699e-03
   2.2212e+00   8.7126e+02   1.8478e-02   1.1967e-02   6.5193e-03
   2.2335e+00   8.7607e+02   2.2976e-02   1.2638e-02   6.0006e-03
   2.2457e+00   8.8088e+02   2.6823e-02   1.4693e-02   4.9420e-03
   2.2580e+00   8.8570e+02   2.9740e-02   1.7879e-02   3.6691e-03
   2.2703e+00   8.9051e+02   3.1345e-02   2.1726e-02   2.3682e-03
   2.2826e+00   8.9532e+02   3.1326e-02   2.5495e-02   1.1899e-03
   2.2948e+00   9.0014e+02   2.9793e-02   2.8289e-02   2.7729e-04
   2.3071e+00   9.0495e+02   2.7294e-02   2.9535e-02  -3.5995e-04
   2.3194e+00   9.0976e+02   2.4487e-02   2.9350e-02  -8.6561e-04
   2.3317e+00   9.1458e+02   2.1731e-02   2.8348e-02  -1.4294e-03
   2.3439e+00   9.1939e+02   1.9101e-02   2.7007e-02  -2.1375e-03
   2.3562e+00   9.2420e+02   1.6660e-02   2.5430e-02  -3.0314e-03
   2.3685e+00   9.2902e+02   1.4610e-02   2.3719e-02  -4.1872e-03
   2.3807e+00   9.3383e+02   1.3003e-02   2.2275e-02  -5.6713e-03
   2.3930e+00   9.3865e+02   1.1686e-02   2.1326e-02  -7.4048e-03
   2.4053e+00   9.4346e+02   1.0460e-02   2.0633e-02  -9.0809e-03
   2.4176e+00   9.4827e+02   9.2262e-03   1.9888e-02  -1.0278e-02
   2.4298e+00   9.5309e+02   7.8350e-03   1.9026e-02  -1.0667e-02
   2.4421e+00   9.5790e+02   6.1633e-03   1.8230e-02  -1.0145e-02
   2.4544e+00   9.6271e+02   4.2039e-03   1.7680e-02  -8.8684e-03
   2.4666e+00   9.6753e+02   2.0208e-03   1.7440e-02  -7.2491e-03
   2.4789e+00   9.7234e+02  -3.0730e-04   1.7776e-02  -5.8207e-03
   2.4912e+00   9.7715e+02  -2.4320e-03   1.9310e-02  -5.0467e-03
   2.5035e+00   9.8197e+02  -3.9630e-03   2.2764e-02  -5.0990e-03
   2.5157e+00   9.8678e+02  -4.7309e-03   2.8403e-02  -5.8901e-03
   2.5280e+00   9.9159e+02  -4.7187e-03   3.5807e-02  -7.2614e-03
   2.5403e+00   9.9641e+02  -3.7982e-03   4.4164e-02  -9.0292e-03
   2.5525e+00   1.0012e+03  -1.7913e-03   5.2639e-02  -1.0844e-02
   2.5648e+00   1.0060e+03   1.3417e-03   6.0558e-02  -1.2255e-02
   2.5771e+00   1.0108e+03   5.2748e-03   6.7527e-02  -1.2915e-02
   2.5894e+00   1.0157e+03   9.4046e-03   7.3523e-02  -1.2840e-02
   2.6016e+00   1.0205e+03   1.2979e-02   7.9004e-02  -1.2387e-02
   2.6139e+00   1.0253e+03   1.5450e-02   8.4768e-02  -1.2113e-02
   2.6262e+00   1.0301e+03   1.6814e-02   9.1287e-02  -1.2416e-02
   2.6384e+00   1.0349e+03   1.7553e-02   9.8035e-02  -1.3337e-02
   2.6507e+00   1.0397e+03   1.8271e-02   1.0382e-01  -1.4418e-02
   2.6630e+00   1.0445e+03   1.9439e-02   1.0759e-01  -1.5063e-02
   2.6753e+00   1.0494e+03   2.1222e-02   1.0879e-01  -1.4902e-02
   2.6875e+00   1.0542e+03   2.3533e-02   1.0705e-01  -1.3953e-02
   2.6998e+00   1.0590e+03   2.6118e-02   1.0232e-01  -1.2397e-02
   2.7121e+00   1.0638e+03   2.8756e-02   9.5020e-02  -1.0464e-02
   2.7243e+00   1.0686e+03   3.1187e-02   8.6002e-02  -8.3860e-03
   2.7366e+00   1.0734e+03   3.3169e-02   7.6417e-02  -6.4520e-03
   2.7489e+00   1.0782e+03   3.4649e-02   6.7156e-02  -4.8947e-03
   2.7612e+00   1.0831e+03   3.5937e-02   5.8495e-02  -3.7717e-03
   2.7734e+00   1.0879e+03   3.7621e-02   5.0282e-02  -2.9510e-03
   2.7857e+00   1.0927e+03   4.0381e-02   4.2367e-02  -2.1511e-03
   2.7980e+00   1.0975e+03   4.4630e-02   3.4647e-02  -1.0072e-03
   2.8103e+00   1.1023e+03   5.0382e-02   2.6829e-02   7.3143e-04
   2.8225e+00   1.1071e+03   5.7405e-02   1.8687e-02   3.0906e-03
   2.8348e+00   1.1119e+03   6.5532e-02   1.0147e-02   5.8555e-03
   2.8471e+00   1.1167e+03   7.4831e-02   1.4991e-03   8.7416e-03
   2.8593e+00   1.1216e+03   8.5616e-02  -6.7397e-03   1.1556e-02
   2.8716e+00   1.1264e+03   9.8186e-02  -1.3929e-02   1.4213e-02
   2.8839e+00   1.1312e+03   1.1268e-01  -1.9667e-02   1.6737e-02
   2.8962e+00   1.1360e+03   1.2898e-01  -2.3947e-02   1.9306e-02
   2.9084e+00   1.1408e+03   1.4684e-01  -2.6789e-02   2.2228e-02
   2.9207e+00   1.1456e+03   1.6598e-01  -2.7639e-02   2.5740e-02
   2.9330e+00   1.1504e+03   1.8612e-01  -2.5049e-02   2.9769e-02
   2.9452e+00   1.1553e+03   2.0668e-01  -1.7087e-02   3.4054e-02
   2.9575e+00   1.1601e+03   2.2672e-01  -2.0563e-03   3.8194e-02
   2.9698e+00   1.1649e+03   2.4478e-01   2.1347e-02   4.1579e-02
   2.9821e+00   1.1697e+03   2.5874e-01   5.4083e-02   4.3345e-02
   2.9943e+00   1.1745e+03   2.6592e-01   9.6944e-02   4.2648e-02
   3.0066e+00   1.1793e+03   2.6304e-01   1.5044e-01   3.8980e-02
   3.0189e+00   1.1841e+03   2.4631e-01   2.1460e-01   3.2257e-02
   3.0311e+00   1.1890e+03   2.1144e-01   2.8837e-01   2.2515e-02
   3.0434e+00   1.1938e+03   1.5383e-01   3.6911e-01   9.8007e-03
   3.0557e+00   1.1986e+03   6.9288e-02   4.5224e-01  -5.5830e-03
   3.0680e+00   1.2034e+03  -4.5031e-02   5.3118e-01  -2.2820e-02
   3.0802e+00   1.2082e+03  -1.8887e-01   5.9791e-01  -4.0651e-02
   3.0925e+00   1.2130e+03  -3.5556e-01   6.4462e-01  -5.7764e-02
   3.1048e+00   1.2178e+03  -5.2894e-01   6.6642e-01  -7.3207e-02
   3.1170e+00   1.2226e+03  -6.8239e-01   6.6480e-01  -8.6357e-02
   3.1293e+00   1.2275e+03  -7.8592e-01   6.5107e-01  -9.6613e-02
