# The data in this file was extracted from a direct numerical
# simulation of fully developed plane turbulent channel
# flow. Particulars are listed below. Note that some of the statistical
# quantities provided in this data set should be zero due to
# (statistical) symmetries in the flow. These quantities are reported
# here none-the-less as an indicator of the quality of the statistics.
# more statistics from this data set are available at 
# http://www.tam.uiuc.edu/Faculty/Moser/channel 
#
# Authors: Moser, Kim & Mansour
# Reference: DNS of Turbulent Channel Flow up to Re_tau=590, 1999,
#            Physics of Fluids, vol 11, 943-945.
# Numerical Method: Kim, Moin & Moser, 1987, J. Fluid Mech. vol 177, 133-166 
# Re_tau = 392.24
# Normalization: U_tau, h 
# Description: Spanwise (z) Two-point cross correlations of velocity and pressure at indicated y-location 
# Filename: chan395/correlations/chan395.zccorr.251 
# Date File Created: Mar 01, 2000 
#
#---End of Header---
# 
# nz = 256,  Re = 392.24,  y = 0.64010,  y+ = 251.08
#      dz           dz+         R_uv         R_up         R_vp
#
   0.0000e+00   0.0000e+00  -3.4695e-01   2.4895e-01  -6.0174e-02
   1.2272e-02   4.8136e+00  -3.4470e-01   2.4835e-01  -6.1763e-02
   2.4544e-02   9.6271e+00  -3.3809e-01   2.4658e-01  -6.3589e-02
   3.6816e-02   1.4441e+01  -3.2751e-01   2.4373e-01  -6.5448e-02
   4.9087e-02   1.9254e+01  -3.1361e-01   2.3994e-01  -6.7125e-02
   6.1359e-02   2.4068e+01  -2.9711e-01   2.3536e-01  -6.8455e-02
   7.3631e-02   2.8881e+01  -2.7876e-01   2.3012e-01  -6.9338e-02
   8.5903e-02   3.3695e+01  -2.5926e-01   2.2433e-01  -6.9733e-02
   9.8175e-02   3.8509e+01  -2.3917e-01   2.1807e-01  -6.9657e-02
   1.1045e-01   4.3322e+01  -2.1898e-01   2.1142e-01  -6.9169e-02
   1.2272e-01   4.8136e+01  -1.9906e-01   2.0447e-01  -6.8356e-02
   1.3499e-01   5.2949e+01  -1.7968e-01   1.9727e-01  -6.7313e-02
   1.4726e-01   5.7763e+01  -1.6101e-01   1.8990e-01  -6.6124e-02
   1.5953e-01   6.2576e+01  -1.4318e-01   1.8242e-01  -6.4851e-02
   1.7181e-01   6.7390e+01  -1.2625e-01   1.7488e-01  -6.3532e-02
   1.8408e-01   7.2203e+01  -1.1023e-01   1.6735e-01  -6.2181e-02
   1.9635e-01   7.7017e+01  -9.5109e-02   1.5986e-01  -6.0800e-02
   2.0862e-01   8.1831e+01  -8.0870e-02   1.5244e-01  -5.9382e-02
   2.2089e-01   8.6644e+01  -6.7475e-02   1.4515e-01  -5.7920e-02
   2.3317e-01   9.1458e+01  -5.4893e-02   1.3798e-01  -5.6412e-02
   2.4544e-01   9.6271e+01  -4.3099e-02   1.3096e-01  -5.4863e-02
   2.5771e-01   1.0108e+02  -3.2077e-02   1.2409e-01  -5.3285e-02
   2.6998e-01   1.0590e+02  -2.1811e-02   1.1738e-01  -5.1689e-02
   2.8225e-01   1.1071e+02  -1.2288e-02   1.1083e-01  -5.0086e-02
   2.9452e-01   1.1553e+02  -3.4988e-03   1.0444e-01  -4.8481e-02
   3.0680e-01   1.2034e+02   4.5673e-03   9.8203e-02  -4.6880e-02
   3.1907e-01   1.2515e+02   1.1922e-02   9.2108e-02  -4.5283e-02
   3.3134e-01   1.2997e+02   1.8580e-02   8.6147e-02  -4.3688e-02
   3.4361e-01   1.3478e+02   2.4559e-02   8.0311e-02  -4.2092e-02
   3.5588e-01   1.3959e+02   2.9884e-02   7.4586e-02  -4.0492e-02
   3.6816e-01   1.4441e+02   3.4588e-02   6.8957e-02  -3.8887e-02
   3.8043e-01   1.4922e+02   3.8721e-02   6.3411e-02  -3.7276e-02
   3.9270e-01   1.5403e+02   4.2337e-02   5.7935e-02  -3.5662e-02
   4.0497e-01   1.5885e+02   4.5493e-02   5.2529e-02  -3.4046e-02
   4.1724e-01   1.6366e+02   4.8236e-02   4.7194e-02  -3.2430e-02
   4.2951e-01   1.6847e+02   5.0605e-02   4.1942e-02  -3.0819e-02
   4.4179e-01   1.7329e+02   5.2630e-02   3.6784e-02  -2.9219e-02
   4.5406e-01   1.7810e+02   5.4338e-02   3.1733e-02  -2.7641e-02
   4.6633e-01   1.8292e+02   5.5752e-02   2.6800e-02  -2.6095e-02
   4.7860e-01   1.8773e+02   5.6889e-02   2.1997e-02  -2.4592e-02
   4.9087e-01   1.9254e+02   5.7764e-02   1.7333e-02  -2.3144e-02
   5.0315e-01   1.9736e+02   5.8387e-02   1.2814e-02  -2.1760e-02
   5.1542e-01   2.0217e+02   5.8766e-02   8.4485e-03  -2.0450e-02
   5.2769e-01   2.0698e+02   5.8908e-02   4.2412e-03  -1.9221e-02
   5.3996e-01   2.1180e+02   5.8820e-02   1.9942e-04  -1.8078e-02
   5.5223e-01   2.1661e+02   5.8511e-02  -3.6688e-03  -1.7025e-02
   5.6450e-01   2.2142e+02   5.7996e-02  -7.3537e-03  -1.6060e-02
   5.7678e-01   2.2624e+02   5.7290e-02  -1.0846e-02  -1.5176e-02
   5.8905e-01   2.3105e+02   5.6411e-02  -1.4137e-02  -1.4358e-02
   6.0132e-01   2.3586e+02   5.5373e-02  -1.7227e-02  -1.3596e-02
   6.1359e-01   2.4068e+02   5.4188e-02  -2.0118e-02  -1.2878e-02
   6.2586e-01   2.4549e+02   5.2863e-02  -2.2819e-02  -1.2204e-02
   6.3814e-01   2.5031e+02   5.1410e-02  -2.5334e-02  -1.1578e-02
   6.5041e-01   2.5512e+02   4.9843e-02  -2.7664e-02  -1.1015e-02
   6.6268e-01   2.5993e+02   4.8180e-02  -2.9807e-02  -1.0533e-02
   6.7495e-01   2.6475e+02   4.6444e-02  -3.1757e-02  -1.0150e-02
   6.8722e-01   2.6956e+02   4.4661e-02  -3.3513e-02  -9.8795e-03
   6.9950e-01   2.7437e+02   4.2851e-02  -3.5078e-02  -9.7274e-03
   7.1177e-01   2.7919e+02   4.1033e-02  -3.6460e-02  -9.6911e-03
   7.2404e-01   2.8400e+02   3.9220e-02  -3.7671e-02  -9.7598e-03
   7.3631e-01   2.8881e+02   3.7424e-02  -3.8731e-02  -9.9156e-03
   7.4858e-01   2.9363e+02   3.5662e-02  -3.9653e-02  -1.0137e-02
   7.6085e-01   2.9844e+02   3.3959e-02  -4.0448e-02  -1.0401e-02
   7.7313e-01   3.0325e+02   3.2343e-02  -4.1122e-02  -1.0686e-02
   7.8540e-01   3.0807e+02   3.0845e-02  -4.1673e-02  -1.0972e-02
   7.9767e-01   3.1288e+02   2.9491e-02  -4.2095e-02  -1.1243e-02
   8.0994e-01   3.1770e+02   2.8294e-02  -4.2385e-02  -1.1485e-02
   8.2221e-01   3.2251e+02   2.7260e-02  -4.2537e-02  -1.1686e-02
   8.3449e-01   3.2732e+02   2.6380e-02  -4.2547e-02  -1.1834e-02
   8.4676e-01   3.3214e+02   2.5642e-02  -4.2413e-02  -1.1920e-02
   8.5903e-01   3.3695e+02   2.5023e-02  -4.2131e-02  -1.1937e-02
   8.7130e-01   3.4176e+02   2.4499e-02  -4.1701e-02  -1.1886e-02
   8.8357e-01   3.4658e+02   2.4045e-02  -4.1125e-02  -1.1774e-02
   8.9584e-01   3.5139e+02   2.3636e-02  -4.0411e-02  -1.1612e-02
   9.0812e-01   3.5620e+02   2.3243e-02  -3.9578e-02  -1.1415e-02
   9.2039e-01   3.6102e+02   2.2834e-02  -3.8649e-02  -1.1197e-02
   9.3266e-01   3.6583e+02   2.2379e-02  -3.7657e-02  -1.0967e-02
   9.4493e-01   3.7064e+02   2.1852e-02  -3.6637e-02  -1.0727e-02
   9.5720e-01   3.7546e+02   2.1235e-02  -3.5628e-02  -1.0476e-02
   9.6948e-01   3.8027e+02   2.0520e-02  -3.4664e-02  -1.0208e-02
   9.8175e-01   3.8509e+02   1.9707e-02  -3.3776e-02  -9.9166e-03
   9.9402e-01   3.8990e+02   1.8800e-02  -3.2987e-02  -9.5961e-03
   1.0063e+00   3.9471e+02   1.7811e-02  -3.2310e-02  -9.2399e-03
   1.0186e+00   3.9953e+02   1.6758e-02  -3.1747e-02  -8.8397e-03
   1.0308e+00   4.0434e+02   1.5656e-02  -3.1291e-02  -8.3854e-03
   1.0431e+00   4.0915e+02   1.4519e-02  -3.0933e-02  -7.8671e-03
   1.0554e+00   4.1397e+02   1.3358e-02  -3.0662e-02  -7.2778e-03
   1.0677e+00   4.1878e+02   1.2181e-02  -3.0470e-02  -6.6160e-03
   1.0799e+00   4.2359e+02   1.0999e-02  -3.0350e-02  -5.8868e-03
   1.0922e+00   4.2841e+02   9.8272e-03  -3.0299e-02  -5.1019e-03
   1.1045e+00   4.3322e+02   8.6901e-03  -3.0315e-02  -4.2787e-03
   1.1167e+00   4.3803e+02   7.6129e-03  -3.0398e-02  -3.4377e-03
   1.1290e+00   4.4285e+02   6.6204e-03  -3.0552e-02  -2.6011e-03
   1.1413e+00   4.4766e+02   5.7314e-03  -3.0785e-02  -1.7894e-03
   1.1536e+00   4.5248e+02   4.9572e-03  -3.1107e-02  -1.0192e-03
   1.1658e+00   4.5729e+02   4.3013e-03  -3.1534e-02  -3.0108e-04
   1.1781e+00   4.6210e+02   3.7633e-03  -3.2078e-02   3.6108e-04
   1.1904e+00   4.6692e+02   3.3428e-03  -3.2751e-02   9.6834e-04
   1.2026e+00   4.7173e+02   3.0400e-03  -3.3556e-02   1.5246e-03
   1.2149e+00   4.7654e+02   2.8541e-03  -3.4489e-02   2.0345e-03
   1.2272e+00   4.8136e+02   2.7807e-03  -3.5535e-02   2.5017e-03
   1.2395e+00   4.8617e+02   2.8124e-03  -3.6675e-02   2.9270e-03
   1.2517e+00   4.9098e+02   2.9416e-03  -3.7883e-02   3.3062e-03
   1.2640e+00   4.9580e+02   3.1634e-03  -3.9132e-02   3.6303e-03
   1.2763e+00   5.0061e+02   3.4746e-03  -4.0400e-02   3.8893e-03
   1.2885e+00   5.0542e+02   3.8704e-03  -4.1664e-02   4.0775e-03
   1.3008e+00   5.1024e+02   4.3411e-03  -4.2905e-02   4.1955e-03
   1.3131e+00   5.1505e+02   4.8714e-03  -4.4105e-02   4.2494e-03
   1.3254e+00   5.1987e+02   5.4447e-03  -4.5246e-02   4.2471e-03
   1.3376e+00   5.2468e+02   6.0481e-03  -4.6318e-02   4.1956e-03
   1.3499e+00   5.2949e+02   6.6754e-03  -4.7312e-02   4.1009e-03
   1.3622e+00   5.3431e+02   7.3254e-03  -4.8223e-02   3.9685e-03
   1.3744e+00   5.3912e+02   7.9999e-03  -4.9047e-02   3.8044e-03
   1.3867e+00   5.4393e+02   8.6992e-03  -4.9780e-02   3.6153e-03
   1.3990e+00   5.4875e+02   9.4216e-03  -5.0415e-02   3.4083e-03
   1.4113e+00   5.5356e+02   1.0164e-02  -5.0945e-02   3.1913e-03
   1.4235e+00   5.5837e+02   1.0925e-02  -5.1365e-02   2.9723e-03
   1.4358e+00   5.6319e+02   1.1707e-02  -5.1671e-02   2.7587e-03
   1.4481e+00   5.6800e+02   1.2516e-02  -5.1860e-02   2.5559e-03
   1.4603e+00   5.7281e+02   1.3360e-02  -5.1934e-02   2.3667e-03
   1.4726e+00   5.7763e+02   1.4243e-02  -5.1896e-02   2.1919e-03
   1.4849e+00   5.8244e+02   1.5161e-02  -5.1747e-02   2.0321e-03
   1.4972e+00   5.8726e+02   1.6103e-02  -5.1488e-02   1.8884e-03
   1.5094e+00   5.9207e+02   1.7056e-02  -5.1121e-02   1.7633e-03
   1.5217e+00   5.9688e+02   1.8008e-02  -5.0654e-02   1.6595e-03
   1.5340e+00   6.0170e+02   1.8951e-02  -5.0098e-02   1.5791e-03
   1.5463e+00   6.0651e+02   1.9881e-02  -4.9471e-02   1.5224e-03
   1.5585e+00   6.1132e+02   2.0798e-02  -4.8793e-02   1.4877e-03
   1.5708e+00   6.1614e+02   2.1705e-02  -4.8080e-02   1.4720e-03
   1.5831e+00   6.2095e+02   2.2606e-02  -4.7345e-02   1.4719e-03
   1.5953e+00   6.2576e+02   2.3502e-02  -4.6597e-02   1.4848e-03
   1.6076e+00   6.3058e+02   2.4392e-02  -4.5839e-02   1.5107e-03
   1.6199e+00   6.3539e+02   2.5271e-02  -4.5075e-02   1.5520e-03
   1.6322e+00   6.4020e+02   2.6130e-02  -4.4305e-02   1.6142e-03
   1.6444e+00   6.4502e+02   2.6957e-02  -4.3531e-02   1.7036e-03
   1.6567e+00   6.4983e+02   2.7733e-02  -4.2754e-02   1.8259e-03
   1.6690e+00   6.5465e+02   2.8435e-02  -4.1973e-02   1.9820e-03
   1.6812e+00   6.5946e+02   2.9039e-02  -4.1187e-02   2.1667e-03
   1.6935e+00   6.6427e+02   2.9523e-02  -4.0389e-02   2.3678e-03
   1.7058e+00   6.6909e+02   2.9873e-02  -3.9574e-02   2.5687e-03
   1.7181e+00   6.7390e+02   3.0083e-02  -3.8733e-02   2.7516e-03
   1.7303e+00   6.7871e+02   3.0155e-02  -3.7865e-02   2.8991e-03
   1.7426e+00   6.8353e+02   3.0099e-02  -3.6973e-02   2.9970e-03
   1.7549e+00   6.8834e+02   2.9924e-02  -3.6068e-02   3.0362e-03
   1.7671e+00   6.9315e+02   2.9640e-02  -3.5169e-02   3.0152e-03
   1.7794e+00   6.9797e+02   2.9256e-02  -3.4297e-02   2.9402e-03
   1.7917e+00   7.0278e+02   2.8785e-02  -3.3473e-02   2.8238e-03
   1.8040e+00   7.0759e+02   2.8237e-02  -3.2717e-02   2.6815e-03
   1.8162e+00   7.1241e+02   2.7627e-02  -3.2045e-02   2.5289e-03
   1.8285e+00   7.1722e+02   2.6964e-02  -3.1468e-02   2.3791e-03
   1.8408e+00   7.2203e+02   2.6259e-02  -3.0992e-02   2.2420e-03
   1.8530e+00   7.2685e+02   2.5521e-02  -3.0618e-02   2.1244e-03
   1.8653e+00   7.3166e+02   2.4760e-02  -3.0342e-02   2.0318e-03
   1.8776e+00   7.3648e+02   2.3991e-02  -3.0159e-02   1.9689e-03
   1.8899e+00   7.4129e+02   2.3230e-02  -3.0071e-02   1.9421e-03
   1.9021e+00   7.4610e+02   2.2494e-02  -3.0081e-02   1.9596e-03
   1.9144e+00   7.5092e+02   2.1801e-02  -3.0195e-02   2.0313e-03
   1.9267e+00   7.5573e+02   2.1175e-02  -3.0419e-02   2.1654e-03
   1.9390e+00   7.6054e+02   2.0640e-02  -3.0755e-02   2.3649e-03
   1.9512e+00   7.6536e+02   2.0216e-02  -3.1205e-02   2.6249e-03
   1.9635e+00   7.7017e+02   1.9919e-02  -3.1766e-02   2.9339e-03
   1.9758e+00   7.7498e+02   1.9757e-02  -3.2430e-02   3.2763e-03
   1.9880e+00   7.7980e+02   1.9728e-02  -3.3184e-02   3.6370e-03
   2.0003e+00   7.8461e+02   1.9821e-02  -3.4009e-02   4.0048e-03
   2.0126e+00   7.8942e+02   2.0020e-02  -3.4885e-02   4.3753e-03
   2.0249e+00   7.9424e+02   2.0307e-02  -3.5789e-02   4.7514e-03
   2.0371e+00   7.9905e+02   2.0675e-02  -3.6700e-02   5.1434e-03
   2.0494e+00   8.0387e+02   2.1120e-02  -3.7594e-02   5.5649e-03
   2.0617e+00   8.0868e+02   2.1646e-02  -3.8448e-02   6.0282e-03
   2.0739e+00   8.1349e+02   2.2256e-02  -3.9237e-02   6.5400e-03
   2.0862e+00   8.1831e+02   2.2952e-02  -3.9936e-02   7.0982e-03
   2.0985e+00   8.2312e+02   2.3737e-02  -4.0525e-02   7.6907e-03
   2.1108e+00   8.2793e+02   2.4611e-02  -4.0984e-02   8.2966e-03
   2.1230e+00   8.3275e+02   2.5570e-02  -4.1299e-02   8.8898e-03
   2.1353e+00   8.3756e+02   2.6610e-02  -4.1464e-02   9.4432e-03
   2.1476e+00   8.4237e+02   2.7721e-02  -4.1483e-02   9.9320e-03
   2.1598e+00   8.4719e+02   2.8890e-02  -4.1370e-02   1.0337e-02
   2.1721e+00   8.5200e+02   3.0103e-02  -4.1147e-02   1.0647e-02
   2.1844e+00   8.5681e+02   3.1344e-02  -4.0843e-02   1.0862e-02
   2.1967e+00   8.6163e+02   3.2604e-02  -4.0484e-02   1.0992e-02
   2.2089e+00   8.6644e+02   3.3879e-02  -4.0090e-02   1.1055e-02
   2.2212e+00   8.7126e+02   3.5172e-02  -3.9674e-02   1.1070e-02
   2.2335e+00   8.7607e+02   3.6484e-02  -3.9241e-02   1.1055e-02
   2.2457e+00   8.8088e+02   3.7811e-02  -3.8788e-02   1.1021e-02
   2.2580e+00   8.8570e+02   3.9144e-02  -3.8309e-02   1.0973e-02
   2.2703e+00   8.9051e+02   4.0475e-02  -3.7791e-02   1.0905e-02
   2.2826e+00   8.9532e+02   4.1793e-02  -3.7221e-02   1.0807e-02
   2.2948e+00   9.0014e+02   4.3092e-02  -3.6584e-02   1.0664e-02
   2.3071e+00   9.0495e+02   4.4367e-02  -3.5871e-02   1.0462e-02
   2.3194e+00   9.0976e+02   4.5617e-02  -3.5080e-02   1.0190e-02
   2.3317e+00   9.1458e+02   4.6842e-02  -3.4211e-02   9.8465e-03
   2.3439e+00   9.1939e+02   4.8037e-02  -3.3271e-02   9.4385e-03
   2.3562e+00   9.2420e+02   4.9193e-02  -3.2275e-02   8.9805e-03
   2.3685e+00   9.2902e+02   5.0299e-02  -3.1242e-02   8.4911e-03
   2.3807e+00   9.3383e+02   5.1348e-02  -3.0193e-02   7.9887e-03
   2.3930e+00   9.3865e+02   5.2340e-02  -2.9152e-02   7.4877e-03
   2.4053e+00   9.4346e+02   5.3283e-02  -2.8137e-02   6.9976e-03
   2.4176e+00   9.4827e+02   5.4195e-02  -2.7160e-02   6.5240e-03
   2.4298e+00   9.5309e+02   5.5088e-02  -2.6223e-02   6.0695e-03
   2.4421e+00   9.5790e+02   5.5977e-02  -2.5322e-02   5.6340e-03
   2.4544e+00   9.6271e+02   5.6870e-02  -2.4444e-02   5.2141e-03
   2.4666e+00   9.6753e+02   5.7772e-02  -2.3570e-02   4.8028e-03
   2.4789e+00   9.7234e+02   5.8685e-02  -2.2680e-02   4.3909e-03
   2.4912e+00   9.7715e+02   5.9605e-02  -2.1753e-02   3.9679e-03
   2.5035e+00   9.8197e+02   6.0522e-02  -2.0768e-02   3.5242e-03
   2.5157e+00   9.8678e+02   6.1421e-02  -1.9704e-02   3.0522e-03
   2.5280e+00   9.9159e+02   6.2283e-02  -1.8543e-02   2.5444e-03
   2.5403e+00   9.9641e+02   6.3081e-02  -1.7262e-02   1.9915e-03
   2.5525e+00   1.0012e+03   6.3787e-02  -1.5832e-02   1.3815e-03
   2.5648e+00   1.0060e+03   6.4367e-02  -1.4224e-02   7.0260e-04
   2.5771e+00   1.0108e+03   6.4792e-02  -1.2403e-02  -5.3092e-05
   2.5894e+00   1.0157e+03   6.5035e-02  -1.0339e-02  -8.8669e-04
   2.6016e+00   1.0205e+03   6.5076e-02  -8.0042e-03  -1.7929e-03
   2.6139e+00   1.0253e+03   6.4900e-02  -5.3802e-03  -2.7628e-03
   2.6262e+00   1.0301e+03   6.4497e-02  -2.4566e-03  -3.7884e-03
   2.6384e+00   1.0349e+03   6.3858e-02   7.7012e-04  -4.8645e-03
   2.6507e+00   1.0397e+03   6.2973e-02   4.2982e-03  -5.9888e-03
   2.6630e+00   1.0445e+03   6.1838e-02   8.1229e-03  -7.1600e-03
   2.6753e+00   1.0494e+03   6.0444e-02   1.2238e-02  -8.3755e-03
   2.6875e+00   1.0542e+03   5.8782e-02   1.6637e-02  -9.6317e-03
   2.6998e+00   1.0590e+03   5.6836e-02   2.1316e-02  -1.0924e-02
   2.7121e+00   1.0638e+03   5.4586e-02   2.6268e-02  -1.2249e-02
   2.7243e+00   1.0686e+03   5.2007e-02   3.1487e-02  -1.3604e-02
   2.7366e+00   1.0734e+03   4.9068e-02   3.6960e-02  -1.4989e-02
   2.7489e+00   1.0782e+03   4.5733e-02   4.2675e-02  -1.6403e-02
   2.7612e+00   1.0831e+03   4.1961e-02   4.8618e-02  -1.7850e-02
   2.7734e+00   1.0879e+03   3.7703e-02   5.4777e-02  -1.9328e-02
   2.7857e+00   1.0927e+03   3.2906e-02   6.1145e-02  -2.0835e-02
   2.7980e+00   1.0975e+03   2.7521e-02   6.7713e-02  -2.2361e-02
   2.8103e+00   1.1023e+03   2.1507e-02   7.4472e-02  -2.3894e-02
   2.8225e+00   1.1071e+03   1.4838e-02   8.1411e-02  -2.5420e-02
   2.8348e+00   1.1119e+03   7.4944e-03   8.8515e-02  -2.6930e-02
   2.8471e+00   1.1167e+03  -5.3105e-04   9.5767e-02  -2.8423e-02
   2.8593e+00   1.1216e+03  -9.2441e-03   1.0315e-01  -2.9909e-02
   2.8716e+00   1.1264e+03  -1.8655e-02   1.1065e-01  -3.1405e-02
   2.8839e+00   1.1312e+03  -2.8785e-02   1.1824e-01  -3.2929e-02
   2.8962e+00   1.1360e+03  -3.9673e-02   1.2593e-01  -3.4495e-02
   2.9084e+00   1.1408e+03  -5.1373e-02   1.3370e-01  -3.6109e-02
   2.9207e+00   1.1456e+03  -6.3941e-02   1.4153e-01  -3.7769e-02
   2.9330e+00   1.1504e+03  -7.7427e-02   1.4942e-01  -3.9461e-02
   2.9452e+00   1.1553e+03  -9.1867e-02   1.5735e-01  -4.1167e-02
   2.9575e+00   1.1601e+03  -1.0728e-01   1.6530e-01  -4.2866e-02
   2.9698e+00   1.1649e+03  -1.2366e-01   1.7324e-01  -4.4541e-02
   2.9821e+00   1.1697e+03  -1.4098e-01   1.8112e-01  -4.6177e-02
   2.9943e+00   1.1745e+03  -1.5919e-01   1.8889e-01  -4.7763e-02
   3.0066e+00   1.1793e+03  -1.7820e-01   1.9650e-01  -4.9286e-02
   3.0189e+00   1.1841e+03  -1.9788e-01   2.0390e-01  -5.0731e-02
   3.0311e+00   1.1890e+03  -2.1805e-01   2.1101e-01  -5.2079e-02
   3.0434e+00   1.1938e+03  -2.3845e-01   2.1778e-01  -5.3309e-02
   3.0557e+00   1.1986e+03  -2.5873e-01   2.2415e-01  -5.4399e-02
   3.0680e+00   1.2034e+03  -2.7840e-01   2.3003e-01  -5.5331e-02
   3.0802e+00   1.2082e+03  -2.9688e-01   2.3533e-01  -5.6106e-02
   3.0925e+00   1.2130e+03  -3.1348e-01   2.3993e-01  -5.6755e-02
   3.1048e+00   1.2178e+03  -3.2746e-01   2.4371e-01  -5.7357e-02
   3.1170e+00   1.2226e+03  -3.3806e-01   2.4655e-01  -5.8036e-02
   3.1293e+00   1.2275e+03  -3.4469e-01   2.4833e-01  -5.8936e-02
