# The data in this file was extracted from a direct numerical
# simulation of fully developed plane turbulent channel
# flow. Particulars are listed below. Note that some of the statistical
# quantities provided in this data set should be zero due to
# (statistical) symmetries in the flow. These quantities are reported
# here none-the-less as an indicator of the quality of the statistics.
# more statistics from this data set are available at 
# http://www.tam.uiuc.edu/Faculty/Moser/channel 
#
# Authors: Moser, Kim & Mansour
# Reference: DNS of Turbulent Channel Flow up to Re_tau=590, 1999,
#            Physics of Fluids, vol 11, 943-945.
# Numerical Method: Kim, Moin & Moser, 1987, J. Fluid Mech. vol 177, 133-166 
# Re_tau = 392.24
# Normalization: U_tau, h 
# Description: Streamwise (x) One-dimensional spectra of velocity and pressure at indicated y-location 
# Filename: chan395/spectra/chan395.xspec.20 
# Date File Created: Mar 01, 2000 
#
#---End of Header---
# 
# nx = 256,  Re = 392.24,  y = 0.05047,  y+ =  19.80
#
#     k_x          E_uu         E_vv         E_ww         E_pp
#
   0.0000e+00   1.3651e+00   2.4830e-02   9.3015e-02   1.1902e-01
   1.0000e+00   1.5632e+00   4.4793e-02   2.0737e-01   3.0112e-01
   2.0000e+00   9.5151e-01   3.9378e-02   1.5983e-01   4.0521e-01
   3.0000e+00   6.7101e-01   3.4403e-02   1.2590e-01   4.1954e-01
   4.0000e+00   5.0323e-01   3.0373e-02   1.1172e-01   4.0060e-01
   5.0000e+00   3.6912e-01   2.6420e-02   9.3792e-02   3.7770e-01
   6.0000e+00   2.8079e-01   2.3096e-02   8.3633e-02   3.4883e-01
   7.0000e+00   2.3479e-01   2.0002e-02   7.0136e-02   3.1068e-01
   8.0000e+00   1.8521e-01   1.7846e-02   6.7449e-02   2.9490e-01
   9.0000e+00   1.5198e-01   1.6346e-02   5.6789e-02   2.6655e-01
   1.0000e+01   1.2484e-01   1.3954e-02   5.0059e-02   2.4917e-01
   1.1000e+01   1.0330e-01   1.2825e-02   4.4320e-02   2.2810e-01
   1.2000e+01   8.4492e-02   1.1495e-02   3.8907e-02   2.1192e-01
   1.3000e+01   7.0409e-02   1.0300e-02   3.4419e-02   1.9224e-01
   1.4000e+01   5.8574e-02   9.2544e-03   2.9812e-02   1.7783e-01
   1.5000e+01   4.9095e-02   8.4220e-03   2.4620e-02   1.5477e-01
   1.6000e+01   4.1692e-02   7.6051e-03   2.2626e-02   1.3999e-01
   1.7000e+01   3.4960e-02   6.7949e-03   1.9756e-02   1.2753e-01
   1.8000e+01   3.0760e-02   6.1148e-03   1.7327e-02   1.1291e-01
   1.9000e+01   2.6028e-02   5.3625e-03   1.5553e-02   1.0062e-01
   2.0000e+01   2.2794e-02   5.0223e-03   1.3767e-02   9.2516e-02
   2.1000e+01   1.9137e-02   4.4309e-03   1.1621e-02   7.5763e-02
   2.2000e+01   1.6939e-02   4.1836e-03   1.0931e-02   7.1389e-02
   2.3000e+01   1.4761e-02   3.7565e-03   9.4672e-03   6.6791e-02
   2.4000e+01   1.2756e-02   3.3849e-03   8.2812e-03   5.9875e-02
   2.5000e+01   1.1024e-02   3.1174e-03   7.1606e-03   5.1358e-02
   2.6000e+01   9.7250e-03   2.8157e-03   6.5159e-03   4.3639e-02
   2.7000e+01   8.4055e-03   2.5915e-03   5.5683e-03   3.9140e-02
   2.8000e+01   7.4901e-03   2.3774e-03   4.8494e-03   3.7491e-02
   2.9000e+01   6.4645e-03   2.1812e-03   4.4775e-03   3.1533e-02
   3.0000e+01   5.6850e-03   1.9793e-03   3.9535e-03   2.9110e-02
   3.1000e+01   5.0281e-03   1.7798e-03   3.5017e-03   2.5747e-02
   3.2000e+01   4.4259e-03   1.6629e-03   3.0282e-03   2.3561e-02
   3.3000e+01   4.0254e-03   1.5043e-03   2.7547e-03   2.0523e-02
   3.4000e+01   3.6475e-03   1.3495e-03   2.3740e-03   1.8393e-02
   3.5000e+01   3.1364e-03   1.3144e-03   2.1819e-03   1.6389e-02
   3.6000e+01   2.8451e-03   1.1674e-03   1.8947e-03   1.4738e-02
   3.7000e+01   2.4949e-03   1.0999e-03   1.7308e-03   1.3074e-02
   3.8000e+01   2.3111e-03   9.7369e-04   1.6048e-03   1.1656e-02
   3.9000e+01   2.0958e-03   9.0057e-04   1.4460e-03   1.0581e-02
   4.0000e+01   1.8922e-03   8.3413e-04   1.3128e-03   9.5365e-03
   4.1000e+01   1.7303e-03   7.8558e-04   1.1765e-03   8.5815e-03
   4.2000e+01   1.5079e-03   7.1198e-04   1.0286e-03   7.7811e-03
   4.3000e+01   1.3921e-03   6.3792e-04   8.9639e-04   6.7540e-03
   4.4000e+01   1.2601e-03   6.0525e-04   8.4036e-04   6.2099e-03
   4.5000e+01   1.1044e-03   5.4898e-04   7.6048e-04   5.5874e-03
   4.6000e+01   1.0136e-03   5.1795e-04   6.8225e-04   5.0319e-03
   4.7000e+01   9.3449e-04   4.6145e-04   6.2779e-04   4.6807e-03
   4.8000e+01   8.3378e-04   4.1712e-04   5.9653e-04   4.0515e-03
   4.9000e+01   7.8308e-04   3.9602e-04   5.4597e-04   3.7707e-03
   5.0000e+01   7.0835e-04   3.7695e-04   4.9230e-04   3.4154e-03
   5.1000e+01   6.5152e-04   3.3138e-04   4.2057e-04   2.9728e-03
   5.2000e+01   5.7828e-04   3.1573e-04   3.9052e-04   2.7423e-03
   5.3000e+01   5.2923e-04   2.8107e-04   3.5229e-04   2.5345e-03
   5.4000e+01   4.9321e-04   2.5993e-04   3.2788e-04   2.2665e-03
   5.5000e+01   4.3790e-04   2.4112e-04   3.0229e-04   1.9904e-03
   5.6000e+01   4.0892e-04   2.2256e-04   2.7470e-04   1.8417e-03
   5.7000e+01   3.8015e-04   2.0810e-04   2.5468e-04   1.6894e-03
   5.8000e+01   3.4754e-04   1.8678e-04   2.3827e-04   1.5136e-03
   5.9000e+01   3.1327e-04   1.7405e-04   2.1050e-04   1.3773e-03
   6.0000e+01   2.8608e-04   1.5971e-04   2.0476e-04   1.2487e-03
   6.1000e+01   2.6882e-04   1.4958e-04   1.8670e-04   1.1537e-03
   6.2000e+01   2.4194e-04   1.3963e-04   1.7040e-04   1.0663e-03
   6.3000e+01   2.2691e-04   1.2824e-04   1.5424e-04   9.8242e-04
   6.4000e+01   2.1127e-04   1.1845e-04   1.4101e-04   8.9792e-04
   6.5000e+01   1.9386e-04   1.1289e-04   1.3352e-04   8.4201e-04
   6.6000e+01   1.7519e-04   1.0470e-04   1.2468e-04   7.5722e-04
   6.7000e+01   1.6377e-04   9.8278e-05   1.1289e-04   6.9055e-04
   6.8000e+01   1.5373e-04   9.0371e-05   1.0315e-04   6.4064e-04
   6.9000e+01   1.4149e-04   8.3134e-05   9.9780e-05   5.8704e-04
   7.0000e+01   1.2915e-04   7.8278e-05   8.8437e-05   5.3853e-04
   7.1000e+01   1.1881e-04   7.2530e-05   8.2041e-05   4.9550e-04
   7.2000e+01   1.1145e-04   6.7748e-05   7.8808e-05   4.5040e-04
   7.3000e+01   1.0181e-04   6.3923e-05   7.4072e-05   4.1332e-04
   7.4000e+01   9.4711e-05   5.9910e-05   6.5939e-05   3.9176e-04
   7.5000e+01   8.8797e-05   5.5792e-05   6.1250e-05   3.5565e-04
   7.6000e+01   8.0627e-05   5.2034e-05   5.9013e-05   3.2540e-04
   7.7000e+01   7.6048e-05   4.9009e-05   5.4402e-05   3.0759e-04
   7.8000e+01   6.9459e-05   4.6549e-05   5.0420e-05   2.8541e-04
   7.9000e+01   6.5640e-05   4.4186e-05   4.7129e-05   2.6682e-04
   8.0000e+01   6.1711e-05   4.0482e-05   4.6299e-05   2.3909e-04
   8.1000e+01   5.7130e-05   3.7267e-05   4.2300e-05   2.2181e-04
   8.2000e+01   5.3331e-05   3.4176e-05   4.0023e-05   2.0604e-04
   8.3000e+01   4.8873e-05   3.1489e-05   3.7338e-05   1.8695e-04
   8.4000e+01   4.6218e-05   3.0324e-05   3.5326e-05   1.7658e-04
   8.5000e+01   4.3873e-05   2.8301e-05   3.3031e-05   1.6416e-04
   8.6000e+01   4.0530e-05   2.6486e-05   3.1173e-05   1.5210e-04
   8.7000e+01   3.7859e-05   2.4777e-05   2.8602e-05   1.4115e-04
   8.8000e+01   3.5308e-05   2.3785e-05   2.6696e-05   1.3264e-04
   8.9000e+01   3.3420e-05   2.2930e-05   2.4623e-05   1.2576e-04
   9.0000e+01   3.1551e-05   2.1138e-05   2.2964e-05   1.1797e-04
   9.1000e+01   2.9123e-05   1.9790e-05   2.2107e-05   1.0867e-04
   9.2000e+01   2.6767e-05   1.9021e-05   2.0646e-05   1.0184e-04
   9.3000e+01   2.5540e-05   1.7915e-05   1.9784e-05   9.4867e-05
   9.4000e+01   2.3939e-05   1.6952e-05   1.8360e-05   9.1392e-05
   9.5000e+01   2.2545e-05   1.6258e-05   1.8147e-05   8.7259e-05
   9.6000e+01   2.1266e-05   1.4891e-05   1.6590e-05   8.0879e-05
   9.7000e+01   1.9785e-05   1.4171e-05   1.5769e-05   7.7388e-05
   9.8000e+01   1.8704e-05   1.3495e-05   1.5281e-05   7.1053e-05
   9.9000e+01   1.7634e-05   1.3206e-05   1.3909e-05   6.7613e-05
   1.0000e+02   1.6853e-05   1.2572e-05   1.3635e-05   6.3528e-05
   1.0100e+02   1.5580e-05   1.1956e-05   1.2803e-05   6.1919e-05
   1.0200e+02   1.4677e-05   1.1161e-05   1.2087e-05   5.9450e-05
   1.0300e+02   1.3951e-05   1.0579e-05   1.1307e-05   5.6789e-05
   1.0400e+02   1.3429e-05   1.0020e-05   1.0540e-05   5.3909e-05
   1.0500e+02   1.2629e-05   9.5804e-06   1.0283e-05   5.2918e-05
   1.0600e+02   1.2040e-05   9.2611e-06   9.9790e-06   5.2115e-05
   1.0700e+02   1.1836e-05   9.0255e-06   9.3515e-06   4.9772e-05
   1.0800e+02   1.1273e-05   8.4818e-06   9.0762e-06   4.9666e-05
   1.0900e+02   1.0676e-05   8.0639e-06   8.6307e-06   4.8601e-05
   1.1000e+02   1.0234e-05   7.8858e-06   8.3112e-06   4.8514e-05
   1.1100e+02   9.8663e-06   7.5127e-06   7.8455e-06   4.8682e-05
   1.1200e+02   9.6437e-06   7.2371e-06   7.7377e-06   4.8092e-05
   1.1300e+02   9.2827e-06   6.8544e-06   7.5032e-06   4.9095e-05
   1.1400e+02   9.1234e-06   6.9167e-06   7.1628e-06   4.9782e-05
   1.1500e+02   9.0247e-06   6.7353e-06   6.9015e-06   5.1250e-05
   1.1600e+02   8.8865e-06   6.5861e-06   6.7727e-06   5.2686e-05
   1.1700e+02   8.6319e-06   6.3329e-06   6.7124e-06   5.3768e-05
   1.1800e+02   8.6188e-06   6.3604e-06   6.7221e-06   5.5118e-05
   1.1900e+02   8.6187e-06   6.0695e-06   6.6065e-06   5.7276e-05
   1.2000e+02   8.4235e-06   6.0463e-06   6.4082e-06   5.9381e-05
   1.2100e+02   8.2795e-06   5.7696e-06   6.0660e-06   6.3679e-05
   1.2200e+02   8.3099e-06   5.8252e-06   6.2472e-06   6.5295e-05
   1.2300e+02   8.2422e-06   5.6391e-06   6.2239e-06   7.0564e-05
   1.2400e+02   8.2964e-06   5.5560e-06   5.9743e-06   7.3877e-05
   1.2500e+02   8.6197e-06   5.5215e-06   5.9618e-06   7.8761e-05
   1.2600e+02   9.0339e-06   5.4607e-06   5.9798e-06   8.6092e-05
   1.2700e+02   1.0117e-05   5.8602e-06   6.6069e-06   9.1740e-05
