# The data in this file was extracted from a direct numerical
# simulation of fully developed plane turbulent channel
# flow. Particulars are listed below. Note that some of the statistical
# quantities provided in this data set should be zero due to
# (statistical) symmetries in the flow. These quantities are reported
# here none-the-less as an indicator of the quality of the statistics.
# more statistics from this data set are available at 
# http://www.tam.uiuc.edu/Faculty/Moser/channel 
#
# Authors: Moser, Kim & Mansour
# Reference: DNS of Turbulent Channel Flow up to Re_tau=590, 1999,
#            Physics of Fluids, vol 11, 943-945.
# Numerical Method: Kim, Moin & Moser, 1987, J. Fluid Mech. vol 177, 133-166 
# Re_tau = 392.24
# Normalization: U_tau, h 
# Description: Streamwise (x) One-dimensional spectra of velocity and pressure at indicated y-location 
# Filename: chan395/spectra/chan395.xspec.40 
# Date File Created: Mar 01, 2000 
#
#---End of Header---
# 
# nx = 256,  Re = 392.24,  y = 0.10133,  y+ =  39.74
#
#     k_x          E_uu         E_vv         E_ww         E_pp
#
   0.0000e+00   9.8166e-01   4.8325e-02   7.0851e-02   1.4374e-01
   1.0000e+00   9.5218e-01   9.2337e-02   1.7267e-01   3.3633e-01
   2.0000e+00   5.8774e-01   7.4481e-02   1.5525e-01   4.2303e-01
   3.0000e+00   3.9931e-01   6.2465e-02   1.3712e-01   4.3284e-01
   4.0000e+00   3.0309e-01   5.5234e-02   1.2607e-01   3.9679e-01
   5.0000e+00   2.3012e-01   5.0713e-02   1.0946e-01   3.6376e-01
   6.0000e+00   1.7604e-01   4.2648e-02   9.3398e-02   3.4908e-01
   7.0000e+00   1.4548e-01   3.7427e-02   8.2252e-02   2.9425e-01
   8.0000e+00   1.2012e-01   3.4029e-02   7.6583e-02   2.8842e-01
   9.0000e+00   9.7235e-02   3.0729e-02   6.5868e-02   2.5338e-01
   1.0000e+01   8.3951e-02   2.7806e-02   5.8901e-02   2.3819e-01
   1.1000e+01   7.1305e-02   2.6213e-02   5.0171e-02   2.1590e-01
   1.2000e+01   5.9922e-02   2.3063e-02   4.8049e-02   1.9580e-01
   1.3000e+01   5.1704e-02   2.1203e-02   4.4398e-02   1.8595e-01
   1.4000e+01   4.6273e-02   1.9689e-02   3.8804e-02   1.7261e-01
   1.5000e+01   3.7198e-02   1.7311e-02   3.2860e-02   1.5049e-01
   1.6000e+01   3.3101e-02   1.6890e-02   2.9235e-02   1.3218e-01
   1.7000e+01   2.8791e-02   1.4346e-02   2.6851e-02   1.2172e-01
   1.8000e+01   2.5934e-02   1.3903e-02   2.4072e-02   1.1114e-01
   1.9000e+01   2.2221e-02   1.2369e-02   2.0788e-02   1.0400e-01
   2.0000e+01   1.9572e-02   1.1240e-02   1.8916e-02   8.9143e-02
   2.1000e+01   1.6570e-02   1.0328e-02   1.7493e-02   8.1353e-02
   2.2000e+01   1.5814e-02   9.5635e-03   1.5733e-02   7.3214e-02
   2.3000e+01   1.4058e-02   8.5921e-03   1.3813e-02   6.7551e-02
   2.4000e+01   1.1990e-02   7.9304e-03   1.2411e-02   6.1847e-02
   2.5000e+01   1.0344e-02   7.1150e-03   1.0388e-02   5.5465e-02
   2.6000e+01   9.4465e-03   6.5090e-03   9.7016e-03   4.8864e-02
   2.7000e+01   8.2998e-03   6.2158e-03   8.7511e-03   4.2887e-02
   2.8000e+01   7.7892e-03   5.3779e-03   7.4894e-03   3.9435e-02
   2.9000e+01   6.8151e-03   5.0042e-03   7.0719e-03   3.6343e-02
   3.0000e+01   6.1221e-03   4.7023e-03   6.6636e-03   3.3577e-02
   3.1000e+01   5.4994e-03   4.2031e-03   5.7247e-03   2.9981e-02
   3.2000e+01   4.9962e-03   4.0181e-03   5.3144e-03   2.7468e-02
   3.3000e+01   4.5475e-03   3.6989e-03   5.0183e-03   2.5214e-02
   3.4000e+01   4.2195e-03   3.3075e-03   4.3908e-03   2.1915e-02
   3.5000e+01   3.6584e-03   3.0779e-03   3.8994e-03   2.0534e-02
   3.6000e+01   3.5251e-03   2.9019e-03   3.6525e-03   1.8305e-02
   3.7000e+01   3.0825e-03   2.5438e-03   3.2459e-03   1.6442e-02
   3.8000e+01   2.8585e-03   2.3845e-03   3.0773e-03   1.4942e-02
   3.9000e+01   2.6152e-03   2.2131e-03   2.7901e-03   1.3749e-02
   4.0000e+01   2.3179e-03   2.1237e-03   2.5774e-03   1.2771e-02
   4.1000e+01   2.1503e-03   1.8762e-03   2.3387e-03   1.1137e-02
   4.2000e+01   1.9825e-03   1.7036e-03   2.0812e-03   1.0082e-02
   4.3000e+01   1.7750e-03   1.5738e-03   1.9112e-03   8.9223e-03
   4.4000e+01   1.6738e-03   1.4192e-03   1.8965e-03   7.8024e-03
   4.5000e+01   1.5074e-03   1.3375e-03   1.6537e-03   7.2485e-03
   4.6000e+01   1.4151e-03   1.2337e-03   1.5218e-03   6.7891e-03
   4.7000e+01   1.2982e-03   1.1364e-03   1.3961e-03   6.3434e-03
   4.8000e+01   1.1943e-03   1.0586e-03   1.2947e-03   5.6395e-03
   4.9000e+01   1.1177e-03   1.0302e-03   1.1849e-03   5.0932e-03
   5.0000e+01   9.9309e-04   9.3723e-04   1.1019e-03   4.6836e-03
   5.1000e+01   9.3463e-04   8.6467e-04   9.5165e-04   4.2839e-03
   5.2000e+01   8.7214e-04   7.9647e-04   9.2389e-04   4.0218e-03
   5.3000e+01   7.9855e-04   7.5931e-04   8.4744e-04   3.6709e-03
   5.4000e+01   7.1809e-04   6.7132e-04   7.5660e-04   3.4373e-03
   5.5000e+01   6.6638e-04   6.2819e-04   7.3188e-04   2.9991e-03
   5.6000e+01   6.1382e-04   5.9344e-04   6.8971e-04   2.7101e-03
   5.7000e+01   5.9194e-04   5.4928e-04   6.2704e-04   2.5438e-03
   5.8000e+01   5.4487e-04   5.1775e-04   6.0117e-04   2.2395e-03
   5.9000e+01   4.9575e-04   4.7879e-04   5.3744e-04   2.1764e-03
   6.0000e+01   4.6965e-04   4.4324e-04   4.9933e-04   1.9348e-03
   6.1000e+01   4.2921e-04   4.2554e-04   4.6328e-04   1.7604e-03
   6.2000e+01   3.9941e-04   3.9369e-04   4.3640e-04   1.6609e-03
   6.3000e+01   3.7527e-04   3.6591e-04   4.0410e-04   1.5396e-03
   6.4000e+01   3.5039e-04   3.4009e-04   3.7217e-04   1.3983e-03
   6.5000e+01   3.2714e-04   3.1137e-04   3.6061e-04   1.3075e-03
   6.6000e+01   3.1844e-04   2.8918e-04   3.3200e-04   1.1971e-03
   6.7000e+01   2.8841e-04   2.7707e-04   3.0756e-04   1.1001e-03
   6.8000e+01   2.6074e-04   2.5111e-04   2.8619e-04   9.8700e-04
   6.9000e+01   2.4770e-04   2.4118e-04   2.7619e-04   9.5616e-04
   7.0000e+01   2.2610e-04   2.2211e-04   2.5004e-04   8.6366e-04
   7.1000e+01   2.1435e-04   2.1390e-04   2.3231e-04   8.2495e-04
   7.2000e+01   2.0095e-04   1.9775e-04   2.1762e-04   7.2534e-04
   7.3000e+01   1.9151e-04   1.8379e-04   2.0221e-04   6.7997e-04
   7.4000e+01   1.7700e-04   1.7485e-04   1.9546e-04   6.4026e-04
   7.5000e+01   1.6480e-04   1.6368e-04   1.8304e-04   5.7178e-04
   7.6000e+01   1.5474e-04   1.5239e-04   1.6811e-04   5.3461e-04
   7.7000e+01   1.4412e-04   1.4167e-04   1.5848e-04   5.0454e-04
   7.8000e+01   1.3391e-04   1.3535e-04   1.4685e-04   4.4941e-04
   7.9000e+01   1.2741e-04   1.2741e-04   1.3417e-04   4.4171e-04
   8.0000e+01   1.1860e-04   1.1968e-04   1.3009e-04   4.1243e-04
   8.1000e+01   1.1354e-04   1.1425e-04   1.2071e-04   3.7793e-04
   8.2000e+01   1.0556e-04   1.0574e-04   1.1390e-04   3.4383e-04
   8.3000e+01   9.8742e-05   9.9113e-05   1.0772e-04   3.2735e-04
   8.4000e+01   9.3653e-05   9.2409e-05   9.9739e-05   3.0098e-04
   8.5000e+01   8.7618e-05   8.6176e-05   9.3359e-05   2.9087e-04
   8.6000e+01   8.3262e-05   8.2754e-05   9.0922e-05   2.6649e-04
   8.7000e+01   7.7381e-05   7.8146e-05   8.4343e-05   2.5293e-04
   8.8000e+01   7.2191e-05   7.4582e-05   8.1706e-05   2.3453e-04
   8.9000e+01   6.9946e-05   6.8279e-05   7.5198e-05   2.1767e-04
   9.0000e+01   6.5131e-05   6.5379e-05   7.3569e-05   2.0758e-04
   9.1000e+01   6.2195e-05   6.1064e-05   6.7380e-05   1.9367e-04
   9.2000e+01   5.7062e-05   5.7877e-05   6.5823e-05   1.8461e-04
   9.3000e+01   5.3950e-05   5.5872e-05   6.1064e-05   1.7199e-04
   9.4000e+01   5.1199e-05   5.4568e-05   5.8654e-05   1.6987e-04
   9.5000e+01   4.8794e-05   5.0459e-05   5.3655e-05   1.5937e-04
   9.6000e+01   4.5347e-05   4.7605e-05   5.3038e-05   1.5268e-04
   9.7000e+01   4.4309e-05   4.5319e-05   4.8102e-05   1.4372e-04
   9.8000e+01   4.1866e-05   4.3282e-05   4.5798e-05   1.3571e-04
   9.9000e+01   4.0099e-05   4.1207e-05   4.4859e-05   1.2920e-04
   1.0000e+02   3.6612e-05   3.8407e-05   4.3851e-05   1.2498e-04
   1.0100e+02   3.4209e-05   3.7728e-05   4.0837e-05   1.1968e-04
   1.0200e+02   3.3055e-05   3.4726e-05   3.8417e-05   1.1429e-04
   1.0300e+02   3.1243e-05   3.3582e-05   3.7162e-05   1.1196e-04
   1.0400e+02   3.0442e-05   3.1762e-05   3.6099e-05   1.0889e-04
   1.0500e+02   3.0051e-05   3.1008e-05   3.3767e-05   1.0779e-04
   1.0600e+02   2.8503e-05   2.9569e-05   3.1833e-05   1.0695e-04
   1.0700e+02   2.6714e-05   2.9371e-05   3.0811e-05   1.0471e-04
   1.0800e+02   2.5352e-05   2.7683e-05   2.9345e-05   1.0525e-04
   1.0900e+02   2.5133e-05   2.6933e-05   2.8235e-05   1.0227e-04
   1.1000e+02   2.3701e-05   2.6154e-05   2.6852e-05   1.0157e-04
   1.1100e+02   2.3343e-05   2.5033e-05   2.7117e-05   1.0158e-04
   1.1200e+02   2.2939e-05   2.4508e-05   2.6067e-05   1.0065e-04
   1.1300e+02   2.2281e-05   2.3524e-05   2.5510e-05   1.0210e-04
   1.1400e+02   2.2019e-05   2.3131e-05   2.4261e-05   1.0450e-04
   1.1500e+02   2.1311e-05   2.2746e-05   2.3956e-05   1.0930e-04
   1.1600e+02   2.1152e-05   2.1891e-05   2.3292e-05   1.1147e-04
   1.1700e+02   2.0578e-05   2.1080e-05   2.2622e-05   1.1259e-04
   1.1800e+02   2.0248e-05   2.0868e-05   2.2108e-05   1.1813e-04
   1.1900e+02   2.0289e-05   2.1196e-05   2.1878e-05   1.2151e-04
   1.2000e+02   2.0209e-05   2.0657e-05   2.1418e-05   1.2709e-04
   1.2100e+02   2.0248e-05   2.0301e-05   2.1087e-05   1.3181e-04
   1.2200e+02   2.0886e-05   2.0086e-05   2.1141e-05   1.4046e-04
   1.2300e+02   2.1040e-05   2.0043e-05   2.0800e-05   1.4834e-04
   1.2400e+02   2.1109e-05   2.0561e-05   2.0578e-05   1.6333e-04
   1.2500e+02   2.1995e-05   2.1235e-05   2.0509e-05   1.7138e-04
   1.2600e+02   2.2879e-05   2.1786e-05   2.2168e-05   1.8434e-04
   1.2700e+02   2.5397e-05   2.3441e-05   2.4536e-05   2.0313e-04
