# The data in this file was extracted from a direct numerical
# simulation of fully developed plane turbulent channel
# flow. Particulars are listed below. Note that some of the statistical
# quantities provided in this data set should be zero due to
# (statistical) symmetries in the flow. These quantities are reported
# here none-the-less as an indicator of the quality of the statistics.
# more statistics from this data set are available at 
# http://www.tam.uiuc.edu/Faculty/Moser/channel 
#
# Authors: Moser, Kim & Mansour
# Reference: DNS of Turbulent Channel Flow up to Re_tau=590, 1999,
#            Physics of Fluids, vol 11, 943-945.
# Numerical Method: Kim, Moin & Moser, 1987, J. Fluid Mech. vol 177, 133-166 
# Re_tau = 392.24
# Normalization: U_tau, h 
# Description: Streamwise (x) One-dimensional spectra of velocity and pressure at indicated y-location 
# Filename: chan395/spectra/chan395.xspec.80 
# Date File Created: Mar 01, 2000 
#
#---End of Header---
# 
# nx = 256,  Re = 392.24,  y = 0.20416,  y+ =  80.08
#
#     k_x          E_uu         E_vv         E_ww         E_pp
#
   0.0000e+00   7.3898e-01   4.8666e-02   4.3452e-02   1.0324e-01
   1.0000e+00   6.1665e-01   1.0006e-01   1.2977e-01   2.6995e-01
   2.0000e+00   3.5348e-01   7.8774e-02   1.5173e-01   3.3904e-01
   3.0000e+00   2.5793e-01   6.5734e-02   1.3339e-01   3.4634e-01
   4.0000e+00   1.8346e-01   6.0875e-02   1.1240e-01   3.3037e-01
   5.0000e+00   1.4827e-01   6.1244e-02   1.0761e-01   2.8673e-01
   6.0000e+00   1.1343e-01   5.2304e-02   9.0367e-02   2.6523e-01
   7.0000e+00   8.7853e-02   4.6995e-02   7.9800e-02   2.3183e-01
   8.0000e+00   7.4234e-02   4.1967e-02   6.8613e-02   2.2303e-01
   9.0000e+00   5.8099e-02   3.6863e-02   6.0200e-02   1.9169e-01
   1.0000e+01   4.7828e-02   3.4303e-02   5.2613e-02   1.7924e-01
   1.1000e+01   4.1612e-02   3.2078e-02   4.8156e-02   1.4986e-01
   1.2000e+01   3.8126e-02   2.9596e-02   4.5490e-02   1.4439e-01
   1.3000e+01   3.0508e-02   2.6686e-02   3.8751e-02   1.4182e-01
   1.4000e+01   2.6589e-02   2.3538e-02   3.7048e-02   1.1536e-01
   1.5000e+01   2.1046e-02   2.1319e-02   2.9984e-02   1.0947e-01
   1.6000e+01   2.0206e-02   1.8925e-02   2.6754e-02   9.9526e-02
   1.7000e+01   1.6972e-02   1.7288e-02   2.5309e-02   8.8685e-02
   1.8000e+01   1.4572e-02   1.6451e-02   2.2482e-02   7.9048e-02
   1.9000e+01   1.3371e-02   1.4396e-02   1.9781e-02   7.3292e-02
   2.0000e+01   1.1669e-02   1.3031e-02   1.8668e-02   6.5942e-02
   2.1000e+01   9.8599e-03   1.1628e-02   1.5418e-02   5.4767e-02
   2.2000e+01   8.9324e-03   1.0343e-02   1.4229e-02   5.1569e-02
   2.3000e+01   8.0813e-03   1.0012e-02   1.3004e-02   4.7977e-02
   2.4000e+01   6.9192e-03   9.1353e-03   1.2129e-02   4.2236e-02
   2.5000e+01   6.3604e-03   8.4283e-03   1.0878e-02   3.9855e-02
   2.6000e+01   5.6902e-03   7.4256e-03   9.6838e-03   3.2404e-02
   2.7000e+01   5.1305e-03   6.8908e-03   8.5094e-03   2.9685e-02
   2.8000e+01   4.5154e-03   6.1024e-03   8.3143e-03   2.7457e-02
   2.9000e+01   4.2496e-03   5.6566e-03   7.3819e-03   2.4329e-02
   3.0000e+01   3.5537e-03   5.2386e-03   6.5034e-03   2.2781e-02
   3.1000e+01   3.2862e-03   4.9276e-03   5.9340e-03   1.9565e-02
   3.2000e+01   2.9197e-03   4.3801e-03   5.0279e-03   1.8370e-02
   3.3000e+01   2.8438e-03   4.0943e-03   4.7382e-03   1.7116e-02
   3.4000e+01   2.5635e-03   3.8047e-03   4.2047e-03   1.5178e-02
   3.5000e+01   2.3114e-03   3.5230e-03   4.3404e-03   1.4151e-02
   3.6000e+01   2.0120e-03   3.1262e-03   3.8393e-03   1.2811e-02
   3.7000e+01   1.8742e-03   2.9002e-03   3.4370e-03   1.1548e-02
   3.8000e+01   1.6924e-03   2.7032e-03   3.1364e-03   1.0678e-02
   3.9000e+01   1.5914e-03   2.4189e-03   2.9690e-03   9.5282e-03
   4.0000e+01   1.4099e-03   2.1343e-03   2.6380e-03   8.1694e-03
   4.1000e+01   1.3201e-03   2.0108e-03   2.4550e-03   7.3213e-03
   4.2000e+01   1.1734e-03   1.9561e-03   2.2159e-03   6.8729e-03
   4.3000e+01   1.0857e-03   1.7846e-03   1.9775e-03   6.3334e-03
   4.4000e+01   9.7807e-04   1.6304e-03   1.8530e-03   5.6336e-03
   4.5000e+01   9.2901e-04   1.4752e-03   1.7486e-03   5.2668e-03
   4.6000e+01   8.3807e-04   1.4300e-03   1.6104e-03   4.9743e-03
   4.7000e+01   7.5497e-04   1.2479e-03   1.4779e-03   4.2858e-03
   4.8000e+01   7.2795e-04   1.2148e-03   1.3895e-03   4.0696e-03
   4.9000e+01   6.5939e-04   1.1154e-03   1.2515e-03   3.6567e-03
   5.0000e+01   6.0062e-04   1.0257e-03   1.1703e-03   3.3939e-03
   5.1000e+01   5.7222e-04   9.3927e-04   1.0545e-03   3.0857e-03
   5.2000e+01   5.1539e-04   8.8548e-04   1.0070e-03   2.7265e-03
   5.3000e+01   4.7684e-04   7.8627e-04   9.1262e-04   2.5784e-03
   5.4000e+01   4.3431e-04   7.4362e-04   8.3648e-04   2.3161e-03
   5.5000e+01   3.9927e-04   7.2584e-04   7.6327e-04   2.0994e-03
   5.6000e+01   3.7599e-04   6.5019e-04   7.2461e-04   1.9275e-03
   5.7000e+01   3.3896e-04   6.0196e-04   6.7864e-04   1.7849e-03
   5.8000e+01   3.2752e-04   5.8665e-04   6.2765e-04   1.7184e-03
   5.9000e+01   2.8818e-04   5.2339e-04   5.4666e-04   1.5170e-03
   6.0000e+01   2.6838e-04   4.9454e-04   5.3600e-04   1.3698e-03
   6.1000e+01   2.5784e-04   4.4000e-04   4.9914e-04   1.2519e-03
   6.2000e+01   2.3904e-04   4.3298e-04   4.8034e-04   1.2577e-03
   6.3000e+01   2.2019e-04   3.9944e-04   4.3157e-04   1.1407e-03
   6.4000e+01   2.1429e-04   3.6740e-04   4.1547e-04   1.0576e-03
   6.5000e+01   1.9547e-04   3.5259e-04   3.8481e-04   9.3392e-04
   6.6000e+01   1.7744e-04   3.2652e-04   3.5868e-04   8.7295e-04
   6.7000e+01   1.6974e-04   3.1394e-04   3.3187e-04   7.9171e-04
   6.8000e+01   1.5339e-04   2.8051e-04   3.0456e-04   7.6934e-04
   6.9000e+01   1.4485e-04   2.5665e-04   2.8671e-04   6.9551e-04
   7.0000e+01   1.3428e-04   2.4825e-04   2.6557e-04   6.6697e-04
   7.1000e+01   1.2335e-04   2.2519e-04   2.5155e-04   5.8315e-04
   7.2000e+01   1.1466e-04   2.2124e-04   2.2462e-04   5.5789e-04
   7.3000e+01   1.0953e-04   2.0080e-04   2.2140e-04   4.9295e-04
   7.4000e+01   1.0037e-04   1.9313e-04   2.0889e-04   4.7342e-04
   7.5000e+01   9.3406e-05   1.7196e-04   1.9681e-04   4.1803e-04
   7.6000e+01   8.7791e-05   1.6748e-04   1.8540e-04   4.0659e-04
   7.7000e+01   8.3442e-05   1.5299e-04   1.7306e-04   3.6574e-04
   7.8000e+01   7.9330e-05   1.4422e-04   1.6072e-04   3.3678e-04
   7.9000e+01   7.2279e-05   1.4064e-04   1.4511e-04   3.2631e-04
   8.0000e+01   6.7825e-05   1.3176e-04   1.4243e-04   3.0365e-04
   8.1000e+01   6.4093e-05   1.1871e-04   1.3425e-04   2.8836e-04
   8.2000e+01   5.9975e-05   1.1231e-04   1.2639e-04   2.6034e-04
   8.3000e+01   5.6888e-05   1.0699e-04   1.1959e-04   2.4309e-04
   8.4000e+01   5.3131e-05   9.8941e-05   1.1054e-04   2.2566e-04
   8.5000e+01   4.9574e-05   9.7037e-05   9.8754e-05   2.1139e-04
   8.6000e+01   4.4237e-05   8.6748e-05   9.4531e-05   1.9308e-04
   8.7000e+01   4.3499e-05   8.6193e-05   9.0698e-05   1.8590e-04
   8.8000e+01   4.0346e-05   7.7580e-05   8.4321e-05   1.6852e-04
   8.9000e+01   3.8437e-05   7.6681e-05   8.0293e-05   1.6060e-04
   9.0000e+01   3.6634e-05   7.1093e-05   7.7545e-05   1.4984e-04
   9.1000e+01   3.3585e-05   6.6372e-05   7.1388e-05   1.3991e-04
   9.2000e+01   3.2543e-05   6.3457e-05   6.7117e-05   1.3052e-04
   9.3000e+01   3.0713e-05   6.1062e-05   6.3520e-05   1.2546e-04
   9.4000e+01   2.8920e-05   5.8046e-05   6.0809e-05   1.1993e-04
   9.5000e+01   2.6505e-05   5.3837e-05   5.6745e-05   1.1200e-04
   9.6000e+01   2.5769e-05   5.0625e-05   5.3313e-05   1.0569e-04
   9.7000e+01   2.3865e-05   4.8144e-05   5.3436e-05   1.0305e-04
   9.8000e+01   2.2812e-05   4.5159e-05   4.8838e-05   9.6729e-05
   9.9000e+01   2.2030e-05   4.4316e-05   4.8241e-05   9.2701e-05
   1.0000e+02   2.0598e-05   4.1068e-05   4.3136e-05   8.6854e-05
   1.0100e+02   1.9846e-05   3.9624e-05   4.0774e-05   8.2330e-05
   1.0200e+02   1.8568e-05   3.6830e-05   3.9381e-05   7.8629e-05
   1.0300e+02   1.7762e-05   3.5327e-05   3.7627e-05   7.8799e-05
   1.0400e+02   1.6457e-05   3.2599e-05   3.5362e-05   7.6829e-05
   1.0500e+02   1.6156e-05   3.2052e-05   3.3020e-05   7.4486e-05
   1.0600e+02   1.5470e-05   3.1474e-05   3.3591e-05   7.1825e-05
   1.0700e+02   1.5035e-05   3.0613e-05   3.1108e-05   7.0332e-05
   1.0800e+02   1.3944e-05   2.8662e-05   2.9799e-05   6.7214e-05
   1.0900e+02   1.3548e-05   2.6966e-05   2.8965e-05   6.9199e-05
   1.1000e+02   1.2937e-05   2.6483e-05   2.7858e-05   6.4784e-05
   1.1100e+02   1.2506e-05   2.5700e-05   2.6995e-05   6.6597e-05
   1.1200e+02   1.1986e-05   2.4231e-05   2.5650e-05   6.5966e-05
   1.1300e+02   1.1662e-05   2.3102e-05   2.4982e-05   6.7778e-05
   1.1400e+02   1.1579e-05   2.3430e-05   2.3970e-05   6.8281e-05
   1.1500e+02   1.1531e-05   2.2750e-05   2.3141e-05   6.9701e-05
   1.1600e+02   1.1140e-05   2.2255e-05   2.3214e-05   7.0789e-05
   1.1700e+02   1.0772e-05   2.1666e-05   2.2655e-05   7.2477e-05
   1.1800e+02   1.0385e-05   2.1585e-05   2.3140e-05   7.6350e-05
   1.1900e+02   1.0537e-05   2.1754e-05   2.2050e-05   7.7919e-05
   1.2000e+02   1.0458e-05   2.1322e-05   2.1603e-05   8.3394e-05
   1.2100e+02   1.0479e-05   2.1288e-05   2.2097e-05   8.2623e-05
   1.2200e+02   1.0566e-05   2.0418e-05   2.1661e-05   8.9931e-05
   1.2300e+02   1.0631e-05   2.0959e-05   2.1638e-05   9.2384e-05
   1.2400e+02   1.0500e-05   2.1241e-05   2.1352e-05   9.7707e-05
   1.2500e+02   1.0577e-05   2.2297e-05   2.1559e-05   9.8607e-05
   1.2600e+02   1.0472e-05   2.2770e-05   2.1998e-05   1.0981e-04
   1.2700e+02   1.1545e-05   2.4800e-05   2.3980e-05   1.1468e-04
