# The data in this file was extracted from a direct numerical
# simulation of fully developed plane turbulent channel
# flow. Particulars are listed below. Note that some of the statistical
# quantities provided in this data set should be zero due to
# (statistical) symmetries in the flow. These quantities are reported
# here none-the-less as an indicator of the quality of the statistics.
# more statistics from this data set are available at 
# http://www.tam.uiuc.edu/Faculty/Moser/channel 
#
# Authors: Moser, Kim & Mansour
# Reference: DNS of Turbulent Channel Flow up to Re_tau=590, 1999,
#            Physics of Fluids, vol 11, 943-945.
# Numerical Method: Kim, Moin & Moser, 1987, J. Fluid Mech. vol 177, 133-166 
# Re_tau = 392.24
# Normalization: U_tau, h 
# Description: Spanwise (z) One-dimensional spectra of velocity and pressure at indicated y-location 
# Filename: chan395/spectra/chan395.zspec.392 
# Date File Created: Mar 01, 2000 
#
#---End of Header---
# 
# nz = 256,  Re = 392.24,  y = 1.00000,  y+ = 392.24
#
#     k_z          E_uu         E_vv         E_ww         E_pp
#
   0.0000e+00   5.3431e-02   4.9883e-02   6.1549e-02   1.5811e-01
   2.0000e+00   1.3914e-01   9.0855e-02   1.0961e-01   1.5545e-01
   4.0000e+00   1.4051e-01   6.6122e-02   8.3703e-02   8.9542e-02
   6.0000e+00   8.1803e-02   5.2474e-02   5.0942e-02   5.5141e-02
   8.0000e+00   5.9747e-02   3.6525e-02   3.2256e-02   3.5622e-02
   1.0000e+01   4.0976e-02   2.6317e-02   2.1279e-02   2.3617e-02
   1.2000e+01   2.7971e-02   2.0710e-02   1.4397e-02   1.6273e-02
   1.4000e+01   1.9455e-02   1.5751e-02   9.5559e-03   1.1694e-02
   1.6000e+01   1.4361e-02   1.1569e-02   6.7687e-03   8.6972e-03
   1.8000e+01   9.9528e-03   9.1118e-03   4.2845e-03   6.2244e-03
   2.0000e+01   7.7543e-03   7.0015e-03   3.3583e-03   4.6292e-03
   2.2000e+01   5.6810e-03   5.4436e-03   2.4752e-03   3.3483e-03
   2.4000e+01   4.2765e-03   4.1783e-03   1.7961e-03   2.6975e-03
   2.6000e+01   2.9307e-03   3.2066e-03   1.4047e-03   1.9887e-03
   2.8000e+01   2.4101e-03   2.5442e-03   1.0235e-03   1.4564e-03
   3.0000e+01   1.9622e-03   1.9495e-03   7.7669e-04   1.0988e-03
   3.2000e+01   1.5326e-03   1.5484e-03   6.0940e-04   8.8693e-04
   3.4000e+01   1.2325e-03   1.2151e-03   4.5900e-04   6.7019e-04
   3.6000e+01   9.6650e-04   9.7010e-04   3.5993e-04   5.1464e-04
   3.8000e+01   7.4751e-04   8.0171e-04   2.8243e-04   3.9644e-04
   4.0000e+01   6.2552e-04   6.1962e-04   2.2310e-04   3.1245e-04
   4.2000e+01   4.7857e-04   5.1836e-04   1.7244e-04   2.4640e-04
   4.4000e+01   3.9795e-04   4.0515e-04   1.4209e-04   1.8546e-04
   4.6000e+01   3.1664e-04   3.3707e-04   1.1000e-04   1.4927e-04
   4.8000e+01   2.6034e-04   2.7055e-04   8.7963e-05   1.1949e-04
   5.0000e+01   2.3160e-04   2.1564e-04   7.3198e-05   9.3774e-05
   5.2000e+01   1.8354e-04   1.6937e-04   5.7751e-05   7.2795e-05
   5.4000e+01   1.5239e-04   1.4755e-04   4.5729e-05   5.8035e-05
   5.6000e+01   1.2453e-04   1.2090e-04   3.8350e-05   4.6017e-05
   5.8000e+01   1.0178e-04   9.7821e-05   3.1001e-05   3.6599e-05
   6.0000e+01   8.7476e-05   8.5088e-05   2.5852e-05   2.9275e-05
   6.2000e+01   7.2800e-05   6.8537e-05   2.0667e-05   2.3494e-05
   6.4000e+01   5.7717e-05   5.8495e-05   1.7013e-05   1.8463e-05
   6.6000e+01   4.9013e-05   4.8402e-05   1.4528e-05   1.5236e-05
   6.8000e+01   4.0491e-05   4.0927e-05   1.1103e-05   1.3030e-05
   7.0000e+01   3.4109e-05   3.4730e-05   9.3668e-06   1.0417e-05
   7.2000e+01   2.9481e-05   2.8911e-05   8.0361e-06   8.4664e-06
   7.4000e+01   2.5862e-05   2.4431e-05   6.6313e-06   6.8344e-06
   7.6000e+01   2.1124e-05   2.0366e-05   5.3612e-06   5.8140e-06
   7.8000e+01   1.7979e-05   1.7693e-05   4.5618e-06   4.8432e-06
   8.0000e+01   1.5513e-05   1.4572e-05   3.7626e-06   4.0348e-06
   8.2000e+01   1.2443e-05   1.2237e-05   3.1481e-06   3.3196e-06
   8.4000e+01   1.0525e-05   1.0887e-05   2.6253e-06   2.6527e-06
   8.6000e+01   9.4687e-06   8.7271e-06   2.2504e-06   2.3357e-06
   8.8000e+01   8.0410e-06   7.5716e-06   1.8960e-06   1.9384e-06
   9.0000e+01   6.5668e-06   6.3151e-06   1.6009e-06   1.6016e-06
   9.2000e+01   5.9461e-06   5.5626e-06   1.3326e-06   1.3004e-06
   9.4000e+01   4.7583e-06   4.6121e-06   1.0931e-06   1.1156e-06
   9.6000e+01   4.0748e-06   4.0119e-06   9.1193e-07   9.1393e-07
   9.8000e+01   3.5249e-06   3.4709e-06   8.0088e-07   7.7643e-07
   1.0000e+02   2.9913e-06   2.8681e-06   6.5479e-07   6.6222e-07
   1.0200e+02   2.6225e-06   2.5193e-06   5.9009e-07   5.4555e-07
   1.0400e+02   2.2341e-06   2.1480e-06   4.9411e-07   4.5730e-07
   1.0600e+02   1.9149e-06   1.8213e-06   4.2109e-07   3.7850e-07
   1.0800e+02   1.6609e-06   1.5739e-06   3.6353e-07   3.1654e-07
   1.1000e+02   1.4211e-06   1.3965e-06   3.0441e-07   2.7373e-07
   1.1200e+02   1.2275e-06   1.1924e-06   2.5650e-07   2.3463e-07
   1.1400e+02   1.0582e-06   1.0338e-06   2.2174e-07   1.9820e-07
   1.1600e+02   9.1890e-07   8.9878e-07   1.9065e-07   1.6685e-07
   1.1800e+02   7.8076e-07   7.5504e-07   1.6427e-07   1.4262e-07
   1.2000e+02   7.0553e-07   6.4930e-07   1.4730e-07   1.1855e-07
   1.2200e+02   5.8439e-07   5.6629e-07   1.1941e-07   1.0257e-07
   1.2400e+02   5.2081e-07   4.8561e-07   1.0603e-07   8.8715e-08
   1.2600e+02   4.5674e-07   4.1731e-07   9.1030e-08   7.7198e-08
   1.2800e+02   4.0284e-07   3.5150e-07   7.6344e-08   6.7338e-08
   1.3000e+02   3.5175e-07   3.1167e-07   6.8029e-08   5.9489e-08
   1.3200e+02   2.9957e-07   2.7041e-07   5.6638e-08   5.2758e-08
   1.3400e+02   2.6431e-07   2.3648e-07   4.8477e-08   4.5230e-08
   1.3600e+02   2.3224e-07   2.0596e-07   4.2077e-08   4.0400e-08
   1.3800e+02   2.0192e-07   1.7764e-07   3.6990e-08   3.5092e-08
   1.4000e+02   1.7634e-07   1.5483e-07   3.1022e-08   3.0541e-08
   1.4200e+02   1.5473e-07   1.3466e-07   2.7387e-08   2.6505e-08
   1.4400e+02   1.3551e-07   1.2064e-07   2.3641e-08   2.3352e-08
   1.4600e+02   1.1826e-07   1.0147e-07   2.0591e-08   2.1042e-08
   1.4800e+02   1.0679e-07   9.3797e-08   1.7799e-08   1.8877e-08
   1.5000e+02   9.2695e-08   7.9452e-08   1.5404e-08   1.6532e-08
   1.5200e+02   8.2094e-08   7.1324e-08   1.3517e-08   1.4988e-08
   1.5400e+02   7.3308e-08   6.0979e-08   1.1895e-08   1.3234e-08
   1.5600e+02   6.2402e-08   5.5249e-08   1.0610e-08   1.1832e-08
   1.5800e+02   5.5974e-08   4.8148e-08   9.2574e-09   1.0508e-08
   1.6000e+02   4.8154e-08   4.2479e-08   8.1885e-09   9.4858e-09
   1.6200e+02   4.2807e-08   3.7009e-08   7.0718e-09   8.7977e-09
   1.6400e+02   3.8364e-08   3.2318e-08   6.4005e-09   8.0164e-09
   1.6600e+02   3.4469e-08   2.7632e-08   5.6695e-09   7.3211e-09
   1.6800e+02   3.0066e-08   2.4613e-08   4.9075e-09   6.5895e-09
   1.7000e+02   2.7291e-08   2.1593e-08   4.3905e-09   6.0261e-09
   1.7200e+02   2.3969e-08   1.9938e-08   3.8023e-09   5.3261e-09
   1.7400e+02   2.0917e-08   1.6814e-08   3.3667e-09   4.8296e-09
   1.7600e+02   1.9160e-08   1.5865e-08   3.0964e-09   4.4736e-09
   1.7800e+02   1.6982e-08   1.3761e-08   2.6398e-09   4.0591e-09
   1.8000e+02   1.5113e-08   1.2485e-08   2.3615e-09   3.7130e-09
   1.8200e+02   1.3434e-08   1.1079e-08   2.1718e-09   3.4833e-09
   1.8400e+02   1.1944e-08   1.0497e-08   1.9362e-09   3.1791e-09
   1.8600e+02   1.0560e-08   8.8873e-09   1.7321e-09   3.0581e-09
   1.8800e+02   1.0658e-08   8.6372e-09   1.6665e-09   2.7067e-09
   1.9000e+02   9.4347e-09   7.4061e-09   1.4547e-09   2.6495e-09
   1.9200e+02   5.9446e-09   5.0244e-09   9.4136e-10   2.3841e-09
   1.9400e+02   5.2139e-09   4.3271e-09   8.4097e-10   2.2875e-09
   1.9600e+02   4.7196e-09   3.9161e-09   7.5030e-10   2.1219e-09
   1.9800e+02   4.0979e-09   3.4039e-09   6.7108e-10   1.9143e-09
   2.0000e+02   3.6999e-09   3.0987e-09   5.8043e-10   1.8568e-09
   2.0200e+02   3.2111e-09   2.7631e-09   5.2706e-10   1.7080e-09
   2.0400e+02   2.9480e-09   2.4703e-09   4.6445e-10   1.6189e-09
   2.0600e+02   2.5858e-09   2.1460e-09   4.2377e-10   1.5167e-09
   2.0800e+02   2.3536e-09   1.9734e-09   3.8670e-10   1.4494e-09
   2.1000e+02   2.0649e-09   1.7213e-09   3.4610e-10   1.3144e-09
   2.1200e+02   1.8645e-09   1.5664e-09   3.0992e-10   1.2696e-09
   2.1400e+02   1.6463e-09   1.3557e-09   2.7656e-10   1.1658e-09
   2.1600e+02   1.4966e-09   1.2558e-09   2.4862e-10   1.1389e-09
   2.1800e+02   1.3359e-09   1.0989e-09   2.2921e-10   1.1099e-09
   2.2000e+02   1.2019e-09   1.0053e-09   2.0387e-10   1.0339e-09
   2.2200e+02   1.0965e-09   8.9486e-10   1.9441e-10   1.0252e-09
   2.2400e+02   9.9393e-10   8.0701e-10   1.7296e-10   9.8419e-10
   2.2600e+02   9.0699e-10   7.2778e-10   1.6078e-10   9.7766e-10
   2.2800e+02   8.1741e-10   6.5708e-10   1.4561e-10   9.7197e-10
   2.3000e+02   7.5340e-10   5.8039e-10   1.3547e-10   9.5661e-10
   2.3200e+02   6.8551e-10   5.3634e-10   1.1991e-10   9.4602e-10
   2.3400e+02   6.2579e-10   4.7052e-10   1.0992e-10   9.4365e-10
   2.3600e+02   5.7206e-10   4.2716e-10   1.0201e-10   9.6156e-10
   2.3800e+02   5.3692e-10   3.8821e-10   9.4318e-11   1.0302e-09
   2.4000e+02   4.8649e-10   3.6688e-10   8.6401e-11   1.1250e-09
   2.4200e+02   4.6757e-10   3.4683e-10   8.1928e-11   1.2375e-09
   2.4400e+02   4.9548e-10   3.7116e-10   7.9438e-11   1.3536e-09
   2.4600e+02   4.9714e-10   3.6338e-10   8.0397e-11   1.5106e-09
   2.4800e+02   5.2541e-10   3.9712e-10   7.9338e-11   1.5814e-09
   2.5000e+02   5.3913e-10   3.9381e-10   7.8938e-11   1.7775e-09
   2.5200e+02   5.1492e-10   4.5595e-10   8.0808e-11   1.9922e-09
   2.5400e+02   5.3945e-10   4.4393e-10   7.8544e-11   2.4366e-09
