# The data in this file was extracted from a direct numerical
# simulation of fully developed plane turbulent channel
# flow. Particulars are listed below. Note that some of the statistical
# quantities provided in this data set should be zero due to
# (statistical) symmetries in the flow. These quantities are reported
# here none-the-less as an indicator of the quality of the statistics.
# more statistics from this data set are available at 
# http://www.tam.uiuc.edu/Faculty/Moser/channel 
#
# Authors: Moser, Kim & Mansour
# Reference: DNS of Turbulent Channel Flow up to Re_tau=590, 1999,
#            Physics of Fluids, vol 11, 943-945.
# Numerical Method: Kim, Moin & Moser, 1987, J. Fluid Mech. vol 177, 133-166 
# Re_tau = 392.24
# Normalization: U_tau, h 
# Description: Spanwise (z) One-dimensional spectra of velocity and pressure at indicated y-location 
# Filename: chan395/spectra/chan395.zspec.40 
# Date File Created: Mar 01, 2000 
#
#---End of Header---
# 
# nz = 256,  Re = 392.24,  y = 0.10133,  y+ =  39.74
#
#     k_z          E_uu         E_vv         E_ww         E_pp
#
   0.0000e+00   1.1646e-01   8.9465e-03   9.6133e-02   4.5747e-01
   2.0000e+00   3.8648e-01   2.0345e-02   2.1666e-01   7.6708e-01
   4.0000e+00   5.6546e-01   2.5541e-02   2.2221e-01   6.1482e-01
   6.0000e+00   4.5906e-01   3.2646e-02   1.9737e-01   5.2635e-01
   8.0000e+00   3.9681e-01   3.7932e-02   1.4743e-01   4.6957e-01
   1.0000e+01   4.0212e-01   5.0087e-02   1.3346e-01   4.0482e-01
   1.2000e+01   3.3983e-01   5.1710e-02   1.0919e-01   3.4090e-01
   1.4000e+01   2.8997e-01   5.0145e-02   8.8697e-02   3.0507e-01
   1.6000e+01   2.3325e-01   5.4858e-02   7.5374e-02   2.7456e-01
   1.8000e+01   2.2039e-01   5.1574e-02   5.7689e-02   2.3180e-01
   2.0000e+01   1.6407e-01   4.7515e-02   4.9319e-02   2.0365e-01
   2.2000e+01   1.4211e-01   4.4934e-02   4.2390e-02   1.7094e-01
   2.4000e+01   1.2907e-01   4.3900e-02   3.5062e-02   1.5113e-01
   2.6000e+01   1.0918e-01   3.7343e-02   2.9567e-02   1.2695e-01
   2.8000e+01   8.8356e-02   3.3092e-02   2.4716e-02   1.1024e-01
   3.0000e+01   7.7949e-02   2.9961e-02   2.0444e-02   9.3176e-02
   3.2000e+01   6.2535e-02   2.6681e-02   1.6773e-02   8.1635e-02
   3.4000e+01   5.3232e-02   2.4475e-02   1.4199e-02   7.1681e-02
   3.6000e+01   4.6770e-02   2.1192e-02   1.2381e-02   6.2433e-02
   3.8000e+01   4.0163e-02   1.8600e-02   1.0142e-02   5.1834e-02
   4.0000e+01   3.6024e-02   1.6434e-02   8.4765e-03   4.6574e-02
   4.2000e+01   3.1397e-02   1.5056e-02   7.3789e-03   4.1445e-02
   4.4000e+01   2.6827e-02   1.2452e-02   6.1429e-03   3.4813e-02
   4.6000e+01   2.3142e-02   1.1165e-02   5.2786e-03   2.9401e-02
   4.8000e+01   2.0740e-02   1.0274e-02   4.5060e-03   2.5736e-02
   5.0000e+01   1.8143e-02   8.9948e-03   3.8125e-03   2.2555e-02
   5.2000e+01   1.6654e-02   8.1321e-03   3.4255e-03   1.9599e-02
   5.4000e+01   1.3995e-02   7.1497e-03   2.9194e-03   1.6807e-02
   5.6000e+01   1.2894e-02   6.2952e-03   2.5173e-03   1.4515e-02
   5.8000e+01   1.1166e-02   5.5568e-03   2.2112e-03   1.2987e-02
   6.0000e+01   1.0377e-02   4.8173e-03   1.9194e-03   1.1204e-02
   6.2000e+01   9.2976e-03   4.2795e-03   1.6767e-03   9.6838e-03
   6.4000e+01   8.4892e-03   3.8909e-03   1.4647e-03   8.6416e-03
   6.6000e+01   7.5410e-03   3.5932e-03   1.3186e-03   7.1345e-03
   6.8000e+01   6.7179e-03   3.0804e-03   1.1162e-03   6.2623e-03
   7.0000e+01   6.0007e-03   2.6518e-03   1.0272e-03   5.5660e-03
   7.2000e+01   5.5240e-03   2.5037e-03   8.6230e-04   4.8156e-03
   7.4000e+01   5.1428e-03   2.1521e-03   7.8517e-04   4.3222e-03
   7.6000e+01   4.5438e-03   1.9946e-03   6.7801e-04   3.7211e-03
   7.8000e+01   3.9938e-03   1.7789e-03   6.0607e-04   3.1832e-03
   8.0000e+01   3.7458e-03   1.6072e-03   5.4223e-04   2.8118e-03
   8.2000e+01   3.3665e-03   1.4862e-03   4.7633e-04   2.4679e-03
   8.4000e+01   3.0832e-03   1.2800e-03   4.3389e-04   2.1508e-03
   8.6000e+01   2.7711e-03   1.1685e-03   3.8642e-04   1.8771e-03
   8.8000e+01   2.5683e-03   1.0305e-03   3.5267e-04   1.6749e-03
   9.0000e+01   2.3305e-03   9.4378e-04   3.0747e-04   1.4743e-03
   9.2000e+01   2.1083e-03   8.5830e-04   2.7617e-04   1.3005e-03
   9.4000e+01   1.9983e-03   7.6345e-04   2.5159e-04   1.1549e-03
   9.6000e+01   1.8157e-03   6.8416e-04   2.2014e-04   1.0442e-03
   9.8000e+01   1.6482e-03   6.1630e-04   2.0471e-04   9.0839e-04
   1.0000e+02   1.4946e-03   5.7963e-04   1.7834e-04   7.8582e-04
   1.0200e+02   1.3919e-03   5.1227e-04   1.6772e-04   7.0758e-04
   1.0400e+02   1.2500e-03   4.7319e-04   1.4648e-04   6.2480e-04
   1.0600e+02   1.1389e-03   4.1617e-04   1.3219e-04   5.6831e-04
   1.0800e+02   1.0845e-03   3.8917e-04   1.2061e-04   4.9673e-04
   1.1000e+02   9.7706e-04   3.4649e-04   1.0962e-04   4.4287e-04
   1.1200e+02   8.9478e-04   3.1578e-04   9.7662e-05   3.9020e-04
   1.1400e+02   8.1574e-04   2.9016e-04   8.8202e-05   3.4984e-04
   1.1600e+02   7.4652e-04   2.6147e-04   8.1219e-05   3.2875e-04
   1.1800e+02   7.0965e-04   2.3716e-04   7.3072e-05   2.8216e-04
   1.2000e+02   6.3748e-04   2.1276e-04   6.6431e-05   2.5345e-04
   1.2200e+02   5.9235e-04   1.9720e-04   6.0660e-05   2.2430e-04
   1.2400e+02   5.3742e-04   1.8210e-04   5.5933e-05   2.0174e-04
   1.2600e+02   5.0247e-04   1.6667e-04   5.1370e-05   1.8812e-04
   1.2800e+02   4.5187e-04   1.4982e-04   4.5561e-05   1.6693e-04
   1.3000e+02   4.1504e-04   1.3992e-04   4.1460e-05   1.5163e-04
   1.3200e+02   3.8912e-04   1.2908e-04   3.7851e-05   1.3632e-04
   1.3400e+02   3.5143e-04   1.1540e-04   3.4415e-05   1.2322e-04
   1.3600e+02   3.2705e-04   1.0523e-04   3.1203e-05   1.1091e-04
   1.3800e+02   3.1029e-04   9.6590e-05   2.9069e-05   1.0315e-04
   1.4000e+02   2.7935e-04   9.1530e-05   2.6641e-05   9.3525e-05
   1.4200e+02   2.6267e-04   8.1129e-05   2.3815e-05   8.6562e-05
   1.4400e+02   2.3848e-04   7.5007e-05   2.2434e-05   7.7418e-05
   1.4600e+02   2.2001e-04   6.8415e-05   2.0659e-05   7.2224e-05
   1.4800e+02   2.0885e-04   6.2497e-05   1.8449e-05   6.5243e-05
   1.5000e+02   1.9172e-04   5.7339e-05   1.6912e-05   6.1269e-05
   1.5200e+02   1.7171e-04   5.2627e-05   1.5469e-05   5.5875e-05
   1.5400e+02   1.6018e-04   4.9383e-05   1.4621e-05   5.2086e-05
   1.5600e+02   1.4785e-04   4.4862e-05   1.2990e-05   4.7402e-05
   1.5800e+02   1.4011e-04   4.1400e-05   1.2051e-05   4.4493e-05
   1.6000e+02   1.3180e-04   3.7747e-05   1.1241e-05   4.1194e-05
   1.6200e+02   1.1931e-04   3.5366e-05   1.0208e-05   3.8270e-05
   1.6400e+02   1.1220e-04   3.2724e-05   9.4936e-06   3.6249e-05
   1.6600e+02   1.0312e-04   2.9676e-05   8.6677e-06   3.3816e-05
   1.6800e+02   9.6617e-05   2.7819e-05   8.1883e-06   3.1297e-05
   1.7000e+02   9.0588e-05   2.5690e-05   7.5430e-06   3.0220e-05
   1.7200e+02   8.3171e-05   2.3491e-05   6.7874e-06   2.7469e-05
   1.7400e+02   7.7107e-05   2.1761e-05   6.4000e-06   2.6327e-05
   1.7600e+02   7.2743e-05   2.0635e-05   5.8859e-06   2.5273e-05
   1.7800e+02   6.7959e-05   1.8822e-05   5.4772e-06   2.4046e-05
   1.8000e+02   6.4434e-05   1.7437e-05   5.1981e-06   2.2850e-05
   1.8200e+02   6.1273e-05   1.6344e-05   4.7874e-06   2.2638e-05
   1.8400e+02   5.7287e-05   1.5451e-05   4.4014e-06   2.1681e-05
   1.8600e+02   5.3406e-05   1.4626e-05   4.1329e-06   2.0635e-05
   1.8800e+02   4.9413e-05   1.3295e-05   3.7864e-06   2.0199e-05
   1.9000e+02   4.6311e-05   1.2674e-05   3.5513e-06   1.9317e-05
   1.9200e+02   3.6513e-05   9.8518e-06   2.7636e-06   1.9081e-05
   1.9400e+02   3.4134e-05   9.1143e-06   2.5433e-06   1.8876e-05
   1.9600e+02   3.1271e-05   8.4420e-06   2.3492e-06   1.8966e-05
   1.9800e+02   2.9286e-05   7.8517e-06   2.1945e-06   1.8770e-05
   2.0000e+02   2.7261e-05   7.2647e-06   2.0078e-06   1.8315e-05
   2.0200e+02   2.5168e-05   6.6749e-06   1.8627e-06   1.8308e-05
   2.0400e+02   2.3236e-05   6.1506e-06   1.7391e-06   1.8884e-05
   2.0600e+02   2.1919e-05   5.8033e-06   1.6237e-06   1.8908e-05
   2.0800e+02   2.0550e-05   5.4209e-06   1.5228e-06   1.9236e-05
   2.1000e+02   1.9336e-05   5.1132e-06   1.4092e-06   1.9556e-05
   2.1200e+02   1.8117e-05   4.6906e-06   1.3084e-06   2.0226e-05
   2.1400e+02   1.6762e-05   4.4415e-06   1.1935e-06   2.0737e-05
   2.1600e+02   1.6009e-05   4.2247e-06   1.1494e-06   2.1803e-05
   2.1800e+02   1.4596e-05   3.8389e-06   1.0748e-06   2.2461e-05
   2.2000e+02   1.4151e-05   3.6270e-06   1.0072e-06   2.3818e-05
   2.2200e+02   1.3389e-05   3.4730e-06   9.3827e-07   2.4997e-05
   2.2400e+02   1.2445e-05   3.2826e-06   8.8855e-07   2.6767e-05
   2.2600e+02   1.2025e-05   3.2067e-06   8.4928e-07   2.8473e-05
   2.2800e+02   1.1808e-05   3.0311e-06   8.0891e-07   3.0456e-05
   2.3000e+02   1.1253e-05   2.8773e-06   7.7856e-07   3.2060e-05
   2.3200e+02   1.1008e-05   2.8237e-06   7.5959e-07   3.4922e-05
   2.3400e+02   1.0632e-05   2.7614e-06   7.2542e-07   3.9165e-05
   2.3600e+02   1.0294e-05   2.7269e-06   7.0305e-07   4.2758e-05
   2.3800e+02   1.0210e-05   2.6139e-06   6.7689e-07   4.5886e-05
   2.4000e+02   1.0049e-05   2.6556e-06   6.6258e-07   5.0215e-05
   2.4200e+02   1.0150e-05   2.6231e-06   6.5670e-07   5.5680e-05
   2.4400e+02   1.0267e-05   2.6742e-06   6.6153e-07   6.1592e-05
   2.4600e+02   1.0416e-05   2.6634e-06   6.5113e-07   6.7374e-05
   2.4800e+02   1.0458e-05   2.6946e-06   6.5061e-07   7.5189e-05
   2.5000e+02   1.0514e-05   2.7829e-06   6.3688e-07   8.4868e-05
   2.5200e+02   1.0429e-05   2.7745e-06   6.1557e-07   8.9684e-05
   2.5400e+02   1.0242e-05   2.6540e-06   5.9061e-07   9.7957e-05
