# The data in this file was extracted from a direct numerical
# simulation of fully developed plane turbulent channel
# flow. Particulars are listed below. Note that some of the statistical
# quantities provided in this data set should be zero due to
# (statistical) symmetries in the flow. These quantities are reported
# here none-the-less as an indicator of the quality of the statistics.
# more statistics from this data set are available at 
# http://www.tam.uiuc.edu/Faculty/Moser/channel 
#
# Authors: Moser, Kim & Mansour
# Reference: DNS of Turbulent Channel Flow up to Re_tau=590, 1999,
#            Physics of Fluids, vol 11, 943-945.
# Numerical Method: Kim, Moin & Moser, 1987, J. Fluid Mech. vol 177, 133-166 
# Re_tau = 392.24
# Normalization: U_tau, h 
# Description: Spanwise (z) One-dimensional spectra of velocity and pressure at indicated y-location 
# Filename: chan395/spectra/chan395.zspec.20 
# Date File Created: Mar 01, 2000 
#
#---End of Header---
# 
# nz = 256,  Re = 392.24,  y = 0.05047,  y+ =  19.80
#
#     k_z          E_uu         E_vv         E_ww         E_pp
#
   0.0000e+00   9.8303e-02   2.4469e-03   5.8505e-02   4.1630e-01
   2.0000e+00   3.3234e-01   4.8036e-03   1.3077e-01   7.0456e-01
   4.0000e+00   5.3416e-01   5.7808e-03   1.5614e-01   5.5391e-01
   6.0000e+00   4.7663e-01   7.1052e-03   1.5227e-01   4.8656e-01
   8.0000e+00   4.6391e-01   8.8430e-03   1.2378e-01   4.1828e-01
   1.0000e+01   5.3914e-01   1.1499e-02   1.2464e-01   3.7211e-01
   1.2000e+01   5.1872e-01   1.3557e-02   1.0705e-01   3.3400e-01
   1.4000e+01   4.9000e-01   1.5220e-02   8.9253e-02   2.9450e-01
   1.6000e+01   4.1815e-01   1.7100e-02   8.0836e-02   2.7359e-01
   1.8000e+01   4.4031e-01   1.9316e-02   7.1583e-02   2.3449e-01
   2.0000e+01   3.4860e-01   1.9674e-02   5.9045e-02   2.0158e-01
   2.2000e+01   3.3455e-01   2.0490e-02   5.0561e-02   1.7806e-01
   2.4000e+01   2.6892e-01   2.1024e-02   4.2991e-02   1.5787e-01
   2.6000e+01   2.4404e-01   2.0435e-02   3.5993e-02   1.3942e-01
   2.8000e+01   1.9472e-01   1.8387e-02   2.9085e-02   1.2059e-01
   3.0000e+01   1.7281e-01   1.8534e-02   2.4416e-02   1.0758e-01
   3.2000e+01   1.4436e-01   1.7501e-02   2.1260e-02   8.9338e-02
   3.4000e+01   1.2536e-01   1.6179e-02   1.7873e-02   8.3025e-02
   3.6000e+01   1.1288e-01   1.5240e-02   1.5087e-02   7.3325e-02
   3.8000e+01   9.7790e-02   1.3486e-02   1.2498e-02   6.3827e-02
   4.0000e+01   8.0010e-02   1.2630e-02   1.1149e-02   5.6599e-02
   4.2000e+01   7.4323e-02   1.1823e-02   9.4190e-03   4.9354e-02
   4.4000e+01   6.1456e-02   1.0534e-02   8.0639e-03   4.4162e-02
   4.6000e+01   5.2354e-02   9.3953e-03   6.9476e-03   3.7285e-02
   4.8000e+01   4.8795e-02   8.5821e-03   6.2429e-03   3.2931e-02
   5.0000e+01   4.3362e-02   7.8749e-03   5.3405e-03   3.0957e-02
   5.2000e+01   3.6198e-02   7.6041e-03   4.5566e-03   2.5963e-02
   5.4000e+01   3.5840e-02   6.6474e-03   3.9630e-03   2.2838e-02
   5.6000e+01   2.9288e-02   6.0746e-03   3.4024e-03   2.0796e-02
   5.8000e+01   2.6162e-02   5.5334e-03   3.0127e-03   1.8660e-02
   6.0000e+01   2.3276e-02   5.0403e-03   2.6482e-03   1.6156e-02
   6.2000e+01   2.0463e-02   4.7419e-03   2.3001e-03   1.4608e-02
   6.4000e+01   1.8918e-02   4.1652e-03   2.0130e-03   1.2853e-02
   6.6000e+01   1.6542e-02   3.6511e-03   1.7939e-03   1.1173e-02
   6.8000e+01   1.5282e-02   3.3607e-03   1.5591e-03   1.0457e-02
   7.0000e+01   1.3709e-02   3.0635e-03   1.3454e-03   9.0949e-03
   7.2000e+01   1.1719e-02   2.7579e-03   1.2042e-03   8.1201e-03
   7.4000e+01   1.1235e-02   2.5201e-03   1.0651e-03   6.8549e-03
   7.6000e+01   1.0011e-02   2.2956e-03   9.4168e-04   6.4582e-03
   7.8000e+01   8.9128e-03   2.1287e-03   8.5759e-04   5.7052e-03
   8.0000e+01   8.1416e-03   1.8831e-03   7.5075e-04   4.9006e-03
   8.2000e+01   7.2413e-03   1.7205e-03   6.6083e-04   4.5179e-03
   8.4000e+01   6.6434e-03   1.5155e-03   5.8900e-04   4.0023e-03
   8.6000e+01   6.0115e-03   1.3814e-03   5.1536e-04   3.5668e-03
   8.8000e+01   5.4928e-03   1.2654e-03   4.7353e-04   3.1094e-03
   9.0000e+01   5.2250e-03   1.2100e-03   4.2403e-04   2.8181e-03
   9.2000e+01   4.4148e-03   1.1000e-03   3.7392e-04   2.4780e-03
   9.4000e+01   4.1366e-03   9.7476e-04   3.3885e-04   2.2231e-03
   9.6000e+01   3.6890e-03   8.7514e-04   2.9775e-04   2.0052e-03
   9.8000e+01   3.6127e-03   7.9240e-04   2.7316e-04   1.8038e-03
   1.0000e+02   3.0837e-03   7.2200e-04   2.4553e-04   1.5877e-03
   1.0200e+02   2.8646e-03   6.7906e-04   2.1990e-04   1.4101e-03
   1.0400e+02   2.5507e-03   5.9902e-04   1.9416e-04   1.2644e-03
   1.0600e+02   2.4240e-03   5.5866e-04   1.7438e-04   1.1151e-03
   1.0800e+02   2.2145e-03   5.0402e-04   1.5760e-04   1.0087e-03
   1.1000e+02   2.0181e-03   4.5796e-04   1.4174e-04   9.1278e-04
   1.1200e+02   1.8170e-03   4.1229e-04   1.2691e-04   8.2391e-04
   1.1400e+02   1.6552e-03   3.7399e-04   1.1619e-04   7.1825e-04
   1.1600e+02   1.5370e-03   3.4886e-04   1.0319e-04   6.4057e-04
   1.1800e+02   1.4046e-03   3.1227e-04   9.3830e-05   5.9658e-04
   1.2000e+02   1.3343e-03   2.9956e-04   8.7375e-05   5.2647e-04
   1.2200e+02   1.2199e-03   2.6247e-04   7.8501e-05   4.8535e-04
   1.2400e+02   1.0939e-03   2.3537e-04   7.0480e-05   4.2622e-04
   1.2600e+02   1.0304e-03   2.1078e-04   6.4014e-05   3.7887e-04
   1.2800e+02   9.4445e-04   1.9667e-04   5.8168e-05   3.4084e-04
   1.3000e+02   8.9461e-04   1.8462e-04   5.3129e-05   3.1422e-04
   1.3200e+02   7.5822e-04   1.6715e-04   4.7978e-05   2.7485e-04
   1.3400e+02   7.3164e-04   1.5632e-04   4.4965e-05   2.4979e-04
   1.3600e+02   6.8071e-04   1.3881e-04   3.9396e-05   2.2466e-04
   1.3800e+02   6.1050e-04   1.2901e-04   3.5616e-05   2.0613e-04
   1.4000e+02   5.5676e-04   1.1528e-04   3.2848e-05   1.8324e-04
   1.4200e+02   5.2650e-04   1.0787e-04   3.0119e-05   1.6512e-04
   1.4400e+02   4.7281e-04   9.8047e-05   2.7026e-05   1.5305e-04
   1.4600e+02   4.4619e-04   9.1003e-05   2.4812e-05   1.3605e-04
   1.4800e+02   4.2177e-04   8.2492e-05   2.3130e-05   1.2518e-04
   1.5000e+02   3.8939e-04   7.3308e-05   2.1182e-05   1.1365e-04
   1.5200e+02   3.5846e-04   6.8662e-05   1.9547e-05   1.0591e-04
   1.5400e+02   3.2302e-04   6.4612e-05   1.7485e-05   9.6230e-05
   1.5600e+02   3.0540e-04   5.8872e-05   1.5839e-05   9.0159e-05
   1.5800e+02   2.7939e-04   5.4041e-05   1.4524e-05   7.9794e-05
   1.6000e+02   2.6068e-04   5.0461e-05   1.3319e-05   7.3421e-05
   1.6200e+02   2.4345e-04   4.5724e-05   1.2740e-05   6.7708e-05
   1.6400e+02   2.2636e-04   4.2079e-05   1.1703e-05   6.2773e-05
   1.6600e+02   2.0707e-04   3.8937e-05   1.0731e-05   5.6958e-05
   1.6800e+02   1.8892e-04   3.6085e-05   9.6083e-06   5.3044e-05
   1.7000e+02   1.7669e-04   3.4418e-05   9.1508e-06   5.0471e-05
   1.7200e+02   1.6961e-04   3.0697e-05   8.3340e-06   4.6986e-05
   1.7400e+02   1.5160e-04   2.8590e-05   7.7440e-06   4.3720e-05
   1.7600e+02   1.4405e-04   2.6054e-05   6.9680e-06   4.1949e-05
   1.7800e+02   1.3580e-04   2.5126e-05   6.6973e-06   3.9785e-05
   1.8000e+02   1.2410e-04   2.3352e-05   6.0841e-06   3.7594e-05
   1.8200e+02   1.1840e-04   2.1912e-05   5.5730e-06   3.6234e-05
   1.8400e+02   1.1120e-04   1.9619e-05   5.2335e-06   3.5083e-05
   1.8600e+02   1.0092e-04   1.8512e-05   4.7540e-06   3.4327e-05
   1.8800e+02   9.2156e-05   1.7122e-05   4.3014e-06   3.3132e-05
   1.9000e+02   8.7762e-05   1.5847e-05   4.1460e-06   3.3196e-05
   1.9200e+02   7.0220e-05   1.2668e-05   3.3353e-06   3.3529e-05
   1.9400e+02   6.3796e-05   1.1735e-05   2.9924e-06   3.2949e-05
   1.9600e+02   5.7876e-05   1.0849e-05   2.7668e-06   3.2566e-05
   1.9800e+02   5.5140e-05   1.0083e-05   2.5828e-06   3.3816e-05
   2.0000e+02   5.2267e-05   9.3274e-06   2.3840e-06   3.4266e-05
   2.0200e+02   4.8362e-05   8.5380e-06   2.2341e-06   3.5230e-05
   2.0400e+02   4.4836e-05   7.9686e-06   2.0444e-06   3.5960e-05
   2.0600e+02   4.0879e-05   7.5158e-06   1.8953e-06   3.8365e-05
   2.0800e+02   3.9595e-05   6.7715e-06   1.7959e-06   3.9379e-05
   2.1000e+02   3.6219e-05   6.4180e-06   1.6451e-06   4.0925e-05
   2.1200e+02   3.4722e-05   5.9011e-06   1.5476e-06   4.3952e-05
   2.1400e+02   3.1725e-05   5.6199e-06   1.4235e-06   4.6061e-05
   2.1600e+02   2.9898e-05   5.2706e-06   1.3468e-06   4.9799e-05
   2.1800e+02   2.8721e-05   4.9563e-06   1.2569e-06   5.1543e-05
   2.2000e+02   2.6530e-05   4.6824e-06   1.1665e-06   5.6967e-05
   2.2200e+02   2.5118e-05   4.3207e-06   1.1450e-06   6.2303e-05
   2.2400e+02   2.4429e-05   4.2016e-06   1.0956e-06   6.8835e-05
   2.2600e+02   2.2807e-05   3.9286e-06   1.0286e-06   7.3836e-05
   2.2800e+02   2.1468e-05   3.8268e-06   9.8158e-07   8.0087e-05
   2.3000e+02   2.1293e-05   3.6578e-06   9.3398e-07   8.7953e-05
   2.3200e+02   2.0758e-05   3.5894e-06   9.0845e-07   9.5932e-05
   2.3400e+02   2.0192e-05   3.5256e-06   8.7739e-07   1.0648e-04
   2.3600e+02   1.9165e-05   3.4533e-06   8.5498e-07   1.1731e-04
   2.3800e+02   1.9536e-05   3.3278e-06   8.4841e-07   1.3132e-04
   2.4000e+02   1.8856e-05   3.2483e-06   8.3187e-07   1.4741e-04
   2.4200e+02   1.8950e-05   3.2731e-06   8.1073e-07   1.5975e-04
   2.4400e+02   1.8743e-05   3.1621e-06   8.0156e-07   1.7425e-04
   2.4600e+02   1.8837e-05   3.1827e-06   7.7281e-07   1.8986e-04
   2.4800e+02   1.8422e-05   3.0793e-06   7.3434e-07   2.0883e-04
   2.5000e+02   1.7284e-05   2.9637e-06   6.8795e-07   2.1787e-04
   2.5200e+02   1.6712e-05   2.7375e-06   6.4402e-07   2.4155e-04
   2.5400e+02   1.5898e-05   2.6011e-06   6.1215e-07   2.5364e-04
