# The data in this file was extracted from a direct numerical
# simulation of fully developed plane turbulent channel
# flow. Particulars are listed below. Note that some of the statistical
# quantities provided in this data set should be zero due to
# (statistical) symmetries in the flow. These quantities are reported
# here none-the-less as an indicator of the quality of the statistics.
# more statistics from this data set are available at 
# http://www.tam.uiuc.edu/Faculty/Moser/channel 
#
# Authors: Moser, Kim & Mansour
# Reference: DNS of Turbulent Channel Flow up to Re_tau=590, 1999,
#            Physics of Fluids, vol 11, 943-945.
# Numerical Method: Kim, Moin & Moser, 1987, J. Fluid Mech. vol 177, 133-166 
# Re_tau = 392.24
# Normalization: U_tau, h 
# Description: Streamwise (x) One-dimensional spectra of velocity and pressure at indicated y-location 
# Filename: chan395/spectra/chan395.xspec.199 
# Date File Created: Mar 01, 2000 
#
#---End of Header---
# 
# nx = 256,  Re = 392.24,  y = 0.50710,  y+ = 198.91
#
#     k_x          E_uu         E_vv         E_ww         E_pp
#
   0.0000e+00   4.8657e-01   2.9670e-02   2.1764e-02   5.1486e-02
   1.0000e+00   4.1626e-01   6.6791e-02   7.2691e-02   1.6373e-01
   2.0000e+00   2.2436e-01   6.1738e-02   1.0161e-01   1.9953e-01
   3.0000e+00   1.6021e-01   6.2785e-02   9.4700e-02   2.2105e-01
   4.0000e+00   1.0177e-01   5.1497e-02   7.4003e-02   1.8702e-01
   5.0000e+00   7.3477e-02   5.0922e-02   7.1219e-02   1.8901e-01
   6.0000e+00   5.4183e-02   4.1565e-02   5.7846e-02   1.3069e-01
   7.0000e+00   4.0483e-02   3.8385e-02   4.9365e-02   1.1972e-01
   8.0000e+00   3.3520e-02   3.1868e-02   4.3608e-02   1.1204e-01
   9.0000e+00   2.6753e-02   2.7123e-02   3.5665e-02   8.6907e-02
   1.0000e+01   2.1395e-02   2.5030e-02   3.3165e-02   7.0840e-02
   1.1000e+01   1.7439e-02   2.1295e-02   2.5211e-02   5.9854e-02
   1.2000e+01   1.4216e-02   1.9200e-02   2.2113e-02   5.8067e-02
   1.3000e+01   1.1916e-02   1.6245e-02   2.0614e-02   4.8793e-02
   1.4000e+01   1.0392e-02   1.4922e-02   1.6820e-02   4.0024e-02
   1.5000e+01   8.5662e-03   1.2659e-02   1.5068e-02   3.3770e-02
   1.6000e+01   7.3460e-03   1.0553e-02   1.3790e-02   2.8655e-02
   1.7000e+01   6.0538e-03   9.8362e-03   1.0964e-02   2.6918e-02
   1.8000e+01   5.3678e-03   8.7887e-03   1.0229e-02   2.2821e-02
   1.9000e+01   4.6984e-03   7.4484e-03   8.7000e-03   1.8280e-02
   2.0000e+01   3.8995e-03   7.0078e-03   7.6703e-03   1.6876e-02
   2.1000e+01   3.4625e-03   6.1848e-03   6.4385e-03   1.4569e-02
   2.2000e+01   2.8386e-03   5.2243e-03   5.7405e-03   1.1557e-02
   2.3000e+01   2.6537e-03   4.7264e-03   5.3351e-03   1.0813e-02
   2.4000e+01   2.3300e-03   4.2998e-03   4.4996e-03   9.6048e-03
   2.5000e+01   2.0769e-03   3.7123e-03   4.5167e-03   7.9353e-03
   2.6000e+01   1.8100e-03   3.3996e-03   3.7973e-03   7.2421e-03
   2.7000e+01   1.5574e-03   2.9246e-03   3.1844e-03   6.4397e-03
   2.8000e+01   1.3472e-03   2.6802e-03   3.0484e-03   5.4839e-03
   2.9000e+01   1.2424e-03   2.4173e-03   2.5274e-03   4.9350e-03
   3.0000e+01   1.1061e-03   2.1008e-03   2.3501e-03   4.1842e-03
   3.1000e+01   9.7052e-04   2.0254e-03   2.0985e-03   3.9040e-03
   3.2000e+01   8.9455e-04   1.6931e-03   1.9093e-03   3.2035e-03
   3.3000e+01   7.8866e-04   1.5593e-03   1.6363e-03   2.8977e-03
   3.4000e+01   6.9335e-04   1.3466e-03   1.5567e-03   2.4873e-03
   3.5000e+01   6.2864e-04   1.2479e-03   1.3785e-03   2.1214e-03
   3.6000e+01   5.3939e-04   1.1687e-03   1.2226e-03   1.9914e-03
   3.7000e+01   4.8088e-04   1.0642e-03   1.1004e-03   1.8000e-03
   3.8000e+01   4.4195e-04   9.7525e-04   1.0099e-03   1.5685e-03
   3.9000e+01   4.0354e-04   8.7228e-04   9.4254e-04   1.3778e-03
   4.0000e+01   3.7755e-04   7.6738e-04   8.2025e-04   1.2333e-03
   4.1000e+01   3.1774e-04   7.3166e-04   7.3502e-04   1.1238e-03
   4.2000e+01   2.9220e-04   6.5094e-04   6.7725e-04   9.7813e-04
   4.3000e+01   2.6634e-04   6.0117e-04   5.9141e-04   9.1416e-04
   4.4000e+01   2.3757e-04   5.3283e-04   5.4784e-04   7.9838e-04
   4.5000e+01   2.1819e-04   4.9039e-04   4.9591e-04   7.3275e-04
   4.6000e+01   1.9299e-04   4.4310e-04   4.5335e-04   6.1867e-04
   4.7000e+01   1.7711e-04   4.0725e-04   4.1616e-04   5.6950e-04
   4.8000e+01   1.6329e-04   3.5429e-04   3.8409e-04   5.2533e-04
   4.9000e+01   1.5418e-04   3.4443e-04   3.5906e-04   4.5849e-04
   5.0000e+01   1.2838e-04   3.0862e-04   3.1128e-04   4.1415e-04
   5.1000e+01   1.2152e-04   2.8382e-04   2.9426e-04   3.7275e-04
   5.2000e+01   1.0775e-04   2.5852e-04   2.7257e-04   3.3287e-04
   5.3000e+01   9.9828e-05   2.4117e-04   2.4755e-04   3.0486e-04
   5.4000e+01   8.8579e-05   2.1950e-04   2.2887e-04   2.7454e-04
   5.5000e+01   8.2028e-05   1.9907e-04   2.0609e-04   2.3721e-04
   5.6000e+01   7.5802e-05   1.8319e-04   1.9130e-04   2.0932e-04
   5.7000e+01   6.7966e-05   1.7757e-04   1.6924e-04   2.0433e-04
   5.8000e+01   6.1616e-05   1.5868e-04   1.5571e-04   1.7512e-04
   5.9000e+01   5.9132e-05   1.4532e-04   1.4089e-04   1.6503e-04
   6.0000e+01   5.2981e-05   1.2911e-04   1.3342e-04   1.4201e-04
   6.1000e+01   4.7600e-05   1.2310e-04   1.2205e-04   1.3471e-04
   6.2000e+01   4.3848e-05   1.0875e-04   1.1029e-04   1.1671e-04
   6.3000e+01   4.1197e-05   1.0045e-04   1.0267e-04   1.0782e-04
   6.4000e+01   3.7523e-05   9.5515e-05   9.5832e-05   9.8332e-05
   6.5000e+01   3.3513e-05   8.6987e-05   8.9900e-05   8.4599e-05
   6.6000e+01   3.0226e-05   8.0504e-05   8.0342e-05   7.7300e-05
   6.7000e+01   2.9021e-05   7.1829e-05   7.4834e-05   7.3143e-05
   6.8000e+01   2.6269e-05   6.5697e-05   7.0155e-05   6.3812e-05
   6.9000e+01   2.3382e-05   6.4093e-05   6.5127e-05   5.9423e-05
   7.0000e+01   2.2606e-05   5.8789e-05   5.9372e-05   5.3487e-05
   7.1000e+01   2.0521e-05   5.3393e-05   5.3540e-05   5.0674e-05
   7.2000e+01   1.8975e-05   5.0677e-05   4.8659e-05   4.6093e-05
   7.3000e+01   1.7291e-05   4.6517e-05   4.5971e-05   4.1676e-05
   7.4000e+01   1.5869e-05   4.2455e-05   4.2839e-05   3.6992e-05
   7.5000e+01   1.4572e-05   3.8892e-05   3.8990e-05   3.4597e-05
   7.6000e+01   1.3336e-05   3.6193e-05   3.6737e-05   3.1343e-05
   7.7000e+01   1.2302e-05   3.3144e-05   3.5775e-05   2.9091e-05
   7.8000e+01   1.1548e-05   3.0941e-05   3.0028e-05   2.6599e-05
   7.9000e+01   1.0706e-05   2.8153e-05   2.8590e-05   2.3696e-05
   8.0000e+01   9.5942e-06   2.6351e-05   2.7187e-05   2.1211e-05
   8.1000e+01   9.1246e-06   2.4264e-05   2.5497e-05   1.9131e-05
   8.2000e+01   8.4580e-06   2.1933e-05   2.3682e-05   1.8596e-05
   8.3000e+01   7.9635e-06   2.1418e-05   2.1687e-05   1.6772e-05
   8.4000e+01   6.9290e-06   1.9778e-05   2.0105e-05   1.5149e-05
   8.5000e+01   6.6019e-06   1.8162e-05   1.8596e-05   1.3865e-05
   8.6000e+01   6.0806e-06   1.6724e-05   1.7374e-05   1.2581e-05
   8.7000e+01   5.5665e-06   1.5702e-05   1.5764e-05   1.2331e-05
   8.8000e+01   5.2398e-06   1.4683e-05   1.5233e-05   1.0705e-05
   8.9000e+01   4.7570e-06   1.3948e-05   1.4388e-05   1.0091e-05
   9.0000e+01   4.4045e-06   1.2273e-05   1.3411e-05   9.2380e-06
   9.1000e+01   4.0697e-06   1.2206e-05   1.2513e-05   8.3645e-06
   9.2000e+01   3.8970e-06   1.0966e-05   1.0941e-05   7.8319e-06
   9.3000e+01   3.5378e-06   9.8937e-06   1.0572e-05   7.2514e-06
   9.4000e+01   3.3736e-06   9.6482e-06   9.7669e-06   6.6668e-06
   9.5000e+01   3.1058e-06   8.8713e-06   9.3823e-06   6.2042e-06
   9.6000e+01   2.9067e-06   8.4210e-06   8.8405e-06   5.8234e-06
   9.7000e+01   2.6703e-06   7.6870e-06   7.9214e-06   5.4709e-06
   9.8000e+01   2.5266e-06   7.0259e-06   7.6314e-06   5.1886e-06
   9.9000e+01   2.3794e-06   6.7433e-06   7.1805e-06   4.8519e-06
   1.0000e+02   2.1765e-06   6.0992e-06   6.9138e-06   4.6025e-06
   1.0100e+02   2.0419e-06   5.8369e-06   6.2998e-06   4.4289e-06
   1.0200e+02   1.8931e-06   5.4958e-06   5.8533e-06   4.1503e-06
   1.0300e+02   1.7994e-06   5.0779e-06   5.6335e-06   4.0888e-06
   1.0400e+02   1.6621e-06   4.9066e-06   5.2397e-06   3.8089e-06
   1.0500e+02   1.5442e-06   4.5277e-06   4.8483e-06   3.7252e-06
   1.0600e+02   1.4734e-06   4.1992e-06   4.5946e-06   3.6959e-06
   1.0700e+02   1.3808e-06   4.0305e-06   4.2385e-06   3.4989e-06
   1.0800e+02   1.2987e-06   3.8646e-06   4.0511e-06   3.5777e-06
   1.0900e+02   1.1992e-06   3.4230e-06   3.7771e-06   3.5378e-06
   1.1000e+02   1.1625e-06   3.3462e-06   3.6652e-06   3.5265e-06
   1.1100e+02   1.1098e-06   3.3073e-06   3.5550e-06   3.5888e-06
   1.1200e+02   1.0494e-06   3.0429e-06   3.2388e-06   3.5624e-06
   1.1300e+02   1.0083e-06   2.9231e-06   3.1480e-06   3.7663e-06
   1.1400e+02   9.1595e-07   2.7161e-06   3.0377e-06   3.9200e-06
   1.1500e+02   8.8185e-07   2.6157e-06   2.8675e-06   4.1363e-06
   1.1600e+02   8.8704e-07   2.5375e-06   2.8587e-06   4.3161e-06
   1.1700e+02   8.4279e-07   2.5395e-06   2.7222e-06   4.3146e-06
   1.1800e+02   8.1319e-07   2.3903e-06   2.6708e-06   4.6908e-06
   1.1900e+02   8.0819e-07   2.3042e-06   2.4909e-06   5.0202e-06
   1.2000e+02   7.5107e-07   2.3074e-06   2.4672e-06   5.2066e-06
   1.2100e+02   7.6714e-07   2.2563e-06   2.5749e-06   5.7588e-06
   1.2200e+02   7.7611e-07   2.2164e-06   2.4350e-06   6.0181e-06
   1.2300e+02   7.6152e-07   2.1859e-06   2.4397e-06   6.4740e-06
   1.2400e+02   7.3530e-07   2.2394e-06   2.4594e-06   7.1821e-06
   1.2500e+02   7.4207e-07   2.2985e-06   2.5408e-06   7.7320e-06
   1.2600e+02   7.2646e-07   2.2832e-06   2.4422e-06   8.1256e-06
   1.2700e+02   6.9297e-07   2.2966e-06   2.3984e-06   9.0783e-06
