# The data in this file was extracted from a direct numerical
# simulation of fully developed plane turbulent channel
# flow. Particulars are listed below. Note that some of the statistical
# quantities provided in this data set should be zero due to
# (statistical) symmetries in the flow. These quantities are reported
# here none-the-less as an indicator of the quality of the statistics.
# more statistics from this data set are available at 
# http://www.tam.uiuc.edu/Faculty/Moser/channel 
#
# Authors: Moser, Kim & Mansour
# Reference: DNS of Turbulent Channel Flow up to Re_tau=590, 1999,
#            Physics of Fluids, vol 11, 943-945.
# Numerical Method: Kim, Moin & Moser, 1987, J. Fluid Mech. vol 177, 133-166 
# Re_tau = 392.24
# Normalization: U_tau, h 
# Description: Spanwise (z) One-dimensional spectra of velocity and pressure at indicated y-location 
# Filename: chan395/spectra/chan395.zspec.30 
# Date File Created: Mar 01, 2000 
#
#---End of Header---
# 
# nz = 256,  Re = 392.24,  y = 0.07612,  y+ =  29.86
#
#     k_z          E_uu         E_vv         E_ww         E_pp
#
   0.0000e+00   1.1303e-01   5.3889e-03   8.1596e-02   4.3707e-01
   2.0000e+00   3.7539e-01   1.1720e-02   1.8175e-01   7.4594e-01
   4.0000e+00   5.6621e-01   1.4434e-02   2.0115e-01   5.9730e-01
   6.0000e+00   4.7583e-01   1.8355e-02   1.8533e-01   5.2050e-01
   8.0000e+00   4.4305e-01   2.2501e-02   1.4282e-01   4.5976e-01
   1.0000e+01   4.6963e-01   2.9650e-02   1.4153e-01   4.0708e-01
   1.2000e+01   4.0860e-01   3.2917e-02   1.1079e-01   3.5116e-01
   1.4000e+01   3.7025e-01   3.4110e-02   9.0525e-02   3.1489e-01
   1.6000e+01   3.1009e-01   3.7698e-02   7.9162e-02   2.9156e-01
   1.8000e+01   3.0723e-01   3.8900e-02   6.3397e-02   2.4555e-01
   2.0000e+01   2.3708e-01   3.7282e-02   5.2988e-02   2.1400e-01
   2.2000e+01   2.0871e-01   3.6256e-02   4.6414e-02   1.8344e-01
   2.4000e+01   1.8262e-01   3.6962e-02   3.7519e-02   1.6363e-01
   2.6000e+01   1.5959e-01   3.2846e-02   3.3061e-02   1.4005e-01
   2.8000e+01   1.3079e-01   2.8870e-02   2.7543e-02   1.2280e-01
   3.0000e+01   1.1548e-01   2.7728e-02   2.2844e-02   1.0584e-01
   3.2000e+01   9.4022e-02   2.5284e-02   1.9331e-02   9.1551e-02
   3.4000e+01   8.0228e-02   2.3127e-02   1.6215e-02   8.2647e-02
   3.6000e+01   7.1787e-02   2.0439e-02   1.4095e-02   7.3495e-02
   3.8000e+01   6.2324e-02   1.8008e-02   1.1769e-02   6.2335e-02
   4.0000e+01   5.4197e-02   1.6465e-02   9.9195e-03   5.5431e-02
   4.2000e+01   4.7595e-02   1.5295e-02   8.5953e-03   4.8954e-02
   4.4000e+01   3.9730e-02   1.2918e-02   7.1655e-03   4.2258e-02
   4.6000e+01   3.5339e-02   1.1643e-02   6.2178e-03   3.5244e-02
   4.8000e+01   3.3059e-02   1.0713e-02   5.2478e-03   3.0837e-02
   5.0000e+01   2.9270e-02   9.4810e-03   4.6924e-03   2.8851e-02
   5.2000e+01   2.5287e-02   8.8382e-03   4.0096e-03   2.4415e-02
   5.4000e+01   2.2154e-02   7.9121e-03   3.3988e-03   2.1255e-02
   5.6000e+01   1.9746e-02   6.8797e-03   3.0539e-03   1.8896e-02
   5.8000e+01   1.6953e-02   6.3182e-03   2.6142e-03   1.6980e-02
   6.0000e+01   1.5751e-02   5.5227e-03   2.3189e-03   1.4559e-02
   6.2000e+01   1.3995e-02   5.0803e-03   1.9816e-03   1.2848e-02
   6.4000e+01   1.2620e-02   4.4864e-03   1.7858e-03   1.1609e-02
   6.6000e+01   1.1880e-02   4.0853e-03   1.5345e-03   9.5868e-03
   6.8000e+01   1.0060e-02   3.5600e-03   1.3411e-03   8.8714e-03
   7.0000e+01   9.4509e-03   3.1597e-03   1.1906e-03   7.7238e-03
   7.2000e+01   8.5609e-03   2.8297e-03   1.0598e-03   6.7435e-03
   7.4000e+01   7.7865e-03   2.5968e-03   9.5425e-04   5.8680e-03
   7.6000e+01   6.8391e-03   2.3463e-03   8.1524e-04   5.2881e-03
   7.8000e+01   6.2579e-03   2.1354e-03   7.3935e-04   4.6535e-03
   8.0000e+01   5.7214e-03   1.9070e-03   6.5247e-04   3.9960e-03
   8.2000e+01   5.2354e-03   1.7342e-03   6.0103e-04   3.5947e-03
   8.4000e+01   4.7685e-03   1.5005e-03   5.2346e-04   3.1859e-03
   8.6000e+01   4.2889e-03   1.3992e-03   4.6132e-04   2.7803e-03
   8.8000e+01   3.9715e-03   1.2862e-03   4.1508e-04   2.4123e-03
   9.0000e+01   3.6125e-03   1.2074e-03   3.7899e-04   2.1791e-03
   9.2000e+01   3.2190e-03   1.0586e-03   3.4087e-04   1.9365e-03
   9.4000e+01   3.0116e-03   9.3857e-04   3.0556e-04   1.7459e-03
   9.6000e+01   2.7040e-03   8.3190e-04   2.7174e-04   1.5778e-03
   9.8000e+01   2.5279e-03   7.9387e-04   2.4351e-04   1.3702e-03
   1.0000e+02   2.3409e-03   7.1324e-04   2.1641e-04   1.1900e-03
   1.0200e+02   2.1049e-03   6.4925e-04   1.9842e-04   1.0446e-03
   1.0400e+02   1.8925e-03   5.8896e-04   1.7303e-04   9.3031e-04
   1.0600e+02   1.7449e-03   5.2084e-04   1.6148e-04   8.4281e-04
   1.0800e+02   1.7009e-03   4.9491e-04   1.4734e-04   7.4388e-04
   1.1000e+02   1.4776e-03   4.3786e-04   1.3121e-04   6.6028e-04
   1.1200e+02   1.3908e-03   3.9479e-04   1.1626e-04   5.9300e-04
   1.1400e+02   1.2433e-03   3.7027e-04   1.1080e-04   5.4098e-04
   1.1600e+02   1.1524e-03   3.2944e-04   9.6252e-05   4.8524e-04
   1.1800e+02   1.0752e-03   2.9906e-04   8.8076e-05   4.2716e-04
   1.2000e+02   1.0203e-03   2.7563e-04   8.1063e-05   3.8519e-04
   1.2200e+02   9.2264e-04   2.5091e-04   7.4843e-05   3.4695e-04
   1.2400e+02   8.4536e-04   2.3281e-04   6.6742e-05   3.1147e-04
   1.2600e+02   7.5844e-04   2.1358e-04   6.0216e-05   2.8041e-04
   1.2800e+02   7.2983e-04   1.8645e-04   5.5080e-05   2.5025e-04
   1.3000e+02   6.4484e-04   1.7404e-04   5.0093e-05   2.2907e-04
   1.3200e+02   6.1159e-04   1.6503e-04   4.6241e-05   2.0265e-04
   1.3400e+02   5.6779e-04   1.4663e-04   4.3005e-05   1.8013e-04
   1.3600e+02   5.2528e-04   1.3270e-04   3.8122e-05   1.7076e-04
   1.3800e+02   4.8390e-04   1.2213e-04   3.4300e-05   1.5011e-04
   1.4000e+02   4.4322e-04   1.1426e-04   3.1801e-05   1.3910e-04
   1.4200e+02   4.1365e-04   1.0307e-04   2.9531e-05   1.2449e-04
   1.4400e+02   3.7259e-04   9.6086e-05   2.6828e-05   1.1533e-04
   1.4600e+02   3.4776e-04   8.6391e-05   2.4050e-05   1.0362e-04
   1.4800e+02   3.2373e-04   8.2190e-05   2.3224e-05   9.5404e-05
   1.5000e+02   2.9317e-04   7.2957e-05   2.1007e-05   8.8047e-05
   1.5200e+02   2.8189e-04   6.8322e-05   1.9057e-05   7.8876e-05
   1.5400e+02   2.5426e-04   6.2934e-05   1.7530e-05   7.4797e-05
   1.5600e+02   2.3752e-04   5.6078e-05   1.6301e-05   6.8332e-05
   1.5800e+02   2.2091e-04   5.3333e-05   1.4939e-05   6.2340e-05
   1.6000e+02   2.0352e-04   4.7775e-05   1.3914e-05   5.6847e-05
   1.6200e+02   1.8496e-04   4.5451e-05   1.2513e-05   5.3040e-05
   1.6400e+02   1.7392e-04   4.1391e-05   1.1698e-05   5.0621e-05
   1.6600e+02   1.6539e-04   3.8501e-05   1.0685e-05   4.6200e-05
   1.6800e+02   1.4917e-04   3.5055e-05   9.8561e-06   4.3944e-05
   1.7000e+02   1.4093e-04   3.3475e-05   9.1678e-06   4.2047e-05
   1.7200e+02   1.3240e-04   3.0596e-05   8.4403e-06   3.9938e-05
   1.7400e+02   1.2520e-04   2.8393e-05   7.8861e-06   3.6882e-05
   1.7600e+02   1.1445e-04   2.6372e-05   7.3033e-06   3.5686e-05
   1.7800e+02   1.0870e-04   2.4721e-05   6.7031e-06   3.3972e-05
   1.8000e+02   1.0156e-04   2.3593e-05   6.3231e-06   3.3098e-05
   1.8200e+02   9.6780e-05   2.1249e-05   5.9889e-06   3.1501e-05
   1.8400e+02   8.8065e-05   2.0090e-05   5.4784e-06   2.9988e-05
   1.8600e+02   8.1922e-05   1.8919e-05   5.0793e-06   2.9880e-05
   1.8800e+02   7.7656e-05   1.7301e-05   4.7749e-06   2.9366e-05
   1.9000e+02   7.2120e-05   1.6012e-05   4.4138e-06   2.8543e-05
   1.9200e+02   5.6632e-05   1.2715e-05   3.4790e-06   2.8365e-05
   1.9400e+02   5.2728e-05   1.1774e-05   3.1841e-06   2.7936e-05
   1.9600e+02   4.9842e-05   1.0688e-05   2.9419e-06   2.8461e-05
   1.9800e+02   4.6610e-05   9.9539e-06   2.7446e-06   2.7950e-05
   2.0000e+02   4.2257e-05   9.2765e-06   2.5067e-06   2.8580e-05
   2.0200e+02   3.9192e-05   8.9082e-06   2.3311e-06   2.9029e-05
   2.0400e+02   3.7203e-05   8.1863e-06   2.2130e-06   2.9861e-05
   2.0600e+02   3.5271e-05   7.6738e-06   2.0360e-06   3.0360e-05
   2.0800e+02   3.3205e-05   7.0528e-06   1.8647e-06   3.1438e-05
   2.1000e+02   3.0525e-05   6.5662e-06   1.8040e-06   3.2663e-05
   2.1200e+02   2.8496e-05   6.0730e-06   1.6295e-06   3.4251e-05
   2.1400e+02   2.7046e-05   5.6522e-06   1.5696e-06   3.6377e-05
   2.1600e+02   2.5404e-05   5.3360e-06   1.4455e-06   3.7260e-05
   2.1800e+02   2.3511e-05   5.0503e-06   1.3669e-06   4.0465e-05
   2.2000e+02   2.2722e-05   4.7750e-06   1.2895e-06   4.2868e-05
   2.2200e+02   2.1648e-05   4.6010e-06   1.2253e-06   4.6936e-05
   2.2400e+02   2.0257e-05   4.2741e-06   1.1563e-06   4.9209e-05
   2.2600e+02   1.9146e-05   4.0415e-06   1.0988e-06   5.2841e-05
   2.2800e+02   1.8193e-05   3.8988e-06   1.0510e-06   5.8029e-05
   2.3000e+02   1.8089e-05   3.6952e-06   1.0044e-06   6.1337e-05
   2.3200e+02   1.7277e-05   3.7018e-06   9.6850e-07   7.0033e-05
   2.3400e+02   1.7129e-05   3.5199e-06   9.5126e-07   7.3744e-05
   2.3600e+02   1.6907e-05   3.5420e-06   9.3074e-07   8.3714e-05
   2.3800e+02   1.6303e-05   3.4624e-06   9.0611e-07   9.0158e-05
   2.4000e+02   1.6500e-05   3.4608e-06   8.8268e-07   1.0018e-04
   2.4200e+02   1.6828e-05   3.4427e-06   8.8441e-07   1.0945e-04
   2.4400e+02   1.6409e-05   3.4401e-06   8.7485e-07   1.2118e-04
   2.4600e+02   1.6483e-05   3.4703e-06   8.6141e-07   1.3190e-04
   2.4800e+02   1.6418e-05   3.3816e-06   8.3773e-07   1.4936e-04
   2.5000e+02   1.6414e-05   3.3410e-06   8.1058e-07   1.6317e-04
   2.5200e+02   1.6328e-05   3.2526e-06   7.9046e-07   1.7351e-04
   2.5400e+02   1.5421e-05   3.2575e-06   7.2538e-07   1.8677e-04
