# The data in this file was extracted from a direct numerical
# simulation of fully developed plane turbulent channel
# flow. Particulars are listed below. Note that some of the statistical
# quantities provided in this data set should be zero due to
# (statistical) symmetries in the flow. These quantities are reported
# here none-the-less as an indicator of the quality of the statistics.
# more statistics from this data set are available at 
# http://www.tam.uiuc.edu/Faculty/Moser/channel 
#
# Authors: Moser, Kim & Mansour
# Reference: DNS of Turbulent Channel Flow up to Re_tau=590, 1999,
#            Physics of Fluids, vol 11, 943-945.
# Numerical Method: Kim, Moin & Moser, 1987, J. Fluid Mech. vol 177, 133-166 
# Re_tau = 392.24
# Normalization: U_tau, h 
# Description: Streamwise (x) One-dimensional spectra of velocity and pressure at indicated y-location 
# Filename: chan395/spectra/chan395.xspec.392 
# Date File Created: Mar 01, 2000 
#
#---End of Header---
# 
# nx = 256,  Re = 392.24,  y = 1.00000,  y+ = 392.24
#
#     k_x          E_uu         E_vv         E_ww         E_pp
#
   0.0000e+00   9.7510e-02   1.1166e-02   1.8038e-02   1.3140e-02
   1.0000e+00   1.3411e-01   3.8446e-02   4.9363e-02   9.1146e-02
   2.0000e+00   9.1918e-02   4.0999e-02   4.3780e-02   7.9462e-02
   3.0000e+00   7.0604e-02   4.7393e-02   4.4451e-02   6.9198e-02
   4.0000e+00   4.9952e-02   4.8656e-02   4.2624e-02   6.0905e-02
   5.0000e+00   3.4720e-02   3.1756e-02   2.7606e-02   4.3691e-02
   6.0000e+00   2.5921e-02   2.8533e-02   2.3192e-02   3.5416e-02
   7.0000e+00   2.1476e-02   2.5510e-02   2.3244e-02   3.1819e-02
   8.0000e+00   1.7235e-02   2.1007e-02   1.8201e-02   2.3321e-02
   9.0000e+00   1.2975e-02   1.5305e-02   1.5782e-02   1.7493e-02
   1.0000e+01   1.1537e-02   1.3434e-02   1.4328e-02   1.7025e-02
   1.1000e+01   8.8670e-03   1.2640e-02   1.2106e-02   1.6177e-02
   1.2000e+01   7.2206e-03   1.0085e-02   9.5495e-03   1.4810e-02
   1.3000e+01   5.6986e-03   9.0376e-03   9.1892e-03   1.0117e-02
   1.4000e+01   4.6879e-03   8.0542e-03   7.8983e-03   8.9960e-03
   1.5000e+01   3.9635e-03   6.1234e-03   6.1335e-03   6.3467e-03
   1.6000e+01   3.0031e-03   5.4372e-03   5.2278e-03   5.9149e-03
   1.7000e+01   2.6762e-03   4.5898e-03   4.7991e-03   4.6255e-03
   1.8000e+01   2.2014e-03   3.8864e-03   3.8108e-03   3.9491e-03
   1.9000e+01   1.9864e-03   3.3758e-03   3.4512e-03   3.5749e-03
   2.0000e+01   1.6574e-03   3.1610e-03   2.8624e-03   3.1669e-03
   2.1000e+01   1.3559e-03   2.7542e-03   2.7206e-03   2.5498e-03
   2.2000e+01   1.2481e-03   2.3267e-03   2.2565e-03   2.1547e-03
   2.3000e+01   1.0131e-03   2.2935e-03   1.8683e-03   1.9025e-03
   2.4000e+01   8.2657e-04   1.9588e-03   1.7652e-03   1.6707e-03
   2.5000e+01   7.3543e-04   1.4109e-03   1.5673e-03   1.4510e-03
   2.6000e+01   6.4705e-04   1.3716e-03   1.3526e-03   1.2942e-03
   2.7000e+01   5.6557e-04   1.2749e-03   1.1943e-03   1.1272e-03
   2.8000e+01   4.7315e-04   1.0641e-03   1.0927e-03   9.4238e-04
   2.9000e+01   4.0908e-04   9.0386e-04   8.9359e-04   8.1908e-04
   3.0000e+01   3.6839e-04   8.3821e-04   8.4770e-04   6.2472e-04
   3.1000e+01   3.1184e-04   7.2758e-04   7.2899e-04   5.9140e-04
   3.2000e+01   2.8149e-04   6.4653e-04   6.3421e-04   4.6645e-04
   3.3000e+01   2.6183e-04   5.5303e-04   5.4137e-04   4.0523e-04
   3.4000e+01   2.0288e-04   4.9662e-04   5.1459e-04   3.8929e-04
   3.5000e+01   1.9731e-04   4.6170e-04   4.9261e-04   3.5858e-04
   3.6000e+01   1.6739e-04   4.0866e-04   4.1987e-04   3.0695e-04
   3.7000e+01   1.3471e-04   3.5618e-04   3.7575e-04   2.5793e-04
   3.8000e+01   1.2245e-04   3.0553e-04   3.2205e-04   2.3746e-04
   3.9000e+01   1.1132e-04   2.8688e-04   2.7448e-04   2.1888e-04
   4.0000e+01   1.0247e-04   2.4371e-04   2.6458e-04   1.7911e-04
   4.1000e+01   8.3689e-05   2.2911e-04   2.2123e-04   1.5425e-04
   4.2000e+01   7.6416e-05   1.9901e-04   1.8765e-04   1.2653e-04
   4.3000e+01   7.0374e-05   1.8509e-04   1.8558e-04   1.1424e-04
   4.4000e+01   5.7298e-05   1.6328e-04   1.5990e-04   9.7327e-05
   4.5000e+01   5.4450e-05   1.4866e-04   1.4834e-04   9.0767e-05
   4.6000e+01   4.4796e-05   1.3298e-04   1.2547e-04   8.2343e-05
   4.7000e+01   4.3055e-05   1.3362e-04   1.1456e-04   6.9703e-05
   4.8000e+01   3.7012e-05   1.0383e-04   1.0484e-04   6.3811e-05
   4.9000e+01   3.3862e-05   9.8266e-05   9.5887e-05   5.2533e-05
   5.0000e+01   2.9651e-05   8.7753e-05   8.4499e-05   5.0108e-05
   5.1000e+01   2.6960e-05   7.6718e-05   7.8762e-05   4.0692e-05
   5.2000e+01   2.3081e-05   7.0408e-05   6.9833e-05   3.8583e-05
   5.3000e+01   2.2441e-05   6.4814e-05   6.2014e-05   3.4874e-05
   5.4000e+01   1.9609e-05   5.8359e-05   5.7531e-05   2.9288e-05
   5.5000e+01   1.7091e-05   5.4513e-05   5.1111e-05   2.6102e-05
   5.6000e+01   1.5700e-05   4.2789e-05   4.2684e-05   2.3302e-05
   5.7000e+01   1.4326e-05   4.4339e-05   4.0590e-05   2.0462e-05
   5.8000e+01   1.2845e-05   3.8051e-05   3.5746e-05   1.8587e-05
   5.9000e+01   1.1127e-05   3.7669e-05   3.4998e-05   1.6736e-05
   6.0000e+01   1.0244e-05   3.0942e-05   3.1404e-05   1.4857e-05
   6.1000e+01   9.3754e-06   2.8234e-05   2.7622e-05   1.2670e-05
   6.2000e+01   8.3616e-06   2.8689e-05   2.6762e-05   1.1478e-05
   6.3000e+01   7.6993e-06   2.4881e-05   2.3024e-05   1.0090e-05
   6.4000e+01   6.7229e-06   2.1418e-05   2.0506e-05   8.8670e-06
   6.5000e+01   6.2419e-06   1.9813e-05   1.9777e-05   7.8944e-06
   6.6000e+01   5.4817e-06   1.8219e-05   1.7139e-05   6.8347e-06
   6.7000e+01   4.9222e-06   1.6651e-05   1.5506e-05   6.1761e-06
   6.8000e+01   4.6083e-06   1.4168e-05   1.4142e-05   5.4748e-06
   6.9000e+01   3.9640e-06   1.3640e-05   1.2912e-05   4.7527e-06
   7.0000e+01   3.7319e-06   1.2731e-05   1.1782e-05   4.5858e-06
   7.1000e+01   3.4627e-06   1.0612e-05   1.1046e-05   4.0744e-06
   7.2000e+01   2.9270e-06   9.6626e-06   1.0035e-05   3.6503e-06
   7.3000e+01   2.6997e-06   9.2504e-06   9.2540e-06   3.4169e-06
   7.4000e+01   2.5755e-06   8.7250e-06   8.3232e-06   3.0279e-06
   7.5000e+01   2.2969e-06   8.0372e-06   7.8806e-06   2.6915e-06
   7.6000e+01   1.9603e-06   6.7342e-06   6.8445e-06   2.4259e-06
   7.7000e+01   1.8361e-06   6.4383e-06   6.5740e-06   2.1047e-06
   7.8000e+01   1.7937e-06   5.7805e-06   6.1743e-06   1.8877e-06
   7.9000e+01   1.5698e-06   5.4956e-06   5.8085e-06   1.6574e-06
   8.0000e+01   1.4028e-06   5.2307e-06   5.2373e-06   1.5142e-06
   8.1000e+01   1.2890e-06   4.5200e-06   4.4572e-06   1.3862e-06
   8.2000e+01   1.1633e-06   4.2363e-06   4.2905e-06   1.2010e-06
   8.3000e+01   1.0490e-06   3.8229e-06   3.9998e-06   1.1122e-06
   8.4000e+01   9.1824e-07   3.3294e-06   3.4013e-06   9.9360e-07
   8.5000e+01   8.2415e-07   2.9904e-06   3.2337e-06   8.5102e-07
   8.6000e+01   7.6582e-07   2.9496e-06   2.9364e-06   8.1124e-07
   8.7000e+01   6.9595e-07   2.5263e-06   2.6047e-06   7.3498e-07
   8.8000e+01   6.3157e-07   2.2283e-06   2.3187e-06   6.0902e-07
   8.9000e+01   5.8141e-07   2.1460e-06   2.2917e-06   5.3438e-07
   9.0000e+01   5.3001e-07   1.8632e-06   2.0019e-06   5.2248e-07
   9.1000e+01   4.7559e-07   1.8190e-06   1.7657e-06   4.6711e-07
   9.2000e+01   4.2579e-07   1.6110e-06   1.6793e-06   4.0494e-07
   9.3000e+01   3.8956e-07   1.5481e-06   1.5296e-06   3.6439e-07
   9.4000e+01   3.6422e-07   1.3664e-06   1.3224e-06   3.5745e-07
   9.5000e+01   3.1625e-07   1.2815e-06   1.3052e-06   3.1944e-07
   9.6000e+01   2.9770e-07   1.1605e-06   1.1673e-06   2.9875e-07
   9.7000e+01   2.7442e-07   1.0735e-06   1.0918e-06   2.7981e-07
   9.8000e+01   2.5092e-07   1.0308e-06   9.6318e-07   2.5628e-07
   9.9000e+01   2.3527e-07   8.8577e-07   9.7048e-07   2.4218e-07
   1.0000e+02   2.1161e-07   8.3125e-07   8.3484e-07   2.1884e-07
   1.0100e+02   1.8665e-07   7.5998e-07   7.6592e-07   2.1654e-07
   1.0200e+02   1.7437e-07   7.3304e-07   6.7329e-07   2.0755e-07
   1.0300e+02   1.6223e-07   6.5529e-07   6.3187e-07   2.0515e-07
   1.0400e+02   1.4713e-07   5.8665e-07   5.8165e-07   1.8277e-07
   1.0500e+02   1.3855e-07   5.4833e-07   5.3869e-07   1.8268e-07
   1.0600e+02   1.2037e-07   4.8685e-07   5.1471e-07   1.8523e-07
   1.0700e+02   1.1159e-07   4.4451e-07   4.6980e-07   1.8645e-07
   1.0800e+02   1.0587e-07   4.1522e-07   4.4329e-07   1.7711e-07
   1.0900e+02   9.6318e-08   3.8589e-07   4.2206e-07   1.7465e-07
   1.1000e+02   8.9566e-08   3.6446e-07   3.6623e-07   1.7916e-07
   1.1100e+02   8.5861e-08   3.3283e-07   3.5649e-07   1.8407e-07
   1.1200e+02   8.0155e-08   3.0421e-07   3.2230e-07   1.9653e-07
   1.1300e+02   7.2536e-08   2.8810e-07   3.0019e-07   2.1269e-07
   1.1400e+02   6.6888e-08   2.7846e-07   2.8998e-07   2.1407e-07
   1.1500e+02   6.2978e-08   2.5687e-07   2.6552e-07   2.2430e-07
   1.1600e+02   6.0853e-08   2.3929e-07   2.5779e-07   2.4841e-07
   1.1700e+02   5.6344e-08   2.2611e-07   2.4726e-07   2.6389e-07
   1.1800e+02   5.4649e-08   2.1713e-07   2.3427e-07   2.7233e-07
   1.1900e+02   4.9971e-08   1.9385e-07   2.2928e-07   2.9015e-07
   1.2000e+02   5.1401e-08   1.9768e-07   2.3271e-07   3.1443e-07
   1.2100e+02   4.9157e-08   1.9242e-07   2.1453e-07   3.5151e-07
   1.2200e+02   4.6995e-08   1.9294e-07   1.9779e-07   3.8745e-07
   1.2300e+02   4.7205e-08   1.9657e-07   2.0916e-07   4.2373e-07
   1.2400e+02   4.7507e-08   1.9686e-07   2.1109e-07   4.6507e-07
   1.2500e+02   4.8154e-08   2.0398e-07   2.0165e-07   5.3177e-07
   1.2600e+02   4.3888e-08   1.8398e-07   1.9525e-07   5.6928e-07
   1.2700e+02   4.1492e-08   1.6982e-07   1.8168e-07   6.2547e-07
