# The data in this file was extracted from a direct numerical
# simulation of fully developed plane turbulent channel
# flow. Particulars are listed below. Note that some of the statistical
# quantities provided in this data set should be zero due to
# (statistical) symmetries in the flow. These quantities are reported
# here none-the-less as an indicator of the quality of the statistics.
# more statistics from this data set are available at 
# http://www.tam.uiuc.edu/Faculty/Moser/channel 
#
# Authors: Moser, Kim & Mansour
# Reference: DNS of Turbulent Channel Flow up to Re_tau=590, 1999,
#            Physics of Fluids, vol 11, 943-945.
# Numerical Method: Kim, Moin & Moser, 1987, J. Fluid Mech. vol 177, 133-166 
# Re_tau = 392.24
# Normalization: U_tau, h 
# Description: Streamwise (x) One-dimensional spectra of velocity and pressure at indicated y-location 
# Filename: chan395/spectra/chan395.xspec.302 
# Date File Created: Mar 01, 2000 
#
#---End of Header---
# 
# nx = 256,  Re = 392.24,  y = 0.76894,  y+ = 301.61
#
#     k_x          E_uu         E_vv         E_ww         E_pp
#
   0.0000e+00   2.3511e-01   1.6977e-02   1.8197e-02   2.2583e-02
   1.0000e+00   2.0342e-01   4.6168e-02   5.2044e-02   1.0372e-01
   2.0000e+00   1.3246e-01   4.7267e-02   6.2964e-02   1.1869e-01
   3.0000e+00   1.0603e-01   5.2351e-02   5.3770e-02   1.1338e-01
   4.0000e+00   6.4442e-02   4.6509e-02   5.2812e-02   9.6228e-02
   5.0000e+00   4.2689e-02   3.7880e-02   4.1923e-02   8.1508e-02
   6.0000e+00   3.1935e-02   3.0212e-02   3.3368e-02   5.7256e-02
   7.0000e+00   2.7476e-02   2.7886e-02   3.0493e-02   5.7988e-02
   8.0000e+00   1.9911e-02   2.3091e-02   2.5200e-02   4.3297e-02
   9.0000e+00   1.5851e-02   1.8965e-02   2.2200e-02   3.6358e-02
   1.0000e+01   1.2262e-02   1.5921e-02   1.7313e-02   3.0765e-02
   1.1000e+01   9.9400e-03   1.4596e-02   1.4396e-02   2.4147e-02
   1.2000e+01   7.8578e-03   1.2328e-02   1.3141e-02   2.0768e-02
   1.3000e+01   6.8172e-03   1.0408e-02   1.1326e-02   1.7409e-02
   1.4000e+01   5.3629e-03   9.2245e-03   8.9368e-03   1.4138e-02
   1.5000e+01   4.6671e-03   7.6427e-03   7.9878e-03   1.1386e-02
   1.6000e+01   3.9640e-03   6.5521e-03   6.9563e-03   1.0533e-02
   1.7000e+01   3.0617e-03   6.1498e-03   5.3646e-03   8.8186e-03
   1.8000e+01   2.7520e-03   4.7787e-03   5.1233e-03   7.3722e-03
   1.9000e+01   2.2986e-03   4.3597e-03   4.5562e-03   6.0762e-03
   2.0000e+01   1.9795e-03   4.0795e-03   3.8504e-03   5.2631e-03
   2.1000e+01   1.7541e-03   3.2723e-03   3.5121e-03   4.3259e-03
   2.2000e+01   1.5036e-03   2.9824e-03   2.8824e-03   3.7726e-03
   2.3000e+01   1.2876e-03   2.6115e-03   2.6528e-03   3.2290e-03
   2.4000e+01   1.0778e-03   2.1517e-03   2.2632e-03   2.5728e-03
   2.5000e+01   9.3891e-04   2.0172e-03   1.8984e-03   2.3647e-03
   2.6000e+01   7.8610e-04   1.7356e-03   1.7625e-03   2.0496e-03
   2.7000e+01   7.2412e-04   1.5032e-03   1.6335e-03   1.6719e-03
   2.8000e+01   6.5755e-04   1.3317e-03   1.4069e-03   1.4994e-03
   2.9000e+01   5.5198e-04   1.1994e-03   1.1248e-03   1.2282e-03
   3.0000e+01   4.6438e-04   1.1392e-03   1.1215e-03   1.1114e-03
   3.1000e+01   4.2132e-04   9.8138e-04   9.6256e-04   9.9207e-04
   3.2000e+01   3.8061e-04   9.0307e-04   8.4012e-04   8.4597e-04
   3.3000e+01   3.1983e-04   7.4907e-04   7.1525e-04   7.5197e-04
   3.4000e+01   2.7614e-04   6.8194e-04   6.9075e-04   6.9287e-04
   3.5000e+01   2.5805e-04   6.1188e-04   6.0206e-04   5.7354e-04
   3.6000e+01   2.2209e-04   5.4690e-04   5.3971e-04   5.0211e-04
   3.7000e+01   2.0454e-04   4.8360e-04   4.6033e-04   4.3816e-04
   3.8000e+01   1.7683e-04   4.3563e-04   4.4117e-04   3.6867e-04
   3.9000e+01   1.5453e-04   3.7876e-04   4.0061e-04   3.3421e-04
   4.0000e+01   1.4046e-04   3.5298e-04   3.3458e-04   3.0533e-04
   4.1000e+01   1.2111e-04   3.2176e-04   3.0519e-04   2.5676e-04
   4.2000e+01   1.1039e-04   2.8598e-04   2.8226e-04   2.2198e-04
   4.3000e+01   9.8209e-05   2.5212e-04   2.4929e-04   2.0038e-04
   4.4000e+01   8.8000e-05   2.3381e-04   2.3173e-04   1.8653e-04
   4.5000e+01   7.6570e-05   2.0384e-04   1.9841e-04   1.5702e-04
   4.6000e+01   7.2174e-05   1.8258e-04   1.9041e-04   1.3539e-04
   4.7000e+01   6.1997e-05   1.6759e-04   1.6477e-04   1.2335e-04
   4.8000e+01   5.8099e-05   1.4563e-04   1.4779e-04   1.0810e-04
   4.9000e+01   5.0349e-05   1.3343e-04   1.3115e-04   9.8335e-05
   5.0000e+01   4.4952e-05   1.2105e-04   1.2045e-04   8.1250e-05
   5.1000e+01   4.2729e-05   1.1291e-04   1.1028e-04   7.5099e-05
   5.2000e+01   3.7448e-05   9.9257e-05   1.0567e-04   6.4738e-05
   5.3000e+01   3.2201e-05   8.6858e-05   9.1088e-05   5.6102e-05
   5.4000e+01   3.0837e-05   8.0152e-05   8.5081e-05   5.3838e-05
   5.5000e+01   2.7885e-05   7.5335e-05   7.5897e-05   4.6736e-05
   5.6000e+01   2.4702e-05   6.8650e-05   6.9876e-05   4.1406e-05
   5.7000e+01   2.1413e-05   6.1502e-05   6.6475e-05   3.6904e-05
   5.8000e+01   2.0958e-05   5.4327e-05   5.8222e-05   3.2247e-05
   5.9000e+01   1.8148e-05   4.9841e-05   5.1491e-05   3.0260e-05
   6.0000e+01   1.6290e-05   4.4721e-05   4.7599e-05   2.6101e-05
   6.1000e+01   1.4786e-05   4.0945e-05   4.2410e-05   2.2872e-05
   6.2000e+01   1.3467e-05   3.7533e-05   3.9578e-05   2.1116e-05
   6.3000e+01   1.1743e-05   3.3721e-05   3.6639e-05   1.8164e-05
   6.4000e+01   1.1088e-05   3.2234e-05   3.3200e-05   1.6094e-05
   6.5000e+01   9.9721e-06   2.9562e-05   3.0671e-05   1.5035e-05
   6.6000e+01   8.7250e-06   2.6655e-05   2.6997e-05   1.3647e-05
   6.7000e+01   8.2188e-06   2.2743e-05   2.5072e-05   1.2058e-05
   6.8000e+01   7.3658e-06   2.1830e-05   2.2506e-05   1.0539e-05
   6.9000e+01   6.6853e-06   1.9778e-05   2.1074e-05   9.8485e-06
   7.0000e+01   6.1893e-06   1.8061e-05   1.8554e-05   8.5865e-06
   7.1000e+01   5.4698e-06   1.6503e-05   1.7081e-05   7.6491e-06
   7.2000e+01   4.9439e-06   1.5154e-05   1.6102e-05   6.7838e-06
   7.3000e+01   4.6276e-06   1.4197e-05   1.4747e-05   6.3816e-06
   7.4000e+01   4.1610e-06   1.2537e-05   1.3407e-05   5.7417e-06
   7.5000e+01   3.7907e-06   1.1859e-05   1.2196e-05   4.8472e-06
   7.6000e+01   3.5239e-06   1.0594e-05   1.0878e-05   4.6233e-06
   7.7000e+01   3.1663e-06   9.7079e-06   1.0083e-05   4.0159e-06
   7.8000e+01   2.9277e-06   9.0460e-06   9.6646e-06   3.6347e-06
   7.9000e+01   2.6047e-06   8.1750e-06   8.6615e-06   3.2714e-06
   8.0000e+01   2.4374e-06   7.3239e-06   8.2059e-06   2.8421e-06
   8.1000e+01   2.2374e-06   7.2067e-06   7.3857e-06   2.6752e-06
   8.2000e+01   2.0194e-06   6.2518e-06   6.6391e-06   2.3740e-06
   8.3000e+01   1.8597e-06   6.1283e-06   6.2011e-06   2.1611e-06
   8.4000e+01   1.7043e-06   5.4770e-06   5.6920e-06   1.9925e-06
   8.5000e+01   1.6161e-06   4.9594e-06   5.2245e-06   1.8091e-06
   8.6000e+01   1.4475e-06   4.6680e-06   4.8228e-06   1.7107e-06
   8.7000e+01   1.2672e-06   4.1498e-06   4.4497e-06   1.4433e-06
   8.8000e+01   1.1499e-06   3.8371e-06   4.0055e-06   1.3707e-06
   8.9000e+01   1.1140e-06   3.6485e-06   3.6745e-06   1.2410e-06
   9.0000e+01   1.0260e-06   3.3508e-06   3.4065e-06   1.1163e-06
   9.1000e+01   9.5222e-07   3.0307e-06   3.1331e-06   1.0105e-06
   9.2000e+01   8.5265e-07   2.8448e-06   2.8734e-06   9.2443e-07
   9.3000e+01   7.9622e-07   2.6110e-06   2.6856e-06   8.3666e-07
   9.4000e+01   7.3210e-07   2.5238e-06   2.4918e-06   7.9730e-07
   9.5000e+01   6.6991e-07   2.1482e-06   2.3065e-06   7.3209e-07
   9.6000e+01   6.0209e-07   2.0402e-06   2.0202e-06   6.7963e-07
   9.7000e+01   5.6006e-07   1.8607e-06   1.9402e-06   6.0906e-07
   9.8000e+01   5.0528e-07   1.7605e-06   1.7894e-06   5.9870e-07
   9.9000e+01   4.6274e-07   1.5677e-06   1.6376e-06   5.5654e-07
   1.0000e+02   4.3590e-07   1.4704e-06   1.4932e-06   5.3006e-07
   1.0100e+02   4.1127e-07   1.3613e-06   1.4141e-06   4.8573e-07
   1.0200e+02   3.7543e-07   1.2351e-06   1.3282e-06   4.6857e-07
   1.0300e+02   3.4648e-07   1.2063e-06   1.2226e-06   4.5246e-07
   1.0400e+02   3.2071e-07   1.0833e-06   1.1176e-06   4.2441e-07
   1.0500e+02   2.9518e-07   9.8936e-07   1.0384e-06   4.2897e-07
   1.0600e+02   2.7189e-07   9.5154e-07   9.7059e-07   4.1226e-07
   1.0700e+02   2.5571e-07   8.4634e-07   9.0919e-07   4.1658e-07
   1.0800e+02   2.3566e-07   8.3229e-07   8.3385e-07   4.1359e-07
   1.0900e+02   2.1641e-07   7.2493e-07   7.5122e-07   4.0952e-07
   1.1000e+02   2.0497e-07   7.0291e-07   7.1093e-07   4.1955e-07
   1.1100e+02   1.9288e-07   6.3895e-07   6.5987e-07   4.1533e-07
   1.1200e+02   1.7848e-07   6.0718e-07   6.4212e-07   4.4011e-07
   1.1300e+02   1.6280e-07   5.7882e-07   5.9865e-07   4.4247e-07
   1.1400e+02   1.5323e-07   5.3900e-07   5.6268e-07   4.7918e-07
   1.1500e+02   1.4877e-07   4.9857e-07   5.3722e-07   5.0260e-07
   1.1600e+02   1.4447e-07   4.9876e-07   5.1941e-07   5.2911e-07
   1.1700e+02   1.3494e-07   4.6654e-07   4.8761e-07   5.6795e-07
   1.1800e+02   1.3284e-07   4.4296e-07   4.6533e-07   6.0475e-07
   1.1900e+02   1.2625e-07   4.2959e-07   4.4613e-07   6.3946e-07
   1.2000e+02   1.1906e-07   4.1524e-07   4.2749e-07   6.8903e-07
   1.2100e+02   1.1779e-07   3.9670e-07   4.3168e-07   7.6577e-07
   1.2200e+02   1.1900e-07   3.9142e-07   4.3165e-07   8.2320e-07
   1.2300e+02   1.1426e-07   4.0010e-07   4.3263e-07   9.2045e-07
   1.2400e+02   1.1725e-07   4.2278e-07   4.4996e-07   1.0093e-06
   1.2500e+02   1.2103e-07   4.2031e-07   4.4022e-07   1.0690e-06
   1.2600e+02   1.1604e-07   4.1732e-07   4.2472e-07   1.2140e-06
   1.2700e+02   1.1137e-07   4.2136e-07   4.3658e-07   1.3139e-06
