# The data in this file was extracted from a direct numerical
# simulation of fully developed plane turbulent channel
# flow. Particulars are listed below. Note that some of the statistical
# quantities provided in this data set should be zero due to
# (statistical) symmetries in the flow. These quantities are reported
# here none-the-less as an indicator of the quality of the statistics.
# more statistics from this data set are available at 
# http://www.tam.uiuc.edu/Faculty/Moser/channel 
#
# Authors: Moser, Kim & Mansour
# Reference: DNS of Turbulent Channel Flow up to Re_tau=590, 1999,
#            Physics of Fluids, vol 11, 943-945.
# Numerical Method: Kim, Moin & Moser, 1987, J. Fluid Mech. vol 177, 133-166 
# Re_tau = 392.24
# Normalization: U_tau, h 
# Description: Spanwise (z) One-dimensional spectra of velocity and pressure at indicated y-location 
# Filename: chan395/spectra/chan395.zspec.10 
# Date File Created: Mar 01, 2000 
#
#---End of Header---
# 
# nz = 256,  Re = 392.24,  y = 0.02430,  y+ =   9.53
#
#     k_z          E_uu         E_vv         E_ww         E_pp
#
   0.0000e+00   7.7579e-02   4.5891e-04   2.2598e-02   4.0692e-01
   2.0000e+00   2.2793e-01   9.0424e-04   5.1833e-02   6.5401e-01
   4.0000e+00   3.5469e-01   1.0240e-03   6.7118e-02   4.9471e-01
   6.0000e+00   3.5838e-01   1.1322e-03   7.5236e-02   4.2277e-01
   8.0000e+00   3.2780e-01   1.3020e-03   6.4867e-02   3.5781e-01
   1.0000e+01   4.1555e-01   1.6313e-03   6.9962e-02   3.1026e-01
   1.2000e+01   4.4260e-01   1.9426e-03   6.7182e-02   2.7745e-01
   1.4000e+01   4.4019e-01   2.3162e-03   6.2679e-02   2.3267e-01
   1.6000e+01   3.8641e-01   2.6651e-03   5.9986e-02   2.1635e-01
   1.8000e+01   4.3693e-01   3.1981e-03   5.8353e-02   1.8338e-01
   2.0000e+01   3.6060e-01   3.4377e-03   4.9835e-02   1.5566e-01
   2.2000e+01   3.8056e-01   3.9118e-03   4.5392e-02   1.3852e-01
   2.4000e+01   2.9790e-01   3.9965e-03   3.9089e-02   1.1866e-01
   2.6000e+01   2.7833e-01   4.2298e-03   3.5130e-02   1.0582e-01
   2.8000e+01   2.1964e-01   4.0791e-03   2.8752e-02   8.8972e-02
   3.0000e+01   2.0635e-01   4.2737e-03   2.5108e-02   8.0087e-02
   3.2000e+01   1.7376e-01   4.0873e-03   2.1506e-02   6.4765e-02
   3.4000e+01   1.4689e-01   4.2444e-03   1.8139e-02   5.9158e-02
   3.6000e+01   1.3596e-01   4.0876e-03   1.5631e-02   5.1808e-02
   3.8000e+01   1.1366e-01   3.7739e-03   1.2875e-02   4.3841e-02
   4.0000e+01   9.4108e-02   3.8085e-03   1.1179e-02   3.9388e-02
   4.2000e+01   8.9594e-02   3.5193e-03   9.5248e-03   3.3584e-02
   4.4000e+01   7.5423e-02   3.5070e-03   8.1736e-03   3.0062e-02
   4.6000e+01   5.9564e-02   3.0743e-03   6.7503e-03   2.5125e-02
   4.8000e+01   5.2070e-02   2.8655e-03   5.7332e-03   2.2492e-02
   5.0000e+01   4.7230e-02   2.8715e-03   4.9983e-03   2.0263e-02
   5.2000e+01   4.0747e-02   2.6420e-03   4.5086e-03   1.7574e-02
   5.4000e+01   3.7371e-02   2.4088e-03   3.7693e-03   1.5008e-02
   5.6000e+01   3.0593e-02   2.2987e-03   3.2680e-03   1.4022e-02
   5.8000e+01   2.8137e-02   2.0483e-03   2.8205e-03   1.2354e-02
   6.0000e+01   2.3735e-02   1.9470e-03   2.3995e-03   1.0966e-02
   6.2000e+01   2.0529e-02   1.8025e-03   2.1449e-03   9.7128e-03
   6.4000e+01   1.9884e-02   1.6764e-03   1.9028e-03   8.5237e-03
   6.6000e+01   1.5953e-02   1.5139e-03   1.6109e-03   7.7152e-03
   6.8000e+01   1.5464e-02   1.4299e-03   1.4075e-03   6.8168e-03
   7.0000e+01   1.2857e-02   1.2761e-03   1.2177e-03   5.9920e-03
   7.2000e+01   1.0964e-02   1.2009e-03   1.0647e-03   5.3819e-03
   7.4000e+01   1.0206e-02   1.0609e-03   9.6881e-04   4.6061e-03
   7.6000e+01   8.8883e-03   1.0187e-03   8.4078e-04   4.2751e-03
   7.8000e+01   7.9596e-03   9.2914e-04   7.5085e-04   3.8007e-03
   8.0000e+01   7.3252e-03   8.4964e-04   6.5428e-04   3.4546e-03
   8.2000e+01   6.5040e-03   7.8504e-04   5.8018e-04   3.1086e-03
   8.4000e+01   5.6327e-03   6.9216e-04   5.1097e-04   2.7128e-03
   8.6000e+01   5.0481e-03   6.2147e-04   4.4037e-04   2.4207e-03
   8.8000e+01   4.6268e-03   6.1151e-04   3.9251e-04   2.2245e-03
   9.0000e+01   4.2515e-03   5.3348e-04   3.6168e-04   1.9532e-03
   9.2000e+01   3.9119e-03   4.8173e-04   3.1627e-04   1.8014e-03
   9.4000e+01   3.2191e-03   4.5934e-04   2.7190e-04   1.5701e-03
   9.6000e+01   3.0279e-03   4.1808e-04   2.4686e-04   1.4153e-03
   9.8000e+01   2.6279e-03   3.7980e-04   2.2468e-04   1.2805e-03
   1.0000e+02   2.4214e-03   3.4902e-04   1.9907e-04   1.1565e-03
   1.0200e+02   2.1251e-03   2.9937e-04   1.7458e-04   1.0308e-03
   1.0400e+02   2.0463e-03   2.8872e-04   1.5871e-04   9.2389e-04
   1.0600e+02   1.7813e-03   2.5428e-04   1.4127e-04   8.2041e-04
   1.0800e+02   1.5835e-03   2.3209e-04   1.2583e-04   7.4610e-04
   1.1000e+02   1.5059e-03   2.0371e-04   1.1217e-04   6.6772e-04
   1.1200e+02   1.3514e-03   1.8753e-04   1.0042e-04   6.1088e-04
   1.1400e+02   1.1762e-03   1.7223e-04   8.8709e-05   5.3639e-04
   1.1600e+02   1.1160e-03   1.5550e-04   8.3130e-05   4.9449e-04
   1.1800e+02   1.0101e-03   1.4572e-04   7.3629e-05   4.5619e-04
   1.2000e+02   9.1840e-04   1.3422e-04   6.7075e-05   4.0113e-04
   1.2200e+02   8.1300e-04   1.2502e-04   5.9313e-05   3.6951e-04
   1.2400e+02   7.7115e-04   1.1110e-04   5.2303e-05   3.3096e-04
   1.2600e+02   7.2284e-04   1.0019e-04   4.6898e-05   2.9230e-04
   1.2800e+02   6.1444e-04   9.0843e-05   4.2251e-05   2.6821e-04
   1.3000e+02   5.7196e-04   8.6017e-05   3.9539e-05   2.4064e-04
   1.3200e+02   5.2721e-04   7.7374e-05   3.4561e-05   2.1247e-04
   1.3400e+02   4.7028e-04   7.1706e-05   3.1695e-05   1.9480e-04
   1.3600e+02   4.3434e-04   6.4357e-05   2.8359e-05   1.7299e-04
   1.3800e+02   4.0118e-04   5.9645e-05   2.5622e-05   1.5884e-04
   1.4000e+02   3.5649e-04   5.4003e-05   2.2829e-05   1.4281e-04
   1.4200e+02   3.3187e-04   5.1213e-05   2.0836e-05   1.3019e-04
   1.4400e+02   2.9975e-04   4.5498e-05   1.9125e-05   1.1791e-04
   1.4600e+02   2.7456e-04   4.0295e-05   1.6557e-05   1.0791e-04
   1.4800e+02   2.5044e-04   3.8239e-05   1.5248e-05   9.7867e-05
   1.5000e+02   2.3400e-04   3.3444e-05   1.3827e-05   8.8580e-05
   1.5200e+02   2.0379e-04   3.1160e-05   1.2649e-05   8.0457e-05
   1.5400e+02   1.9057e-04   2.8732e-05   1.1489e-05   7.3942e-05
   1.5600e+02   1.7421e-04   2.6564e-05   1.0515e-05   6.5847e-05
   1.5800e+02   1.5982e-04   2.4719e-05   9.5307e-06   6.0332e-05
   1.6000e+02   1.4621e-04   2.1699e-05   8.4331e-06   5.6245e-05
   1.6200e+02   1.4037e-04   2.0517e-05   7.8921e-06   5.2056e-05
   1.6400e+02   1.2558e-04   1.8667e-05   7.1676e-06   4.7559e-05
   1.6600e+02   1.1725e-04   1.7328e-05   6.6801e-06   4.2391e-05
   1.6800e+02   1.0598e-04   1.5096e-05   5.9776e-06   3.9773e-05
   1.7000e+02   9.9726e-05   1.4306e-05   5.6960e-06   3.6734e-05
   1.7200e+02   9.0154e-05   1.3332e-05   5.0575e-06   3.3751e-05
   1.7400e+02   8.2602e-05   1.2039e-05   4.5370e-06   3.1263e-05
   1.7600e+02   7.6122e-05   1.0966e-05   4.2104e-06   2.9240e-05
   1.7800e+02   7.1598e-05   1.0562e-05   3.8641e-06   2.7210e-05
   1.8000e+02   6.4242e-05   9.5906e-06   3.5462e-06   2.4923e-05
   1.8200e+02   6.0583e-05   8.8076e-06   3.2609e-06   2.4056e-05
   1.8400e+02   5.4563e-05   7.7393e-06   2.9353e-06   2.2202e-05
   1.8600e+02   4.8424e-05   7.5621e-06   2.6654e-06   2.1085e-05
   1.8800e+02   4.7156e-05   6.9119e-06   2.4842e-06   2.0114e-05
   1.9000e+02   4.4039e-05   6.1871e-06   2.3094e-06   1.9322e-05
   1.9200e+02   3.6293e-05   5.1635e-06   1.8727e-06   1.8724e-05
   1.9400e+02   3.2160e-05   4.7783e-06   1.6963e-06   1.8320e-05
   1.9600e+02   3.0091e-05   4.3646e-06   1.5405e-06   1.8209e-05
   1.9800e+02   2.7356e-05   3.9399e-06   1.4159e-06   1.7769e-05
   2.0000e+02   2.5667e-05   3.6338e-06   1.2947e-06   1.7809e-05
   2.0200e+02   2.3997e-05   3.3100e-06   1.1979e-06   1.7410e-05
   2.0400e+02   2.2915e-05   2.9809e-06   1.0968e-06   1.8108e-05
   2.0600e+02   1.9999e-05   2.9000e-06   1.0610e-06   1.8512e-05
   2.0800e+02   1.9366e-05   2.7001e-06   9.4956e-07   1.8731e-05
   2.1000e+02   1.7440e-05   2.5159e-06   8.6896e-07   1.9630e-05
   2.1200e+02   1.6700e-05   2.3391e-06   8.1387e-07   2.0049e-05
   2.1400e+02   1.5364e-05   2.2074e-06   7.5019e-07   2.1910e-05
   2.1600e+02   1.4117e-05   2.0829e-06   7.2464e-07   2.2989e-05
   2.1800e+02   1.3401e-05   1.8722e-06   6.7407e-07   2.4681e-05
   2.2000e+02   1.2691e-05   1.7416e-06   6.3810e-07   2.6096e-05
   2.2200e+02   1.2037e-05   1.6280e-06   6.0089e-07   2.8314e-05
   2.2400e+02   1.1581e-05   1.5574e-06   5.6298e-07   3.1322e-05
   2.2600e+02   1.0613e-05   1.4507e-06   5.3064e-07   3.4519e-05
   2.2800e+02   1.0182e-05   1.3484e-06   5.0003e-07   3.7690e-05
   2.3000e+02   1.0125e-05   1.2908e-06   4.9058e-07   4.2847e-05
   2.3200e+02   9.4101e-06   1.2820e-06   4.5547e-07   4.6813e-05
   2.3400e+02   9.4826e-06   1.1904e-06   4.4661e-07   5.1045e-05
   2.3600e+02   9.0038e-06   1.1490e-06   4.2818e-07   5.6112e-05
   2.3800e+02   8.6916e-06   1.1305e-06   3.9511e-07   6.3544e-05
   2.4000e+02   8.1987e-06   1.0734e-06   3.8475e-07   6.9117e-05
   2.4200e+02   7.9592e-06   1.0027e-06   3.6262e-07   7.5386e-05
   2.4400e+02   7.7317e-06   9.6442e-07   3.4671e-07   8.2243e-05
   2.4600e+02   7.3715e-06   9.3675e-07   3.3033e-07   8.6933e-05
   2.4800e+02   6.9770e-06   8.6561e-07   3.0565e-07   9.4811e-05
   2.5000e+02   6.3407e-06   7.8944e-07   2.8072e-07   9.9998e-05
   2.5200e+02   5.6970e-06   7.2775e-07   2.5221e-07   1.0480e-04
   2.5400e+02   5.4047e-06   6.7527e-07   2.3410e-07   1.1070e-04
