# The data in this file was extracted from a direct numerical
# simulation of fully developed plane turbulent channel
# flow. Particulars are listed below. Note that some of the statistical
# quantities provided in this data set should be zero due to
# (statistical) symmetries in the flow. These quantities are reported
# here none-the-less as an indicator of the quality of the statistics.
# more statistics from this data set are available at 
# http://www.tam.uiuc.edu/Faculty/Moser/channel 
#
# Authors: Moser, Kim & Mansour
# Reference: DNS of Turbulent Channel Flow up to Re_tau=590, 1999,
#            Physics of Fluids, vol 11, 943-945.
# Numerical Method: Kim, Moin & Moser, 1987, J. Fluid Mech. vol 177, 133-166 
# Re_tau = 392.24
# Normalization: U_tau, h 
# Description: Spanwise (z) One-dimensional spectra of velocity and pressure at indicated y-location 
# Filename: chan395/spectra/chan395.zspec.302 
# Date File Created: Mar 01, 2000 
#
#---End of Header---
# 
# nz = 256,  Re = 392.24,  y = 0.76894,  y+ = 301.61
#
#     k_z          E_uu         E_vv         E_ww         E_pp
#
   0.0000e+00   5.3290e-02   4.6661e-02   6.5980e-02   2.2349e-01
   2.0000e+00   2.8750e-01   9.2916e-02   1.4519e-01   2.6029e-01
   4.0000e+00   1.9750e-01   6.9218e-02   1.0229e-01   1.5624e-01
   6.0000e+00   1.4407e-01   6.2416e-02   6.8480e-02   8.4760e-02
   8.0000e+00   8.1800e-02   4.8450e-02   4.1521e-02   5.2898e-02
   1.0000e+01   5.5358e-02   3.3311e-02   3.0304e-02   3.8079e-02
   1.2000e+01   3.3753e-02   2.5910e-02   1.8233e-02   2.7031e-02
   1.4000e+01   2.3508e-02   1.9201e-02   1.3112e-02   1.9760e-02
   1.6000e+01   1.7915e-02   1.6487e-02   9.3166e-03   1.4041e-02
   1.8000e+01   1.3745e-02   1.1613e-02   6.6986e-03   1.0262e-02
   2.0000e+01   9.8591e-03   9.5638e-03   4.8489e-03   7.8051e-03
   2.2000e+01   7.4076e-03   7.5242e-03   3.6133e-03   5.7873e-03
   2.4000e+01   5.7719e-03   5.7859e-03   2.6384e-03   4.3546e-03
   2.6000e+01   4.3639e-03   4.6627e-03   2.0425e-03   3.3859e-03
   2.8000e+01   3.3995e-03   3.5727e-03   1.5265e-03   2.5003e-03
   3.0000e+01   2.6638e-03   2.9111e-03   1.1879e-03   1.9313e-03
   3.2000e+01   2.2090e-03   2.2505e-03   9.2921e-04   1.5238e-03
   3.4000e+01   1.7540e-03   1.8613e-03   7.2769e-04   1.1088e-03
   3.6000e+01   1.4002e-03   1.5189e-03   5.5485e-04   9.2334e-04
   3.8000e+01   1.1332e-03   1.2500e-03   4.3699e-04   7.1964e-04
   4.0000e+01   9.4025e-04   9.7628e-04   3.4195e-04   5.5666e-04
   4.2000e+01   7.6332e-04   8.0683e-04   2.8010e-04   4.3645e-04
   4.4000e+01   6.1234e-04   6.3436e-04   2.2337e-04   3.4684e-04
   4.6000e+01   4.9881e-04   5.4101e-04   1.7791e-04   2.7200e-04
   4.8000e+01   4.1448e-04   4.3606e-04   1.4391e-04   2.1213e-04
   5.0000e+01   3.5275e-04   3.4518e-04   1.1833e-04   1.6664e-04
   5.2000e+01   2.8826e-04   3.0349e-04   9.7479e-05   1.3286e-04
   5.4000e+01   2.3268e-04   2.4793e-04   7.7472e-05   1.0835e-04
   5.6000e+01   1.9569e-04   2.0249e-04   6.4823e-05   8.6748e-05
   5.8000e+01   1.6381e-04   1.7380e-04   5.1363e-05   6.9887e-05
   6.0000e+01   1.4211e-04   1.3569e-04   4.2063e-05   5.5618e-05
   6.2000e+01   1.1542e-04   1.2075e-04   3.5109e-05   4.5111e-05
   6.4000e+01   9.9666e-05   9.9645e-05   2.9537e-05   3.6669e-05
   6.6000e+01   8.5234e-05   8.5960e-05   2.3722e-05   2.9420e-05
   6.8000e+01   7.2336e-05   7.1818e-05   2.0340e-05   2.5003e-05
   7.0000e+01   6.0427e-05   6.0623e-05   1.6423e-05   1.9314e-05
   7.2000e+01   5.2948e-05   5.1485e-05   1.3941e-05   1.6579e-05
   7.4000e+01   4.3727e-05   4.4228e-05   1.1648e-05   1.3249e-05
   7.6000e+01   3.7195e-05   3.7150e-05   9.8574e-06   1.1115e-05
   7.8000e+01   3.2195e-05   3.2233e-05   8.2807e-06   9.2437e-06
   8.0000e+01   2.7679e-05   2.7362e-05   7.0584e-06   7.4259e-06
   8.2000e+01   2.4057e-05   2.3119e-05   6.0055e-06   6.2855e-06
   8.4000e+01   2.0135e-05   1.9723e-05   5.0069e-06   5.3895e-06
   8.6000e+01   1.7510e-05   1.6470e-05   4.3137e-06   4.3422e-06
   8.8000e+01   1.4934e-05   1.4381e-05   3.6300e-06   3.5929e-06
   9.0000e+01   1.3012e-05   1.2207e-05   3.0494e-06   2.9459e-06
   9.2000e+01   1.1144e-05   1.0685e-05   2.6241e-06   2.5042e-06
   9.4000e+01   9.3106e-06   9.0432e-06   2.2025e-06   2.1098e-06
   9.6000e+01   8.2681e-06   7.7722e-06   1.8806e-06   1.7132e-06
   9.8000e+01   7.1964e-06   6.8112e-06   1.5928e-06   1.4417e-06
   1.0000e+02   6.3837e-06   5.8476e-06   1.4082e-06   1.2249e-06
   1.0200e+02   5.3658e-06   5.1559e-06   1.1598e-06   1.0587e-06
   1.0400e+02   4.7177e-06   4.3365e-06   1.0075e-06   8.7462e-07
   1.0600e+02   4.0876e-06   3.8269e-06   8.6508e-07   7.6041e-07
   1.0800e+02   3.5616e-06   3.2820e-06   7.3273e-07   6.2972e-07
   1.1000e+02   3.2121e-06   2.8480e-06   6.5704e-07   5.3164e-07
   1.1200e+02   2.7483e-06   2.4934e-06   5.5640e-07   4.5126e-07
   1.1400e+02   2.3837e-06   2.1392e-06   4.6843e-07   3.9509e-07
   1.1600e+02   2.0670e-06   1.8857e-06   4.0576e-07   3.3984e-07
   1.1800e+02   1.8157e-06   1.6097e-06   3.5345e-07   2.9369e-07
   1.2000e+02   1.5913e-06   1.4140e-06   3.0204e-07   2.5231e-07
   1.2200e+02   1.3747e-06   1.2239e-06   2.6741e-07   2.2113e-07
   1.2400e+02   1.1982e-06   1.1173e-06   2.3280e-07   1.9441e-07
   1.2600e+02   1.0860e-06   9.3083e-07   2.0553e-07   1.6814e-07
   1.2800e+02   9.4498e-07   8.5890e-07   1.7453e-07   1.4775e-07
   1.3000e+02   8.1681e-07   7.3787e-07   1.5146e-07   1.2842e-07
   1.3200e+02   7.2012e-07   6.4760e-07   1.3122e-07   1.1211e-07
   1.3400e+02   6.3793e-07   5.7274e-07   1.1382e-07   9.8563e-08
   1.3600e+02   5.5110e-07   4.9437e-07   9.7126e-08   8.8019e-08
   1.3800e+02   4.8273e-07   4.2741e-07   8.3946e-08   7.8399e-08
   1.4000e+02   4.4039e-07   3.7458e-07   7.4164e-08   6.8759e-08
   1.4200e+02   3.7702e-07   3.2835e-07   6.4983e-08   6.2389e-08
   1.4400e+02   3.3325e-07   2.8910e-07   5.7141e-08   5.5487e-08
   1.4600e+02   2.9146e-07   2.6354e-07   4.9793e-08   4.9353e-08
   1.4800e+02   2.5872e-07   2.2533e-07   4.3184e-08   4.3912e-08
   1.5000e+02   2.3134e-07   2.0374e-07   3.8329e-08   3.9028e-08
   1.5200e+02   2.0120e-07   1.7343e-07   3.3649e-08   3.4372e-08
   1.5400e+02   1.7814e-07   1.5467e-07   2.9269e-08   3.1140e-08
   1.5600e+02   1.5876e-07   1.3607e-07   2.5718e-08   2.8473e-08
   1.5800e+02   1.4202e-07   1.2138e-07   2.2641e-08   2.5654e-08
   1.6000e+02   1.2441e-07   1.0807e-07   1.9793e-08   2.2944e-08
   1.6200e+02   1.1187e-07   9.3834e-08   1.7464e-08   2.0622e-08
   1.6400e+02   9.6581e-08   8.3770e-08   1.5084e-08   1.8463e-08
   1.6600e+02   8.8601e-08   7.4473e-08   1.3360e-08   1.6755e-08
   1.6800e+02   7.8426e-08   6.5213e-08   1.2034e-08   1.5478e-08
   1.7000e+02   6.9208e-08   5.9204e-08   1.0533e-08   1.3909e-08
   1.7200e+02   6.1866e-08   5.2005e-08   9.2333e-09   1.2924e-08
   1.7400e+02   5.5246e-08   4.6786e-08   7.9898e-09   1.1655e-08
   1.7600e+02   5.0092e-08   4.0768e-08   7.2316e-09   1.0886e-08
   1.7800e+02   4.5014e-08   3.6964e-08   6.5202e-09   9.7699e-09
   1.8000e+02   4.0048e-08   3.3180e-08   5.7218e-09   8.9801e-09
   1.8200e+02   3.7723e-08   3.0365e-08   5.2674e-09   8.2267e-09
   1.8400e+02   3.3899e-08   2.7205e-08   4.6058e-09   7.5816e-09
   1.8600e+02   3.0073e-08   2.4177e-08   4.2091e-09   6.9463e-09
   1.8800e+02   2.9455e-08   2.2098e-08   3.9302e-09   6.3949e-09
   1.9000e+02   2.7676e-08   2.0400e-08   3.6434e-09   5.7936e-09
   1.9200e+02   1.7034e-08   1.4519e-08   2.4056e-09   5.4237e-09
   1.9400e+02   1.5388e-08   1.2889e-08   2.1635e-09   4.9915e-09
   1.9600e+02   1.3530e-08   1.1285e-08   1.8732e-09   4.5378e-09
   1.9800e+02   1.2203e-08   1.0007e-08   1.7065e-09   4.2404e-09
   2.0000e+02   1.0758e-08   8.8551e-09   1.4773e-09   3.9768e-09
   2.0200e+02   9.5424e-09   7.9323e-09   1.3241e-09   3.6224e-09
   2.0400e+02   8.7177e-09   7.2733e-09   1.1752e-09   3.4582e-09
   2.0600e+02   7.6873e-09   6.4114e-09   1.0458e-09   3.2319e-09
   2.0800e+02   6.9012e-09   5.7023e-09   9.4581e-10   3.0561e-09
   2.1000e+02   6.1960e-09   5.1037e-09   8.4213e-10   2.9014e-09
   2.1200e+02   5.5380e-09   4.6163e-09   7.5266e-10   2.7595e-09
   2.1400e+02   4.9295e-09   4.1245e-09   6.8317e-10   2.6200e-09
   2.1600e+02   4.5177e-09   3.7066e-09   6.0284e-10   2.5848e-09
   2.1800e+02   3.9781e-09   3.3077e-09   5.4027e-10   2.5538e-09
   2.2000e+02   3.5790e-09   2.9933e-09   4.8857e-10   2.4799e-09
   2.2200e+02   3.2293e-09   2.6688e-09   4.3698e-10   2.4388e-09
   2.2400e+02   2.9593e-09   2.4575e-09   3.9579e-10   2.4446e-09
   2.2600e+02   2.6706e-09   2.1622e-09   3.5945e-10   2.5426e-09
   2.2800e+02   2.4046e-09   1.9866e-09   3.3278e-10   2.6555e-09
   2.3000e+02   2.2187e-09   1.7878e-09   3.0038e-10   2.7062e-09
   2.3200e+02   1.9946e-09   1.6667e-09   2.6985e-10   2.7873e-09
   2.3400e+02   1.8347e-09   1.5114e-09   2.4937e-10   2.9243e-09
   2.3600e+02   1.7080e-09   1.3963e-09   2.3412e-10   3.0689e-09
   2.3800e+02   1.5899e-09   1.2940e-09   2.1693e-10   3.2944e-09
   2.4000e+02   1.5374e-09   1.2367e-09   2.0420e-10   3.5098e-09
   2.4200e+02   1.4556e-09   1.1806e-09   1.9080e-10   3.7740e-09
   2.4400e+02   1.4214e-09   1.1531e-09   1.8442e-10   4.0972e-09
   2.4600e+02   1.4233e-09   1.1254e-09   1.8151e-10   4.6743e-09
   2.4800e+02   1.5116e-09   1.1567e-09   1.8430e-10   5.2251e-09
   2.5000e+02   1.6211e-09   1.1867e-09   1.8263e-10   5.9203e-09
   2.5200e+02   1.7195e-09   1.2880e-09   1.8610e-10   7.0042e-09
   2.5400e+02   1.9802e-09   1.3367e-09   1.8809e-10   8.2602e-09
