# The data in this file was extracted from a direct numerical
# simulation of fully developed plane turbulent channel
# flow. Particulars are listed below. Note that some of the statistical
# quantities provided in this data set should be zero due to
# (statistical) symmetries in the flow. These quantities are reported
# here none-the-less as an indicator of the quality of the statistics.
# more statistics from this data set are available at 
# http://www.tam.uiuc.edu/Faculty/Moser/channel 
#
# Authors: Moser, Kim & Mansour
# Reference: DNS of Turbulent Channel Flow up to Re_tau=590, 1999,
#            Physics of Fluids, vol 11, 943-945.
# Numerical Method: Kim, Moin & Moser, 1987, J. Fluid Mech. vol 177, 133-166 
# Re_tau = 392.24
# Normalization: U_tau, h 
# Description: Spanwise (z) One-dimensional spectra of velocity and pressure at indicated y-location 
# Filename: chan395/spectra/chan395.zspec.98 
# Date File Created: Mar 01, 2000 
#
#---End of Header---
# 
# nz = 256,  Re = 392.24,  y = 0.25086,  y+ =  98.40
#
#     k_z          E_uu         E_vv         E_ww         E_pp
#
   0.0000e+00   7.9698e-02   3.1335e-02   1.0822e-01   4.6204e-01
   2.0000e+00   3.9963e-01   6.8473e-02   2.8380e-01   7.2043e-01
   4.0000e+00   5.6889e-01   8.4650e-02   2.4382e-01   5.5100e-01
   6.0000e+00   4.3889e-01   9.2767e-02   1.9370e-01   4.2936e-01
   8.0000e+00   2.6943e-01   8.7614e-02   1.3270e-01   3.4857e-01
   1.0000e+01   2.3855e-01   9.0923e-02   1.0286e-01   2.7771e-01
   1.2000e+01   1.5663e-01   7.7446e-02   7.9163e-02   2.1490e-01
   1.4000e+01   1.1830e-01   6.4391e-02   5.7544e-02   1.6703e-01
   1.6000e+01   9.2876e-02   5.6300e-02   4.5879e-02   1.3895e-01
   1.8000e+01   6.3212e-02   4.4519e-02   3.4173e-02   1.0359e-01
   2.0000e+01   5.5894e-02   3.8575e-02   2.7764e-02   8.5790e-02
   2.2000e+01   4.1148e-02   3.3706e-02   2.1439e-02   6.9782e-02
   2.4000e+01   3.3844e-02   2.6636e-02   1.6274e-02   5.7217e-02
   2.6000e+01   2.8059e-02   2.3495e-02   1.2855e-02   4.6493e-02
   2.8000e+01   2.2056e-02   1.8838e-02   1.0598e-02   3.7791e-02
   3.0000e+01   1.8212e-02   1.5789e-02   8.6391e-03   2.9710e-02
   3.2000e+01   1.5424e-02   1.3880e-02   6.7309e-03   2.5622e-02
   3.4000e+01   1.2577e-02   1.1560e-02   5.6316e-03   2.1773e-02
   3.6000e+01   1.0602e-02   9.6114e-03   4.6145e-03   1.7155e-02
   3.8000e+01   8.7643e-03   7.9827e-03   3.6872e-03   1.4161e-02
   4.0000e+01   7.9234e-03   6.9385e-03   3.1646e-03   1.2020e-02
   4.2000e+01   6.7777e-03   6.1620e-03   2.6263e-03   9.7265e-03
   4.4000e+01   5.7470e-03   5.2241e-03   2.2186e-03   8.0094e-03
   4.6000e+01   4.7671e-03   4.3846e-03   1.8262e-03   6.8615e-03
   4.8000e+01   4.1347e-03   3.7802e-03   1.5272e-03   5.7311e-03
   5.0000e+01   3.7369e-03   3.3335e-03   1.2986e-03   4.7946e-03
   5.2000e+01   3.1337e-03   2.8991e-03   1.1184e-03   4.0592e-03
   5.4000e+01   2.7390e-03   2.5338e-03   9.5573e-04   3.4207e-03
   5.6000e+01   2.3598e-03   2.1406e-03   8.0883e-04   2.8239e-03
   5.8000e+01   2.0655e-03   1.8803e-03   6.8265e-04   2.4205e-03
   6.0000e+01   1.8799e-03   1.6477e-03   5.8762e-04   2.0474e-03
   6.2000e+01   1.5789e-03   1.4400e-03   5.1174e-04   1.7528e-03
   6.4000e+01   1.3859e-03   1.3068e-03   4.2700e-04   1.4851e-03
   6.6000e+01   1.2361e-03   1.1018e-03   3.7292e-04   1.2711e-03
   6.8000e+01   1.1014e-03   9.9185e-04   3.2753e-04   1.0709e-03
   7.0000e+01   9.4001e-04   8.6186e-04   2.7861e-04   9.2717e-04
   7.2000e+01   8.5273e-04   7.5565e-04   2.4520e-04   7.8747e-04
   7.4000e+01   7.4534e-04   6.4647e-04   2.1433e-04   6.6461e-04
   7.6000e+01   6.7737e-04   5.7277e-04   1.8866e-04   5.8977e-04
   7.8000e+01   6.0390e-04   5.2283e-04   1.6154e-04   5.0167e-04
   8.0000e+01   5.2722e-04   4.5176e-04   1.4412e-04   4.3103e-04
   8.2000e+01   4.6890e-04   4.0710e-04   1.2683e-04   3.7397e-04
   8.4000e+01   4.1160e-04   3.5277e-04   1.0941e-04   3.2210e-04
   8.6000e+01   3.7788e-04   3.0662e-04   9.7812e-05   2.7842e-04
   8.8000e+01   3.3480e-04   2.8517e-04   8.4857e-05   2.4372e-04
   9.0000e+01   2.9926e-04   2.4660e-04   7.3956e-05   2.0945e-04
   9.2000e+01   2.7464e-04   2.2168e-04   6.8404e-05   1.8655e-04
   9.4000e+01   2.4301e-04   1.9571e-04   5.8910e-05   1.5706e-04
   9.6000e+01   2.1881e-04   1.6977e-04   5.3042e-05   1.3927e-04
   9.8000e+01   1.9193e-04   1.5281e-04   4.5823e-05   1.2169e-04
   1.0000e+02   1.7789e-04   1.3791e-04   4.1456e-05   1.0838e-04
   1.0200e+02   1.5783e-04   1.2586e-04   3.6014e-05   9.5860e-05
   1.0400e+02   1.4426e-04   1.1214e-04   3.2178e-05   8.4113e-05
   1.0600e+02   1.2781e-04   9.7503e-05   2.8784e-05   7.1910e-05
   1.0800e+02   1.1777e-04   9.0091e-05   2.5639e-05   6.4625e-05
   1.1000e+02   1.0404e-04   8.1558e-05   2.2620e-05   5.6856e-05
   1.1200e+02   9.3920e-05   7.0674e-05   2.0113e-05   4.9773e-05
   1.1400e+02   8.5512e-05   6.3735e-05   1.7943e-05   4.4560e-05
   1.1600e+02   7.7188e-05   5.6503e-05   1.6318e-05   4.0371e-05
   1.1800e+02   7.0863e-05   5.2719e-05   1.4226e-05   3.5268e-05
   1.2000e+02   6.2584e-05   4.6340e-05   1.2899e-05   3.1188e-05
   1.2200e+02   5.8221e-05   4.3246e-05   1.1660e-05   2.7904e-05
   1.2400e+02   5.3212e-05   3.8374e-05   1.0084e-05   2.4924e-05
   1.2600e+02   4.7039e-05   3.4120e-05   9.3492e-06   2.2690e-05
   1.2800e+02   4.3284e-05   3.0894e-05   8.2177e-06   2.0253e-05
   1.3000e+02   4.0031e-05   2.8273e-05   7.6159e-06   1.8007e-05
   1.3200e+02   3.5864e-05   2.5776e-05   6.7733e-06   1.6390e-05
   1.3400e+02   3.1628e-05   2.2924e-05   6.0021e-06   1.4673e-05
   1.3600e+02   2.9350e-05   2.0938e-05   5.4055e-06   1.3536e-05
   1.3800e+02   2.6381e-05   1.8859e-05   4.8957e-06   1.2114e-05
   1.4000e+02   2.4443e-05   1.7281e-05   4.4201e-06   1.0927e-05
   1.4200e+02   2.2456e-05   1.5665e-05   3.9951e-06   9.8327e-06
   1.4400e+02   2.0670e-05   1.3927e-05   3.6203e-06   9.0069e-06
   1.4600e+02   1.8165e-05   1.2987e-05   3.1857e-06   8.2918e-06
   1.4800e+02   1.6954e-05   1.2000e-05   2.9024e-06   7.3708e-06
   1.5000e+02   1.5418e-05   1.0633e-05   2.5897e-06   6.6447e-06
   1.5200e+02   1.3922e-05   9.6533e-06   2.3886e-06   6.1870e-06
   1.5400e+02   1.3023e-05   8.9642e-06   2.2207e-06   5.6118e-06
   1.5600e+02   1.1487e-05   8.1506e-06   1.9456e-06   5.1430e-06
   1.5800e+02   1.0580e-05   7.3230e-06   1.7499e-06   4.6028e-06
   1.6000e+02   9.8216e-06   6.6509e-06   1.5990e-06   4.2315e-06
   1.6200e+02   8.9240e-06   6.1758e-06   1.4279e-06   3.8947e-06
   1.6400e+02   8.1170e-06   5.5991e-06   1.3098e-06   3.5454e-06
   1.6600e+02   7.5097e-06   5.1552e-06   1.1876e-06   3.3295e-06
   1.6800e+02   6.8138e-06   4.6705e-06   1.0843e-06   3.0274e-06
   1.7000e+02   6.3578e-06   4.3089e-06   9.6628e-07   2.8457e-06
   1.7200e+02   5.8608e-06   3.9016e-06   8.9534e-07   2.5577e-06
   1.7400e+02   5.3379e-06   3.5911e-06   8.1405e-07   2.4326e-06
   1.7600e+02   4.9069e-06   3.3486e-06   7.4195e-07   2.2675e-06
   1.7800e+02   4.5642e-06   3.0740e-06   6.7756e-07   2.0861e-06
   1.8000e+02   4.2455e-06   2.8248e-06   6.1906e-07   1.9598e-06
   1.8200e+02   3.9120e-06   2.6081e-06   5.6797e-07   1.8388e-06
   1.8400e+02   3.6177e-06   2.4033e-06   5.1982e-07   1.7573e-06
   1.8600e+02   3.3944e-06   2.2906e-06   4.8424e-07   1.6185e-06
   1.8800e+02   3.1704e-06   2.1251e-06   4.4351e-07   1.5176e-06
   1.9000e+02   2.8983e-06   1.9619e-06   4.1123e-07   1.3856e-06
   1.9200e+02   2.2616e-06   1.5007e-06   3.1709e-07   1.3187e-06
   1.9400e+02   2.1404e-06   1.3827e-06   2.8914e-07   1.2707e-06
   1.9600e+02   1.9107e-06   1.2568e-06   2.5974e-07   1.2017e-06
   1.9800e+02   1.7585e-06   1.1622e-06   2.4126e-07   1.1299e-06
   2.0000e+02   1.6668e-06   1.0721e-06   2.2039e-07   1.0698e-06
   2.0200e+02   1.4900e-06   9.8308e-07   1.9749e-07   1.0282e-06
   2.0400e+02   1.3743e-06   8.9568e-07   1.8235e-07   1.0077e-06
   2.0600e+02   1.2892e-06   8.0540e-07   1.6701e-07   9.5774e-07
   2.0800e+02   1.1684e-06   7.6381e-07   1.4916e-07   9.3332e-07
   2.1000e+02   1.0783e-06   7.0289e-07   1.3851e-07   9.1292e-07
   2.1200e+02   9.8702e-07   6.5363e-07   1.2575e-07   9.1304e-07
   2.1400e+02   9.2633e-07   5.9009e-07   1.1731e-07   8.9958e-07
   2.1600e+02   8.4207e-07   5.5447e-07   1.0596e-07   8.8554e-07
   2.1800e+02   7.8905e-07   5.1497e-07   9.5635e-08   8.8344e-07
   2.2000e+02   7.2636e-07   4.7575e-07   9.0060e-08   8.8425e-07
   2.2200e+02   6.7571e-07   4.4502e-07   8.4007e-08   9.0889e-07
   2.2400e+02   6.4000e-07   4.1134e-07   7.8489e-08   9.1814e-07
   2.2600e+02   5.8543e-07   3.9224e-07   7.1953e-08   9.4565e-07
   2.2800e+02   5.5877e-07   3.6073e-07   6.8321e-08   9.9171e-07
   2.3000e+02   5.3099e-07   3.4535e-07   6.3921e-08   1.0266e-06
   2.3200e+02   5.0576e-07   3.3125e-07   6.0294e-08   1.0988e-06
   2.3400e+02   4.9467e-07   3.1681e-07   5.8104e-08   1.1816e-06
   2.3600e+02   4.7480e-07   3.0726e-07   5.5831e-08   1.2540e-06
   2.3800e+02   4.4839e-07   2.9639e-07   5.1700e-08   1.3479e-06
   2.4000e+02   4.4276e-07   2.9322e-07   5.1329e-08   1.4837e-06
   2.4200e+02   4.4991e-07   2.8835e-07   5.1430e-08   1.5965e-06
   2.4400e+02   4.4468e-07   2.9131e-07   5.0603e-08   1.7798e-06
   2.4600e+02   4.6794e-07   2.9598e-07   5.0482e-08   1.9611e-06
   2.4800e+02   4.5901e-07   2.9675e-07   4.9238e-08   2.2227e-06
   2.5000e+02   4.8999e-07   3.0225e-07   5.0490e-08   2.5628e-06
   2.5200e+02   5.1077e-07   3.2263e-07   5.2459e-08   2.8894e-06
   2.5400e+02   5.3189e-07   3.4297e-07   5.2653e-08   3.2315e-06
