# The data in this file was extracted from a direct numerical
# simulation of fully developed plane turbulent channel
# flow. Particulars are listed below. Note that some of the statistical
# quantities provided in this data set should be zero due to
# (statistical) symmetries in the flow. These quantities are reported
# here none-the-less as an indicator of the quality of the statistics.
# more statistics from this data set are available at 
# http://www.tam.uiuc.edu/Faculty/Moser/channel 
#
# Authors: Moser, Kim & Mansour
# Reference: DNS of Turbulent Channel Flow up to Re_tau=590, 1999,
#            Physics of Fluids, vol 11, 943-945.
# Numerical Method: Kim, Moin & Moser, 1987, J. Fluid Mech. vol 177, 133-166 
# Re_tau = 392.24
# Normalization: U_tau, h 
# Description: Streamwise (x) One-dimensional spectra of velocity and pressure at indicated y-location 
# Filename: chan395/spectra/chan395.xspec.61 
# Date File Created: Mar 01, 2000 
#
#---End of Header---
# 
# nx = 256,  Re = 392.24,  y = 0.15515,  y+ =  60.86
#
#     k_x          E_uu         E_vv         E_ww         E_pp
#
   0.0000e+00   7.9935e-01   5.1279e-02   5.3369e-02   1.2735e-01
   1.0000e+00   6.9896e-01   1.0321e-01   1.4191e-01   3.0667e-01
   2.0000e+00   4.3239e-01   8.1477e-02   1.4717e-01   3.7359e-01
   3.0000e+00   2.9121e-01   6.6368e-02   1.4009e-01   3.8636e-01
   4.0000e+00   2.1662e-01   6.1335e-02   1.2117e-01   3.5454e-01
   5.0000e+00   1.7366e-01   5.9760e-02   1.0821e-01   3.1596e-01
   6.0000e+00   1.3235e-01   4.9606e-02   9.1590e-02   2.9416e-01
   7.0000e+00   1.0629e-01   4.3695e-02   8.2140e-02   2.5790e-01
   8.0000e+00   8.8393e-02   4.0044e-02   7.0841e-02   2.5691e-01
   9.0000e+00   7.3593e-02   3.6188e-02   6.3870e-02   2.1973e-01
   1.0000e+01   6.0215e-02   3.3685e-02   5.8244e-02   2.0496e-01
   1.1000e+01   5.1298e-02   3.1340e-02   4.9822e-02   1.7801e-01
   1.2000e+01   4.3880e-02   2.7853e-02   4.9636e-02   1.6500e-01
   1.3000e+01   3.7586e-02   2.5977e-02   4.1993e-02   1.5720e-01
   1.4000e+01   3.0615e-02   2.3699e-02   3.8613e-02   1.3765e-01
   1.5000e+01   2.7456e-02   2.1390e-02   3.2703e-02   1.3197e-01
   1.6000e+01   2.4046e-02   1.9771e-02   2.8499e-02   1.1477e-01
   1.7000e+01   2.0798e-02   1.7133e-02   2.7923e-02   1.0462e-01
   1.8000e+01   1.9120e-02   1.6940e-02   2.4724e-02   9.5798e-02
   1.9000e+01   1.5772e-02   1.4521e-02   2.1692e-02   8.7837e-02
   2.0000e+01   1.4344e-02   1.3514e-02   1.9898e-02   7.6459e-02
   2.1000e+01   1.2980e-02   1.1754e-02   1.8222e-02   6.9966e-02
   2.2000e+01   1.1080e-02   1.0831e-02   1.5381e-02   6.2018e-02
   2.3000e+01   1.0346e-02   1.0225e-02   1.4495e-02   5.8330e-02
   2.4000e+01   8.7286e-03   9.4891e-03   1.2836e-02   5.3351e-02
   2.5000e+01   7.8747e-03   8.7719e-03   1.1291e-02   5.0562e-02
   2.6000e+01   7.1531e-03   7.6062e-03   1.0512e-02   4.4007e-02
   2.7000e+01   6.6088e-03   7.0446e-03   9.3336e-03   3.7635e-02
   2.8000e+01   5.9731e-03   6.3319e-03   8.7719e-03   3.4225e-02
   2.9000e+01   5.0822e-03   5.8356e-03   8.1221e-03   3.0160e-02
   3.0000e+01   4.6902e-03   5.5274e-03   7.2055e-03   2.9506e-02
   3.1000e+01   4.2726e-03   4.8916e-03   6.6372e-03   2.6128e-02
   3.2000e+01   3.8129e-03   4.6039e-03   5.9706e-03   2.3097e-02
   3.3000e+01   3.4766e-03   4.3002e-03   5.3894e-03   2.1514e-02
   3.4000e+01   3.1029e-03   3.9422e-03   4.7732e-03   1.9634e-02
   3.5000e+01   2.9514e-03   3.6964e-03   4.4293e-03   1.8136e-02
   3.6000e+01   2.5740e-03   3.2568e-03   4.0729e-03   1.5696e-02
   3.7000e+01   2.3649e-03   2.9539e-03   3.6065e-03   1.4533e-02
   3.8000e+01   2.1930e-03   2.7647e-03   3.5964e-03   1.3642e-02
   3.9000e+01   1.9641e-03   2.6034e-03   3.1258e-03   1.1918e-02
   4.0000e+01   1.8280e-03   2.3204e-03   2.8715e-03   1.0711e-02
   4.1000e+01   1.7219e-03   2.2161e-03   2.6997e-03   9.9048e-03
   4.2000e+01   1.5155e-03   1.9660e-03   2.4288e-03   8.6639e-03
   4.3000e+01   1.4376e-03   1.8203e-03   2.2427e-03   8.1237e-03
   4.4000e+01   1.2611e-03   1.7594e-03   2.0301e-03   7.3582e-03
   4.5000e+01   1.1608e-03   1.6003e-03   1.8907e-03   6.5816e-03
   4.6000e+01   1.0795e-03   1.4681e-03   1.6874e-03   6.0123e-03
   4.7000e+01   1.0173e-03   1.3490e-03   1.5695e-03   5.6855e-03
   4.8000e+01   9.2506e-04   1.2183e-03   1.5045e-03   5.1679e-03
   4.9000e+01   8.5685e-04   1.1501e-03   1.3056e-03   4.7116e-03
   5.0000e+01   7.8494e-04   1.0817e-03   1.2206e-03   4.3315e-03
   5.1000e+01   7.5665e-04   9.9571e-04   1.1692e-03   3.9925e-03
   5.2000e+01   6.9144e-04   9.2998e-04   1.0755e-03   3.4804e-03
   5.3000e+01   6.3953e-04   8.6661e-04   1.0299e-03   3.3592e-03
   5.4000e+01   6.0464e-04   8.0203e-04   9.0790e-04   3.0958e-03
   5.5000e+01   5.4756e-04   7.5725e-04   8.6730e-04   2.6789e-03
   5.6000e+01   5.0426e-04   7.0547e-04   8.0228e-04   2.5390e-03
   5.7000e+01   4.5306e-04   6.4497e-04   7.3808e-04   2.2650e-03
   5.8000e+01   4.3542e-04   5.9338e-04   6.6359e-04   2.1244e-03
   5.9000e+01   3.9190e-04   5.5379e-04   6.4698e-04   1.9689e-03
   6.0000e+01   3.7441e-04   5.1764e-04   5.9106e-04   1.8362e-03
   6.1000e+01   3.3742e-04   4.8464e-04   5.6887e-04   1.6372e-03
   6.2000e+01   3.2068e-04   4.6353e-04   5.1947e-04   1.5044e-03
   6.3000e+01   3.0264e-04   4.2307e-04   4.9302e-04   1.3663e-03
   6.4000e+01   2.7357e-04   3.9594e-04   4.5644e-04   1.2968e-03
   6.5000e+01   2.6096e-04   3.7746e-04   4.2848e-04   1.2108e-03
   6.6000e+01   2.3879e-04   3.4397e-04   4.0848e-04   1.0819e-03
   6.7000e+01   2.2866e-04   3.2916e-04   3.7013e-04   1.0068e-03
   6.8000e+01   2.0165e-04   3.0358e-04   3.3061e-04   9.3479e-04
   6.9000e+01   1.9277e-04   2.8838e-04   3.1741e-04   8.5668e-04
   7.0000e+01   1.7825e-04   2.6987e-04   2.9997e-04   8.0752e-04
   7.1000e+01   1.6824e-04   2.5106e-04   2.8422e-04   7.3494e-04
   7.2000e+01   1.5986e-04   2.3311e-04   2.5745e-04   6.8866e-04
   7.3000e+01   1.4680e-04   2.1852e-04   2.4601e-04   6.5553e-04
   7.4000e+01   1.3995e-04   2.0189e-04   2.2777e-04   5.9747e-04
   7.5000e+01   1.2910e-04   1.9309e-04   2.1350e-04   5.5648e-04
   7.6000e+01   1.2120e-04   1.7761e-04   2.0457e-04   5.2348e-04
   7.7000e+01   1.1051e-04   1.6468e-04   1.8513e-04   4.6645e-04
   7.8000e+01   1.0842e-04   1.5862e-04   1.7768e-04   4.3652e-04
   7.9000e+01   1.0044e-04   1.4900e-04   1.6713e-04   4.1162e-04
   8.0000e+01   9.3206e-05   1.3906e-04   1.5574e-04   3.8629e-04
   8.1000e+01   8.9755e-05   1.3498e-04   1.4831e-04   3.4257e-04
   8.2000e+01   8.4302e-05   1.2469e-04   1.3840e-04   3.3486e-04
   8.3000e+01   7.9226e-05   1.1559e-04   1.2893e-04   3.0583e-04
   8.4000e+01   7.3328e-05   1.1015e-04   1.2436e-04   2.9103e-04
   8.5000e+01   6.9957e-05   1.0407e-04   1.1587e-04   2.6483e-04
   8.6000e+01   6.4498e-05   9.7343e-05   1.1101e-04   2.5173e-04
   8.7000e+01   6.0983e-05   9.4317e-05   1.0313e-04   2.3533e-04
   8.8000e+01   5.8043e-05   8.8167e-05   9.9195e-05   2.1951e-04
   8.9000e+01   5.4287e-05   8.2051e-05   9.2552e-05   2.0230e-04
   9.0000e+01   5.1598e-05   7.7284e-05   8.7146e-05   1.9419e-04
   9.1000e+01   4.8294e-05   7.4287e-05   8.2132e-05   1.8105e-04
   9.2000e+01   4.5986e-05   6.9913e-05   7.9211e-05   1.7222e-04
   9.3000e+01   4.3007e-05   6.6159e-05   7.4565e-05   1.5768e-04
   9.4000e+01   4.1458e-05   6.2755e-05   6.8131e-05   1.5224e-04
   9.5000e+01   3.8844e-05   5.9072e-05   6.7602e-05   1.4208e-04
   9.6000e+01   3.7029e-05   5.5957e-05   6.2914e-05   1.3856e-04
   9.7000e+01   3.5382e-05   5.3286e-05   6.1229e-05   1.2822e-04
   9.8000e+01   3.3200e-05   5.0490e-05   5.6678e-05   1.2137e-04
   9.9000e+01   3.2401e-05   4.7574e-05   5.4713e-05   1.1591e-04
   1.0000e+02   3.0776e-05   4.5175e-05   5.2873e-05   1.1229e-04
   1.0100e+02   2.8698e-05   4.3062e-05   4.9490e-05   1.1022e-04
   1.0200e+02   2.7221e-05   4.2553e-05   4.6722e-05   1.0585e-04
   1.0300e+02   2.5522e-05   3.9622e-05   4.2746e-05   9.9068e-05
   1.0400e+02   2.5249e-05   3.8405e-05   4.2032e-05   9.7614e-05
   1.0500e+02   2.3359e-05   3.6428e-05   4.0228e-05   9.5956e-05
   1.0600e+02   2.2926e-05   3.5023e-05   3.7695e-05   9.2812e-05
   1.0700e+02   2.1245e-05   3.2983e-05   3.5669e-05   9.1718e-05
   1.0800e+02   2.0963e-05   3.1151e-05   3.5223e-05   9.0659e-05
   1.0900e+02   1.9707e-05   3.0599e-05   3.4181e-05   9.1596e-05
   1.1000e+02   1.9705e-05   3.0106e-05   3.3440e-05   8.8477e-05
   1.1100e+02   1.8742e-05   2.9193e-05   3.2234e-05   8.9659e-05
   1.1200e+02   1.8214e-05   2.8209e-05   2.9910e-05   8.9920e-05
   1.1300e+02   1.7516e-05   2.6581e-05   2.9527e-05   9.0670e-05
   1.1400e+02   1.7682e-05   2.6651e-05   2.9609e-05   9.1106e-05
   1.1500e+02   1.7064e-05   2.6774e-05   2.7983e-05   9.4248e-05
   1.1600e+02   1.6589e-05   2.6410e-05   2.7500e-05   9.6531e-05
   1.1700e+02   1.6097e-05   2.5101e-05   2.6993e-05   9.9783e-05
   1.1800e+02   1.6179e-05   2.4478e-05   2.6514e-05   9.9385e-05
   1.1900e+02   1.6451e-05   2.4712e-05   2.7070e-05   1.0433e-04
   1.2000e+02   1.5883e-05   2.3736e-05   2.6461e-05   1.0888e-04
   1.2100e+02   1.6327e-05   2.3560e-05   2.6025e-05   1.1706e-04
   1.2200e+02   1.5773e-05   2.4193e-05   2.5788e-05   1.1766e-04
   1.2300e+02   1.6448e-05   2.4086e-05   2.5475e-05   1.2131e-04
   1.2400e+02   1.6688e-05   2.4353e-05   2.5746e-05   1.3477e-04
   1.2500e+02   1.7023e-05   2.5710e-05   2.6533e-05   1.3887e-04
   1.2600e+02   1.7331e-05   2.6224e-05   2.6486e-05   1.5076e-04
   1.2700e+02   1.8993e-05   2.8147e-05   2.8778e-05   1.6053e-04
