# The data in this file was extracted from a direct numerical
# simulation of fully developed plane turbulent channel
# flow. Particulars are listed below. Note that some of the statistical
# quantities provided in this data set should be zero due to
# (statistical) symmetries in the flow. These quantities are reported
# here none-the-less as an indicator of the quality of the statistics.
# more statistics from this data set are available at 
# http://www.tam.uiuc.edu/Faculty/Moser/channel 
#
# Authors: Moser, Kim & Mansour
# Reference: DNS of Turbulent Channel Flow up to Re_tau=590, 1999,
#            Physics of Fluids, vol 11, 943-945.
# Numerical Method: Kim, Moin & Moser, 1987, J. Fluid Mech. vol 177, 133-166 
# Re_tau = 392.24
# Normalization: U_tau, h 
# Description: Streamwise (x) One-dimensional spectra of velocity and pressure at indicated y-location 
# Filename: chan395/spectra/chan395.xspec.30 
# Date File Created: Mar 01, 2000 
#
#---End of Header---
# 
# nx = 256,  Re = 392.24,  y = 0.07612,  y+ =  29.86
#
#     k_x          E_uu         E_vv         E_ww         E_pp
#
   0.0000e+00   1.1436e+00   4.0629e-02   8.3161e-02   1.4136e-01
   1.0000e+00   1.1906e+00   7.5164e-02   1.9575e-01   3.3628e-01
   2.0000e+00   7.3082e-01   6.2688e-02   1.6158e-01   4.3573e-01
   3.0000e+00   5.1101e-01   5.3876e-02   1.3212e-01   4.4067e-01
   4.0000e+00   3.8366e-01   4.6296e-02   1.2033e-01   4.1409e-01
   5.0000e+00   2.8419e-01   4.0806e-02   1.0619e-01   3.8475e-01
   6.0000e+00   2.2130e-01   3.5361e-02   9.4275e-02   3.6091e-01
   7.0000e+00   1.8620e-01   3.0979e-02   7.7678e-02   3.1472e-01
   8.0000e+00   1.5147e-01   2.7605e-02   7.6040e-02   3.0051e-01
   9.0000e+00   1.2239e-01   2.5155e-02   6.6017e-02   2.6568e-01
   1.0000e+01   1.0378e-01   2.2234e-02   5.7018e-02   2.5054e-01
   1.1000e+01   8.6372e-02   2.0452e-02   5.0809e-02   2.2963e-01
   1.2000e+01   6.9955e-02   1.8746e-02   4.4857e-02   2.0970e-01
   1.3000e+01   6.0927e-02   1.6762e-02   4.1218e-02   1.9351e-01
   1.4000e+01   5.3239e-02   1.5162e-02   3.6384e-02   1.8236e-01
   1.5000e+01   4.4088e-02   1.3570e-02   3.0107e-02   1.5572e-01
   1.6000e+01   3.7739e-02   1.2857e-02   2.7413e-02   1.3965e-01
   1.7000e+01   3.2587e-02   1.1376e-02   2.3999e-02   1.2739e-01
   1.8000e+01   3.0004e-02   1.0275e-02   2.1977e-02   1.1560e-01
   1.9000e+01   2.5841e-02   9.3352e-03   1.9473e-02   1.0590e-01
   2.0000e+01   2.2518e-02   8.5154e-03   1.6627e-02   9.3166e-02
   2.1000e+01   1.9270e-02   7.9465e-03   1.5597e-02   7.9983e-02
   2.2000e+01   1.7649e-02   7.3759e-03   1.4196e-02   7.5061e-02
   2.3000e+01   1.5188e-02   6.7094e-03   1.2207e-02   7.0327e-02
   2.4000e+01   1.3390e-02   6.0123e-03   1.0879e-02   6.2913e-02
   2.5000e+01   1.1276e-02   5.5274e-03   9.1863e-03   5.5929e-02
   2.6000e+01   1.0203e-02   4.9786e-03   8.4772e-03   4.6784e-02
   2.7000e+01   8.9995e-03   4.6853e-03   7.6799e-03   4.2657e-02
   2.8000e+01   8.3747e-03   4.2809e-03   6.4578e-03   4.0537e-02
   2.9000e+01   7.4499e-03   3.7665e-03   5.9178e-03   3.6061e-02
   3.0000e+01   6.5309e-03   3.5625e-03   5.6004e-03   3.3290e-02
   3.1000e+01   5.8207e-03   3.2514e-03   4.9293e-03   2.9247e-02
   3.2000e+01   5.3995e-03   2.9796e-03   4.2815e-03   2.7616e-02
   3.3000e+01   4.7935e-03   2.7633e-03   3.9286e-03   2.4551e-02
   3.4000e+01   4.3909e-03   2.5068e-03   3.7180e-03   2.1337e-02
   3.5000e+01   3.8557e-03   2.2863e-03   3.1963e-03   2.0236e-02
   3.6000e+01   3.5694e-03   2.2276e-03   3.0063e-03   1.8018e-02
   3.7000e+01   3.0937e-03   1.9727e-03   2.6631e-03   1.6236e-02
   3.8000e+01   2.9322e-03   1.8130e-03   2.4985e-03   1.4379e-02
   3.9000e+01   2.6611e-03   1.7422e-03   2.2664e-03   1.3006e-02
   4.0000e+01   2.4251e-03   1.5951e-03   2.0536e-03   1.1826e-02
   4.1000e+01   2.1350e-03   1.4471e-03   1.8207e-03   1.0637e-02
   4.2000e+01   1.9693e-03   1.2935e-03   1.6735e-03   9.7474e-03
   4.3000e+01   1.7832e-03   1.1719e-03   1.5220e-03   8.6013e-03
   4.4000e+01   1.6594e-03   1.0854e-03   1.4433e-03   7.5701e-03
   4.5000e+01   1.5082e-03   1.0315e-03   1.2499e-03   6.8549e-03
   4.6000e+01   1.3566e-03   9.4521e-04   1.1501e-03   6.4355e-03
   4.7000e+01   1.2448e-03   8.7684e-04   1.0499e-03   6.2452e-03
   4.8000e+01   1.1481e-03   8.2462e-04   9.8359e-04   5.2096e-03
   4.9000e+01   1.0800e-03   7.6423e-04   9.3929e-04   4.9378e-03
   5.0000e+01   1.0126e-03   7.0652e-04   8.3640e-04   4.4953e-03
   5.1000e+01   9.0345e-04   6.2456e-04   7.4395e-04   3.9744e-03
   5.2000e+01   8.2872e-04   5.8953e-04   6.9499e-04   3.7367e-03
   5.3000e+01   7.4525e-04   5.4877e-04   6.1740e-04   3.4105e-03
   5.4000e+01   6.8558e-04   5.0267e-04   5.7797e-04   3.1397e-03
   5.5000e+01   6.2232e-04   4.6517e-04   5.3276e-04   2.7292e-03
   5.6000e+01   6.0616e-04   4.3827e-04   5.0291e-04   2.5180e-03
   5.7000e+01   5.4203e-04   4.0844e-04   4.5295e-04   2.3694e-03
   5.8000e+01   5.1094e-04   3.8332e-04   4.2633e-04   2.0587e-03
   5.9000e+01   4.6208e-04   3.5793e-04   3.9469e-04   1.9916e-03
   6.0000e+01   4.3843e-04   3.3254e-04   3.6539e-04   1.7660e-03
   6.1000e+01   4.1251e-04   3.0663e-04   3.3925e-04   1.6386e-03
   6.2000e+01   3.6825e-04   2.8900e-04   3.1134e-04   1.4974e-03
   6.3000e+01   3.4429e-04   2.6989e-04   3.0429e-04   1.3661e-03
   6.4000e+01   3.1568e-04   2.5474e-04   2.7633e-04   1.2693e-03
   6.5000e+01   2.9329e-04   2.3336e-04   2.5275e-04   1.1668e-03
   6.6000e+01   2.7768e-04   2.1572e-04   2.4233e-04   1.0580e-03
   6.7000e+01   2.5997e-04   1.9981e-04   2.2075e-04   9.9855e-04
   6.8000e+01   2.3896e-04   1.8714e-04   2.0472e-04   8.6432e-04
   6.9000e+01   2.2389e-04   1.7276e-04   1.9163e-04   8.4701e-04
   7.0000e+01   1.9996e-04   1.5814e-04   1.7716e-04   7.4891e-04
   7.1000e+01   1.8799e-04   1.5679e-04   1.6745e-04   7.3871e-04
   7.2000e+01   1.7661e-04   1.4759e-04   1.5767e-04   6.7463e-04
   7.3000e+01   1.6424e-04   1.3384e-04   1.4453e-04   6.2410e-04
   7.4000e+01   1.5588e-04   1.2698e-04   1.3524e-04   5.8341e-04
   7.5000e+01   1.4275e-04   1.1559e-04   1.3017e-04   5.2034e-04
   7.6000e+01   1.3684e-04   1.1287e-04   1.2339e-04   4.9991e-04
   7.7000e+01   1.2710e-04   1.0588e-04   1.1228e-04   4.5714e-04
   7.8000e+01   1.1846e-04   9.6738e-05   1.0466e-04   4.1228e-04
   7.9000e+01   1.1212e-04   9.2507e-05   9.6785e-05   4.0318e-04
   8.0000e+01   1.0365e-04   8.7829e-05   9.2380e-05   3.6449e-04
   8.1000e+01   9.6790e-05   8.0646e-05   8.7829e-05   3.3227e-04
   8.2000e+01   9.1559e-05   7.6514e-05   8.1260e-05   3.1379e-04
   8.3000e+01   8.4705e-05   7.0684e-05   7.4461e-05   2.9085e-04
   8.4000e+01   8.0016e-05   6.7823e-05   6.9979e-05   2.7805e-04
   8.5000e+01   7.4764e-05   6.3837e-05   6.7218e-05   2.5610e-04
   8.6000e+01   6.9433e-05   5.8300e-05   6.2660e-05   2.3594e-04
   8.7000e+01   6.4918e-05   5.6364e-05   5.7380e-05   2.2417e-04
   8.8000e+01   6.3321e-05   5.3934e-05   5.6695e-05   2.1020e-04
   8.9000e+01   5.9624e-05   5.0840e-05   5.2653e-05   1.9648e-04
   9.0000e+01   5.4639e-05   4.8851e-05   5.0446e-05   1.8200e-04
   9.1000e+01   5.1975e-05   4.4840e-05   4.5798e-05   1.7105e-04
   9.2000e+01   4.8783e-05   4.2113e-05   4.3575e-05   1.5718e-04
   9.3000e+01   4.6255e-05   4.0590e-05   4.0661e-05   1.4436e-04
   9.4000e+01   4.3633e-05   3.8101e-05   3.7978e-05   1.4226e-04
   9.5000e+01   4.1178e-05   3.6551e-05   3.7059e-05   1.3272e-04
   9.6000e+01   3.7681e-05   3.4779e-05   3.4568e-05   1.2674e-04
   9.7000e+01   3.6428e-05   3.2658e-05   3.3635e-05   1.2206e-04
   9.8000e+01   3.4951e-05   3.0383e-05   3.1740e-05   1.1614e-04
   9.9000e+01   3.3385e-05   2.9626e-05   3.0150e-05   1.0969e-04
   1.0000e+02   3.1836e-05   2.8497e-05   2.9121e-05   1.0679e-04
   1.0100e+02   3.0213e-05   2.6778e-05   2.7324e-05   1.0094e-04
   1.0200e+02   2.7993e-05   2.5575e-05   2.6117e-05   9.9000e-05
   1.0300e+02   2.6582e-05   2.3759e-05   2.4432e-05   9.7436e-05
   1.0400e+02   2.5233e-05   2.2700e-05   2.3678e-05   9.3030e-05
   1.0500e+02   2.4298e-05   2.1338e-05   2.2006e-05   8.9964e-05
   1.0600e+02   2.2790e-05   2.0497e-05   2.0997e-05   9.0556e-05
   1.0700e+02   2.1898e-05   1.9542e-05   2.0645e-05   8.7971e-05
   1.0800e+02   2.1162e-05   1.8647e-05   1.9338e-05   8.8172e-05
   1.0900e+02   2.0615e-05   1.7841e-05   1.8813e-05   8.6229e-05
   1.1000e+02   2.0161e-05   1.7972e-05   1.8405e-05   8.6622e-05
   1.1100e+02   1.9164e-05   1.6583e-05   1.7588e-05   8.6218e-05
   1.1200e+02   1.8565e-05   1.6526e-05   1.7633e-05   8.6421e-05
   1.1300e+02   1.8259e-05   1.5969e-05   1.6966e-05   8.7829e-05
   1.1400e+02   1.7829e-05   1.5922e-05   1.6216e-05   9.1614e-05
   1.1500e+02   1.7125e-05   1.5708e-05   1.5768e-05   9.1623e-05
   1.1600e+02   1.6912e-05   1.4928e-05   1.5318e-05   9.3845e-05
   1.1700e+02   1.6642e-05   1.4893e-05   1.4984e-05   9.6158e-05
   1.1800e+02   1.6576e-05   1.4642e-05   1.4714e-05   1.0198e-04
   1.1900e+02   1.6654e-05   1.4674e-05   1.4267e-05   1.0679e-04
   1.2000e+02   1.6367e-05   1.4077e-05   1.4256e-05   1.1187e-04
   1.2100e+02   1.6486e-05   1.4156e-05   1.4094e-05   1.1454e-04
   1.2200e+02   1.6590e-05   1.3818e-05   1.3827e-05   1.2179e-04
   1.2300e+02   1.6783e-05   1.3755e-05   1.3446e-05   1.2926e-04
   1.2400e+02   1.7382e-05   1.4542e-05   1.3725e-05   1.4057e-04
   1.2500e+02   1.7961e-05   1.4535e-05   1.4101e-05   1.4970e-04
   1.2600e+02   1.8627e-05   1.4624e-05   1.4583e-05   1.6589e-04
   1.2700e+02   2.0664e-05   1.5517e-05   1.5607e-05   1.7890e-04
