# The data in this file was extracted from a direct numerical
# simulation of fully developed plane turbulent channel
# flow. Particulars are listed below. Note that some of the statistical
# quantities provided in this data set should be zero due to
# (statistical) symmetries in the flow. These quantities are reported
# here none-the-less as an indicator of the quality of the statistics.
# more statistics from this data set are available at 
# http://www.tam.uiuc.edu/Faculty/Moser/channel 
#
# Authors: Moser, Kim & Mansour
# Reference: DNS of Turbulent Channel Flow up to Re_tau=590, 1999,
#            Physics of Fluids, vol 11, 943-945.
# Numerical Method: Kim, Moin & Moser, 1987, J. Fluid Mech. vol 177, 133-166 
# Re_tau = 392.24
# Normalization: U_tau, h 
# Description: Streamwise (x) One-dimensional spectra of velocity and pressure at indicated y-location 
# Filename: chan395/spectra/chan395.xspec.10 
# Date File Created: Mar 01, 2000 
#
#---End of Header---
# 
# nx = 256,  Re = 392.24,  y = 0.02430,  y+ =   9.53
#
#     k_x          E_uu         E_vv         E_ww         E_pp
#
   0.0000e+00   1.1849e+00   5.4762e-03   6.6717e-02   8.0429e-02
   1.0000e+00   1.5820e+00   9.9125e-03   1.4022e-01   2.3227e-01
   2.0000e+00   9.8141e-01   9.1868e-03   1.1204e-01   3.2846e-01
   3.0000e+00   6.5873e-01   8.4606e-03   8.9870e-02   3.5558e-01
   4.0000e+00   4.9729e-01   8.0008e-03   7.9351e-02   3.3937e-01
   5.0000e+00   3.4776e-01   6.9329e-03   6.7188e-02   3.2284e-01
   6.0000e+00   2.6455e-01   6.2042e-03   5.7525e-02   2.9787e-01
   7.0000e+00   2.1165e-01   5.5768e-03   4.7620e-02   2.6679e-01
   8.0000e+00   1.6068e-01   4.9192e-03   4.3336e-02   2.5137e-01
   9.0000e+00   1.2287e-01   4.5407e-03   3.6081e-02   2.3203e-01
   1.0000e+01   9.6585e-02   4.0871e-03   3.1291e-02   2.1476e-01
   1.1000e+01   7.9810e-02   3.6462e-03   2.7740e-02   1.9536e-01
   1.2000e+01   6.3935e-02   3.3149e-03   2.3807e-02   1.8129e-01
   1.3000e+01   5.0927e-02   3.0281e-03   2.0771e-02   1.6739e-01
   1.4000e+01   4.2441e-02   2.6449e-03   1.7362e-02   1.5243e-01
   1.5000e+01   3.2248e-02   2.3707e-03   1.4853e-02   1.3141e-01
   1.6000e+01   2.8161e-02   2.1201e-03   1.2957e-02   1.1856e-01
   1.7000e+01   2.3229e-02   1.8962e-03   1.1322e-02   1.0796e-01
   1.8000e+01   1.9334e-02   1.7030e-03   9.6054e-03   9.2106e-02
   1.9000e+01   1.5722e-02   1.5452e-03   8.1246e-03   8.2790e-02
   2.0000e+01   1.3304e-02   1.3773e-03   7.1277e-03   7.5416e-02
   2.1000e+01   1.1195e-02   1.2072e-03   5.7448e-03   6.2435e-02
   2.2000e+01   9.4197e-03   1.0847e-03   5.4329e-03   5.8961e-02
   2.3000e+01   7.9258e-03   9.5840e-04   4.5698e-03   5.3181e-02
   2.4000e+01   6.8133e-03   8.6981e-04   3.9479e-03   4.7162e-02
   2.5000e+01   5.6515e-03   7.8186e-04   3.3263e-03   4.0084e-02
   2.6000e+01   4.8909e-03   7.0117e-04   3.0021e-03   3.4543e-02
   2.7000e+01   4.1517e-03   6.2015e-04   2.5296e-03   3.0269e-02
   2.8000e+01   3.5735e-03   5.4993e-04   2.1927e-03   2.7886e-02
   2.9000e+01   2.9981e-03   4.9768e-04   1.9463e-03   2.3610e-02
   3.0000e+01   2.5966e-03   4.6421e-04   1.6923e-03   2.1285e-02
   3.1000e+01   2.3213e-03   4.2096e-04   1.5047e-03   1.8556e-02
   3.2000e+01   1.9979e-03   3.7616e-04   1.3062e-03   1.6941e-02
   3.3000e+01   1.7299e-03   3.3764e-04   1.1385e-03   1.4355e-02
   3.4000e+01   1.4830e-03   3.0491e-04   9.9074e-04   1.2775e-02
   3.5000e+01   1.2936e-03   2.7841e-04   8.8244e-04   1.1310e-02
   3.6000e+01   1.1626e-03   2.5347e-04   7.5054e-04   9.9700e-03
   3.7000e+01   1.0180e-03   2.3078e-04   6.7432e-04   8.8103e-03
   3.8000e+01   8.8394e-04   2.0672e-04   6.0022e-04   7.8818e-03
   3.9000e+01   7.7740e-04   1.8986e-04   5.2465e-04   7.0753e-03
   4.0000e+01   6.8360e-04   1.7267e-04   4.6903e-04   6.1788e-03
   4.1000e+01   6.1091e-04   1.5602e-04   4.2990e-04   5.5815e-03
   4.2000e+01   5.2755e-04   1.4097e-04   3.6091e-04   5.2177e-03
   4.3000e+01   4.6398e-04   1.2661e-04   3.2206e-04   4.4798e-03
   4.4000e+01   4.1456e-04   1.1550e-04   2.9529e-04   3.9677e-03
   4.5000e+01   3.7108e-04   1.0587e-04   2.6617e-04   3.5771e-03
   4.6000e+01   3.2822e-04   9.4229e-05   2.2800e-04   3.1782e-03
   4.7000e+01   2.8769e-04   8.7071e-05   2.0118e-04   2.8855e-03
   4.8000e+01   2.5410e-04   7.8576e-05   1.8102e-04   2.5776e-03
   4.9000e+01   2.3276e-04   7.3222e-05   1.6741e-04   2.3310e-03
   5.0000e+01   2.0908e-04   6.9223e-05   1.5442e-04   2.1742e-03
   5.1000e+01   1.8851e-04   6.1031e-05   1.3403e-04   1.8473e-03
   5.2000e+01   1.7179e-04   5.5428e-05   1.2224e-04   1.6444e-03
   5.3000e+01   1.5387e-04   5.0025e-05   1.0940e-04   1.4962e-03
   5.4000e+01   1.3853e-04   4.5747e-05   9.7846e-05   1.3349e-03
   5.5000e+01   1.2069e-04   4.1768e-05   8.7811e-05   1.2197e-03
   5.6000e+01   1.0972e-04   3.8813e-05   7.9552e-05   1.1061e-03
   5.7000e+01   1.0001e-04   3.6168e-05   7.3016e-05   1.0116e-03
   5.8000e+01   9.1070e-05   3.3004e-05   6.7123e-05   9.1361e-04
   5.9000e+01   8.1730e-05   3.0258e-05   6.0297e-05   8.0945e-04
   6.0000e+01   7.5031e-05   2.7068e-05   5.2141e-05   7.1970e-04
   6.1000e+01   6.9264e-05   2.4917e-05   4.8461e-05   6.6346e-04
   6.2000e+01   6.3165e-05   2.2946e-05   4.3654e-05   6.1548e-04
   6.3000e+01   5.7601e-05   2.1011e-05   3.8829e-05   5.5647e-04
   6.4000e+01   5.2082e-05   1.9336e-05   3.7013e-05   5.1111e-04
   6.5000e+01   4.6343e-05   1.8142e-05   3.4626e-05   4.5477e-04
   6.6000e+01   4.2936e-05   1.6615e-05   3.0502e-05   4.2281e-04
   6.7000e+01   3.8920e-05   1.5379e-05   2.8324e-05   3.8269e-04
   6.8000e+01   3.5592e-05   1.4476e-05   2.5883e-05   3.4815e-04
   6.9000e+01   3.2752e-05   1.3257e-05   2.3602e-05   3.1875e-04
   7.0000e+01   3.0086e-05   1.2536e-05   2.0780e-05   2.9550e-04
   7.1000e+01   2.7153e-05   1.1511e-05   1.9871e-05   2.7508e-04
   7.2000e+01   2.5562e-05   1.0634e-05   1.8089e-05   2.4425e-04
   7.3000e+01   2.3538e-05   9.8190e-06   1.6852e-05   2.3278e-04
   7.4000e+01   2.0988e-05   9.3956e-06   1.5992e-05   2.1698e-04
   7.5000e+01   1.9585e-05   8.7858e-06   1.4440e-05   1.9636e-04
   7.6000e+01   1.8027e-05   8.0536e-06   1.3524e-05   1.7950e-04
   7.7000e+01   1.6501e-05   7.8066e-06   1.2518e-05   1.7249e-04
   7.8000e+01   1.5452e-05   7.1705e-06   1.1518e-05   1.5353e-04
   7.9000e+01   1.4359e-05   6.6188e-06   1.0547e-05   1.4217e-04
   8.0000e+01   1.3242e-05   6.1753e-06   9.9452e-06   1.3231e-04
   8.1000e+01   1.2197e-05   5.7052e-06   9.2378e-06   1.1858e-04
   8.2000e+01   1.1377e-05   5.1816e-06   8.4578e-06   1.0948e-04
   8.3000e+01   1.0223e-05   4.9234e-06   7.9497e-06   1.0574e-04
   8.4000e+01   9.4257e-06   4.6688e-06   7.5328e-06   9.8472e-05
   8.5000e+01   8.8323e-06   4.2514e-06   6.9123e-06   8.7337e-05
   8.6000e+01   8.0011e-06   4.0016e-06   6.4683e-06   8.2053e-05
   8.7000e+01   7.4011e-06   3.7820e-06   6.0551e-06   7.5941e-05
   8.8000e+01   6.8602e-06   3.5270e-06   5.6325e-06   6.9811e-05
   8.9000e+01   6.4657e-06   3.3403e-06   5.2109e-06   6.6981e-05
   9.0000e+01   6.0856e-06   3.2672e-06   4.8688e-06   6.3598e-05
   9.1000e+01   5.6295e-06   3.0332e-06   4.5160e-06   5.8286e-05
   9.2000e+01   5.2430e-06   2.8489e-06   4.2290e-06   5.4627e-05
   9.3000e+01   4.9011e-06   2.7235e-06   4.1460e-06   5.1984e-05
   9.4000e+01   4.5741e-06   2.5760e-06   3.9245e-06   4.7578e-05
   9.5000e+01   4.2782e-06   2.4060e-06   3.6723e-06   4.4146e-05
   9.6000e+01   3.9701e-06   2.3193e-06   3.4120e-06   4.2257e-05
   9.7000e+01   3.6932e-06   2.1874e-06   3.2227e-06   3.9194e-05
   9.8000e+01   3.5626e-06   2.1129e-06   3.0671e-06   3.7507e-05
   9.9000e+01   3.3198e-06   2.0828e-06   2.8736e-06   3.6641e-05
   1.0000e+02   3.1480e-06   1.9680e-06   2.7462e-06   3.4214e-05
   1.0100e+02   3.0110e-06   1.8315e-06   2.4936e-06   3.1972e-05
   1.0200e+02   2.8021e-06   1.7567e-06   2.4049e-06   3.0392e-05
   1.0300e+02   2.6005e-06   1.6281e-06   2.2446e-06   2.7605e-05
   1.0400e+02   2.4802e-06   1.5225e-06   2.1347e-06   2.5574e-05
   1.0500e+02   2.3562e-06   1.4676e-06   2.0273e-06   2.4878e-05
   1.0600e+02   2.2033e-06   1.4044e-06   1.9568e-06   2.4187e-05
   1.0700e+02   2.0807e-06   1.3364e-06   1.8505e-06   2.2894e-05
   1.0800e+02   1.9870e-06   1.2811e-06   1.7543e-06   2.1962e-05
   1.0900e+02   1.8904e-06   1.2181e-06   1.6601e-06   2.1182e-05
   1.1000e+02   1.8035e-06   1.1298e-06   1.5801e-06   1.9800e-05
   1.1100e+02   1.7051e-06   1.0882e-06   1.4979e-06   1.9066e-05
   1.1200e+02   1.6113e-06   1.0358e-06   1.4443e-06   1.8539e-05
   1.1300e+02   1.5465e-06   9.9023e-07   1.3971e-06   1.7616e-05
   1.1400e+02   1.5069e-06   9.3787e-07   1.4014e-06   1.7154e-05
   1.1500e+02   1.4535e-06   9.4628e-07   1.4001e-06   1.7092e-05
   1.1600e+02   1.4010e-06   8.7739e-07   1.3666e-06   1.6540e-05
   1.1700e+02   1.3930e-06   8.6494e-07   1.3431e-06   1.5774e-05
   1.1800e+02   1.3113e-06   8.1067e-07   1.3242e-06   1.5656e-05
   1.1900e+02   1.2568e-06   8.0424e-07   1.2927e-06   1.5273e-05
   1.2000e+02   1.2322e-06   7.1621e-07   1.1794e-06   1.4804e-05
   1.2100e+02   1.1821e-06   6.6527e-07   1.1064e-06   1.4974e-05
   1.2200e+02   1.1543e-06   6.2652e-07   1.0861e-06   1.5203e-05
   1.2300e+02   1.0966e-06   6.0158e-07   1.0197e-06   1.4989e-05
   1.2400e+02   1.0903e-06   5.8914e-07   9.5692e-07   1.5648e-05
   1.2500e+02   1.0553e-06   5.7888e-07   8.9351e-07   1.6857e-05
   1.2600e+02   1.1090e-06   5.3997e-07   8.5504e-07   1.7554e-05
   1.2700e+02   1.2127e-06   5.9702e-07   8.6415e-07   1.9253e-05
