# The data in this file was extracted from a direct numerical
# simulation of fully developed plane turbulent channel
# flow. Particulars are listed below. Note that some of the statistical
# quantities provided in this data set should be zero due to
# (statistical) symmetries in the flow. These quantities are reported
# here none-the-less as an indicator of the quality of the statistics.
# more statistics from this data set are available at 
# http://www.tam.uiuc.edu/Faculty/Moser/channel 
#
# Authors: Moser, Kim & Mansour
# Reference: DNS of Turbulent Channel Flow up to Re_tau=590, 1999,
#            Physics of Fluids, vol 11, 943-945.
# Numerical Method: Kim, Moin & Moser, 1987, J. Fluid Mech. vol 177, 133-166 
# Re_tau = 392.24
# Normalization: U_tau, h 
# Description: Streamwise (x) One-dimensional spectra of velocity and pressure at indicated y-location 
# Filename: chan395/spectra/chan395.xspec.98 
# Date File Created: Mar 01, 2000 
#
#---End of Header---
# 
# nx = 256,  Re = 392.24,  y = 0.25086,  y+ =  98.40
#
#     k_x          E_uu         E_vv         E_ww         E_pp
#
   0.0000e+00   6.8800e-01   4.7222e-02   3.2788e-02   8.3627e-02
   1.0000e+00   5.8010e-01   9.2489e-02   1.1932e-01   2.4442e-01
   2.0000e+00   3.2480e-01   7.6473e-02   1.5092e-01   3.1404e-01
   3.0000e+00   2.3897e-01   6.5927e-02   1.2916e-01   3.2061e-01
   4.0000e+00   1.6217e-01   5.9406e-02   1.1585e-01   3.0391e-01
   5.0000e+00   1.3224e-01   6.2239e-02   9.7008e-02   2.7177e-01
   6.0000e+00   9.7881e-02   5.1737e-02   8.4947e-02   2.4353e-01
   7.0000e+00   7.6471e-02   4.8626e-02   7.7559e-02   2.0641e-01
   8.0000e+00   6.3926e-02   4.3224e-02   6.8584e-02   1.9697e-01
   9.0000e+00   5.0398e-02   3.6341e-02   5.7620e-02   1.7402e-01
   1.0000e+01   4.0920e-02   3.3497e-02   4.7829e-02   1.6199e-01
   1.1000e+01   3.5292e-02   3.0778e-02   4.5816e-02   1.3358e-01
   1.2000e+01   3.1705e-02   2.8973e-02   4.1461e-02   1.2676e-01
   1.3000e+01   2.5356e-02   2.5747e-02   3.4973e-02   1.2128e-01
   1.4000e+01   2.2275e-02   2.3185e-02   3.2984e-02   1.0116e-01
   1.5000e+01   1.8760e-02   2.0367e-02   2.6964e-02   9.1875e-02
   1.6000e+01   1.6141e-02   1.8503e-02   2.4333e-02   8.5715e-02
   1.7000e+01   1.3740e-02   1.5983e-02   2.2847e-02   7.1523e-02
   1.8000e+01   1.1809e-02   1.5370e-02   2.0563e-02   6.7413e-02
   1.9000e+01   1.0409e-02   1.3693e-02   1.7858e-02   5.9268e-02
   2.0000e+01   8.6433e-03   1.1747e-02   1.5803e-02   5.3559e-02
   2.1000e+01   8.2249e-03   1.0922e-02   1.4211e-02   4.5378e-02
   2.2000e+01   7.3807e-03   9.7061e-03   1.2755e-02   4.0658e-02
   2.3000e+01   6.5425e-03   9.0551e-03   1.1880e-02   3.7686e-02
   2.4000e+01   5.7156e-03   8.3256e-03   1.0652e-02   3.2344e-02
   2.5000e+01   4.9324e-03   7.7379e-03   9.4675e-03   2.9321e-02
   2.6000e+01   4.5083e-03   6.6316e-03   8.3803e-03   2.5279e-02
   2.7000e+01   4.0913e-03   6.4422e-03   7.5630e-03   2.3538e-02
   2.8000e+01   3.6111e-03   5.5507e-03   6.7773e-03   2.0936e-02
   2.9000e+01   3.2732e-03   5.2359e-03   6.3146e-03   1.9610e-02
   3.0000e+01   2.8991e-03   4.8051e-03   5.5006e-03   1.7210e-02
   3.1000e+01   2.7452e-03   4.2653e-03   4.9755e-03   1.4733e-02
   3.2000e+01   2.4722e-03   3.9067e-03   4.6327e-03   1.4115e-02
   3.3000e+01   2.2505e-03   3.6592e-03   4.1386e-03   1.2968e-02
   3.4000e+01   1.9575e-03   3.4956e-03   3.7297e-03   1.1562e-02
   3.5000e+01   1.7760e-03   3.0908e-03   3.4860e-03   1.0092e-02
   3.6000e+01   1.6433e-03   2.7514e-03   3.4193e-03   9.0319e-03
   3.7000e+01   1.5062e-03   2.5467e-03   2.9009e-03   8.0234e-03
   3.8000e+01   1.3741e-03   2.4253e-03   2.7598e-03   7.6120e-03
   3.9000e+01   1.2455e-03   2.1511e-03   2.5219e-03   6.8762e-03
   4.0000e+01   1.1020e-03   1.9822e-03   2.1066e-03   6.1128e-03
   4.1000e+01   1.0523e-03   1.8846e-03   2.0939e-03   5.8074e-03
   4.2000e+01   9.3353e-04   1.7215e-03   1.9043e-03   5.4050e-03
   4.3000e+01   8.4089e-04   1.5463e-03   1.6992e-03   4.6578e-03
   4.4000e+01   7.8100e-04   1.4721e-03   1.5580e-03   4.1981e-03
   4.5000e+01   7.1485e-04   1.3306e-03   1.4672e-03   3.9702e-03
   4.6000e+01   6.5330e-04   1.2291e-03   1.3509e-03   3.5765e-03
   4.7000e+01   5.9774e-04   1.1110e-03   1.2283e-03   3.1661e-03
   4.8000e+01   5.5617e-04   1.0519e-03   1.1711e-03   2.9354e-03
   4.9000e+01   5.1329e-04   9.4471e-04   1.0823e-03   2.6119e-03
   5.0000e+01   4.6204e-04   9.0837e-04   9.7143e-04   2.4579e-03
   5.1000e+01   4.3006e-04   8.5466e-04   9.0886e-04   2.3120e-03
   5.2000e+01   4.0180e-04   7.9429e-04   8.4136e-04   2.0334e-03
   5.3000e+01   3.5903e-04   7.0753e-04   7.7885e-04   1.9348e-03
   5.4000e+01   3.3695e-04   6.6067e-04   6.7275e-04   1.6629e-03
   5.5000e+01   3.1330e-04   6.2152e-04   6.6807e-04   1.4958e-03
   5.6000e+01   2.8565e-04   5.6124e-04   6.0347e-04   1.4030e-03
   5.7000e+01   2.5224e-04   5.4213e-04   5.4572e-04   1.2710e-03
   5.8000e+01   2.4244e-04   4.9758e-04   5.4955e-04   1.1897e-03
   5.9000e+01   2.3335e-04   4.5538e-04   4.8506e-04   1.0793e-03
   6.0000e+01   2.0981e-04   4.3603e-04   4.4928e-04   9.8518e-04
   6.1000e+01   1.9608e-04   3.9511e-04   4.3152e-04   8.8647e-04
   6.2000e+01   1.7714e-04   3.7260e-04   3.9886e-04   8.6798e-04
   6.3000e+01   1.6647e-04   3.5269e-04   3.7398e-04   7.9156e-04
   6.4000e+01   1.5415e-04   3.1895e-04   3.4346e-04   7.0982e-04
   6.5000e+01   1.4374e-04   3.0566e-04   3.0536e-04   6.3030e-04
   6.6000e+01   1.3568e-04   2.7689e-04   2.8987e-04   6.0038e-04
   6.7000e+01   1.2158e-04   2.5860e-04   2.6787e-04   5.4850e-04
   6.8000e+01   1.1326e-04   2.4093e-04   2.5873e-04   4.9263e-04
   6.9000e+01   1.0488e-04   2.2282e-04   2.3431e-04   4.6717e-04
   7.0000e+01   9.9909e-05   2.0622e-04   2.2376e-04   4.2634e-04
   7.1000e+01   9.0655e-05   2.0065e-04   2.1296e-04   4.0894e-04
   7.2000e+01   8.6345e-05   1.9175e-04   1.9516e-04   3.7280e-04
   7.3000e+01   8.0072e-05   1.7698e-04   1.8296e-04   3.3982e-04
   7.4000e+01   7.4079e-05   1.6312e-04   1.6701e-04   3.3553e-04
   7.5000e+01   6.8728e-05   1.5120e-04   1.6126e-04   2.9914e-04
   7.6000e+01   6.5605e-05   1.4436e-04   1.4924e-04   2.7016e-04
   7.7000e+01   6.2342e-05   1.4005e-04   1.3844e-04   2.4682e-04
   7.8000e+01   5.7602e-05   1.2630e-04   1.3057e-04   2.4380e-04
   7.9000e+01   5.3899e-05   1.1633e-04   1.1811e-04   2.1923e-04
   8.0000e+01   4.8754e-05   1.1189e-04   1.1422e-04   2.0356e-04
   8.1000e+01   4.6229e-05   1.0228e-04   1.0807e-04   1.9220e-04
   8.2000e+01   4.2358e-05   9.8809e-05   1.0085e-04   1.8247e-04
   8.3000e+01   3.9613e-05   9.0882e-05   9.2371e-05   1.7002e-04
   8.4000e+01   3.7824e-05   8.6600e-05   8.9494e-05   1.5285e-04
   8.5000e+01   3.5927e-05   7.9186e-05   8.2993e-05   1.3799e-04
   8.6000e+01   3.2932e-05   7.5456e-05   7.4582e-05   1.3061e-04
   8.7000e+01   3.0740e-05   6.9632e-05   7.0788e-05   1.1864e-04
   8.8000e+01   2.9112e-05   6.5118e-05   6.7639e-05   1.1522e-04
   8.9000e+01   2.7353e-05   6.3108e-05   6.3123e-05   1.0401e-04
   9.0000e+01   2.5818e-05   5.9405e-05   6.0642e-05   9.9892e-05
   9.1000e+01   2.4104e-05   5.4779e-05   5.4400e-05   9.2853e-05
   9.2000e+01   2.2326e-05   5.3007e-05   5.1596e-05   8.7233e-05
   9.3000e+01   2.1162e-05   4.8378e-05   5.0055e-05   8.0800e-05
   9.4000e+01   2.0557e-05   4.5807e-05   4.9518e-05   7.7228e-05
   9.5000e+01   1.9051e-05   4.3646e-05   4.2902e-05   7.1878e-05
   9.6000e+01   1.8044e-05   4.1813e-05   4.1176e-05   6.8250e-05
   9.7000e+01   1.6915e-05   3.8237e-05   4.0263e-05   6.3397e-05
   9.8000e+01   1.5973e-05   3.6835e-05   3.7907e-05   5.8387e-05
   9.9000e+01   1.5343e-05   3.5305e-05   3.5785e-05   5.7680e-05
   1.0000e+02   1.4197e-05   3.3719e-05   3.3532e-05   5.5800e-05
   1.0100e+02   1.3676e-05   3.1547e-05   3.2758e-05   5.3553e-05
   1.0200e+02   1.2475e-05   3.1611e-05   3.0221e-05   5.0203e-05
   1.0300e+02   1.2424e-05   2.9873e-05   2.9114e-05   4.9727e-05
   1.0400e+02   1.1540e-05   2.7636e-05   2.7244e-05   4.7224e-05
   1.0500e+02   1.1032e-05   2.6585e-05   2.6061e-05   4.4601e-05
   1.0600e+02   1.0633e-05   2.3993e-05   2.5681e-05   4.4065e-05
   1.0700e+02   9.9050e-06   2.4429e-05   2.3706e-05   4.2840e-05
   1.0800e+02   9.5381e-06   2.2831e-05   2.2823e-05   4.3753e-05
   1.0900e+02   9.4918e-06   2.1476e-05   2.1232e-05   4.2041e-05
   1.1000e+02   8.8870e-06   2.1314e-05   2.0682e-05   4.2727e-05
   1.1100e+02   8.6419e-06   2.0042e-05   1.9899e-05   4.2432e-05
   1.1200e+02   8.1437e-06   2.0026e-05   1.9709e-05   4.3494e-05
   1.1300e+02   8.0153e-06   1.8420e-05   1.8924e-05   4.3485e-05
   1.1400e+02   7.7078e-06   1.8887e-05   1.8894e-05   4.4211e-05
   1.1500e+02   7.4931e-06   1.7722e-05   1.7156e-05   4.4053e-05
   1.1600e+02   7.2505e-06   1.7626e-05   1.7572e-05   4.4842e-05
   1.1700e+02   7.0519e-06   1.7431e-05   1.6601e-05   4.5833e-05
   1.1800e+02   7.1510e-06   1.6693e-05   1.5999e-05   4.9712e-05
   1.1900e+02   6.8841e-06   1.6867e-05   1.5444e-05   4.8948e-05
   1.2000e+02   6.7630e-06   1.6558e-05   1.5678e-05   5.3114e-05
   1.2100e+02   6.7438e-06   1.6570e-05   1.5638e-05   5.4645e-05
   1.2200e+02   6.6456e-06   1.6201e-05   1.5631e-05   5.8590e-05
   1.2300e+02   6.6661e-06   1.6501e-05   1.5949e-05   5.9674e-05
   1.2400e+02   6.7835e-06   1.6530e-05   1.5891e-05   6.3604e-05
   1.2500e+02   6.6301e-06   1.6380e-05   1.6667e-05   6.7214e-05
   1.2600e+02   6.7546e-06   1.7349e-05   1.6347e-05   7.2160e-05
   1.2700e+02   7.3309e-06   1.8121e-05   1.6997e-05   7.6591e-05
