# The data in this file was extracted from a direct numerical
# simulation of fully developed plane turbulent channel
# flow. Particulars are listed below. Note that some of the statistical
# quantities provided in this data set should be zero due to
# (statistical) symmetries in the flow. These quantities are reported
# here none-the-less as an indicator of the quality of the statistics.
# more statistics from this data set are available at 
# http://www.tam.uiuc.edu/Faculty/Moser/channel 
#
# Authors: Moser, Kim & Mansour
# Reference: DNS of Turbulent Channel Flow up to Re_tau=590, 1999,
#            Physics of Fluids, vol 11, 943-945.
# Numerical Method: Kim, Moin & Moser, 1987, J. Fluid Mech. vol 177, 133-166 
# Re_tau = 392.24
# Normalization: U_tau, h 
# Description: Streamwise (x) One-dimensional spectra of velocity and pressure at indicated y-location 
# Filename: chan395/spectra/chan395.xspec.251 
# Date File Created: Mar 01, 2000 
#
#---End of Header---
# 
# nx = 256,  Re = 392.24,  y = 0.64010,  y+ = 251.08
#
#     k_x          E_uu         E_vv         E_ww         E_pp
#
   0.0000e+00   3.6790e-01   2.1574e-02   2.1776e-02   3.5096e-02
   1.0000e+00   3.1335e-01   5.4571e-02   6.3227e-02   1.3154e-01
   2.0000e+00   1.6774e-01   5.2998e-02   7.3263e-02   1.5570e-01
   3.0000e+00   1.2102e-01   5.7356e-02   7.1267e-02   1.6292e-01
   4.0000e+00   8.1319e-02   4.8738e-02   6.2608e-02   1.3621e-01
   5.0000e+00   5.9714e-02   4.3336e-02   5.7040e-02   1.3726e-01
   6.0000e+00   3.8275e-02   3.3712e-02   4.0204e-02   8.2411e-02
   7.0000e+00   3.2960e-02   3.2057e-02   3.9967e-02   8.5395e-02
   8.0000e+00   2.5545e-02   2.7501e-02   3.4512e-02   7.1304e-02
   9.0000e+00   1.9484e-02   2.1604e-02   2.6649e-02   5.2611e-02
   1.0000e+01   1.5325e-02   1.9237e-02   2.3838e-02   4.9215e-02
   1.1000e+01   1.2224e-02   1.7418e-02   1.9557e-02   3.7304e-02
   1.2000e+01   1.0120e-02   1.5847e-02   1.6867e-02   3.5457e-02
   1.3000e+01   8.9730e-03   1.2020e-02   1.4943e-02   2.9120e-02
   1.4000e+01   7.3506e-03   1.1138e-02   1.2179e-02   2.3257e-02
   1.5000e+01   6.2388e-03   9.4778e-03   1.0373e-02   1.9849e-02
   1.6000e+01   5.0487e-03   8.2458e-03   8.9286e-03   1.7377e-02
   1.7000e+01   4.4467e-03   7.4794e-03   7.7806e-03   1.5434e-02
   1.8000e+01   3.7969e-03   6.2788e-03   6.9098e-03   1.2681e-02
   1.9000e+01   3.2393e-03   5.7001e-03   6.2657e-03   1.0587e-02
   2.0000e+01   2.8612e-03   4.9789e-03   5.6356e-03   8.8124e-03
   2.1000e+01   2.3671e-03   4.2770e-03   4.7082e-03   7.2914e-03
   2.2000e+01   1.9965e-03   3.7897e-03   3.8493e-03   6.6241e-03
   2.3000e+01   1.7328e-03   3.3586e-03   3.5326e-03   5.7478e-03
   2.4000e+01   1.4794e-03   2.9106e-03   3.1178e-03   4.8855e-03
   2.5000e+01   1.2796e-03   2.6750e-03   2.6898e-03   4.3966e-03
   2.6000e+01   1.1990e-03   2.3600e-03   2.4367e-03   3.9370e-03
   2.7000e+01   9.8795e-04   2.0941e-03   2.1817e-03   3.2911e-03
   2.8000e+01   8.8595e-04   1.9012e-03   1.8927e-03   2.7772e-03
   2.9000e+01   8.0299e-04   1.6468e-03   1.7163e-03   2.4369e-03
   3.0000e+01   6.8280e-04   1.4390e-03   1.6056e-03   2.0431e-03
   3.1000e+01   5.9465e-04   1.3030e-03   1.4139e-03   1.8768e-03
   3.2000e+01   5.2649e-04   1.1651e-03   1.2298e-03   1.6670e-03
   3.3000e+01   4.9917e-04   1.0240e-03   1.1029e-03   1.4164e-03
   3.4000e+01   4.2789e-04   9.4761e-04   9.7362e-04   1.3162e-03
   3.5000e+01   3.7739e-04   8.5926e-04   9.1240e-04   1.0696e-03
   3.6000e+01   3.3727e-04   7.8472e-04   7.5585e-04   9.5777e-04
   3.7000e+01   2.9774e-04   6.9437e-04   7.2680e-04   8.6067e-04
   3.8000e+01   2.6756e-04   6.2666e-04   6.5058e-04   7.7160e-04
   3.9000e+01   2.3216e-04   5.3439e-04   5.5167e-04   6.8316e-04
   4.0000e+01   2.0612e-04   5.0283e-04   5.2101e-04   5.6679e-04
   4.1000e+01   1.8076e-04   4.6538e-04   4.6488e-04   5.0141e-04
   4.2000e+01   1.6912e-04   4.1409e-04   4.2397e-04   4.5825e-04
   4.3000e+01   1.5207e-04   3.7187e-04   3.9581e-04   4.1557e-04
   4.4000e+01   1.3566e-04   3.4339e-04   3.4158e-04   3.6332e-04
   4.5000e+01   1.2038e-04   3.0642e-04   3.1008e-04   3.1929e-04
   4.6000e+01   1.0901e-04   2.7812e-04   2.8260e-04   2.9320e-04
   4.7000e+01   9.6198e-05   2.5358e-04   2.4853e-04   2.4247e-04
   4.8000e+01   8.9490e-05   2.2214e-04   2.3078e-04   2.1636e-04
   4.9000e+01   8.0101e-05   2.0773e-04   2.0718e-04   1.9595e-04
   5.0000e+01   7.3125e-05   1.8826e-04   1.9253e-04   1.7264e-04
   5.1000e+01   6.6222e-05   1.6709e-04   1.7105e-04   1.5765e-04
   5.2000e+01   5.9920e-05   1.4898e-04   1.5271e-04   1.4240e-04
   5.3000e+01   5.3900e-05   1.4146e-04   1.4966e-04   1.2006e-04
   5.4000e+01   5.0468e-05   1.2363e-04   1.3270e-04   1.0990e-04
   5.5000e+01   4.4786e-05   1.1168e-04   1.1882e-04   9.8570e-05
   5.6000e+01   3.9867e-05   1.0653e-04   1.0665e-04   8.3154e-05
   5.7000e+01   3.6825e-05   9.6487e-05   1.0006e-04   7.8459e-05
   5.8000e+01   3.3884e-05   8.5398e-05   9.0722e-05   6.7762e-05
   5.9000e+01   3.0046e-05   7.9366e-05   8.2674e-05   6.1280e-05
   6.0000e+01   2.8860e-05   7.0610e-05   7.7149e-05   5.7684e-05
   6.1000e+01   2.6026e-05   6.8514e-05   7.2565e-05   5.0314e-05
   6.2000e+01   2.2782e-05   6.2512e-05   6.4658e-05   4.5776e-05
   6.3000e+01   2.0905e-05   5.7690e-05   5.8835e-05   4.0647e-05
   6.4000e+01   1.9364e-05   5.1825e-05   5.5504e-05   3.6850e-05
   6.5000e+01   1.7539e-05   4.9193e-05   4.9000e-05   3.2423e-05
   6.6000e+01   1.6284e-05   4.4572e-05   4.5145e-05   2.9457e-05
   6.7000e+01   1.4371e-05   3.9696e-05   4.1231e-05   2.5885e-05
   6.8000e+01   1.3520e-05   3.7652e-05   3.7823e-05   2.3133e-05
   6.9000e+01   1.2604e-05   3.4846e-05   3.4903e-05   2.1590e-05
   7.0000e+01   1.1049e-05   3.0541e-05   3.1510e-05   1.9424e-05
   7.1000e+01   1.0189e-05   2.8639e-05   3.0228e-05   1.7643e-05
   7.2000e+01   9.1984e-06   2.6915e-05   2.7815e-05   1.6697e-05
   7.3000e+01   8.4718e-06   2.4406e-05   2.4319e-05   1.4338e-05
   7.4000e+01   8.0454e-06   2.2543e-05   2.3428e-05   1.2944e-05
   7.5000e+01   7.1092e-06   2.1348e-05   2.0703e-05   1.2082e-05
   7.6000e+01   6.8032e-06   1.9306e-05   2.0204e-05   1.0963e-05
   7.7000e+01   6.2697e-06   1.8303e-05   1.7660e-05   9.6498e-06
   7.8000e+01   5.5681e-06   1.7077e-05   1.6545e-05   8.9665e-06
   7.9000e+01   5.2000e-06   1.5102e-05   1.5436e-05   8.1599e-06
   8.0000e+01   4.7112e-06   1.3468e-05   1.3878e-05   7.1403e-06
   8.1000e+01   4.3843e-06   1.2790e-05   1.2557e-05   6.7089e-06
   8.2000e+01   3.9934e-06   1.1805e-05   1.2393e-05   5.7932e-06
   8.3000e+01   3.6187e-06   1.0809e-05   1.0950e-05   5.5358e-06
   8.4000e+01   3.2964e-06   1.0161e-05   1.0454e-05   5.0662e-06
   8.5000e+01   3.1634e-06   9.4696e-06   9.1221e-06   4.6291e-06
   8.6000e+01   2.8367e-06   8.7178e-06   8.8472e-06   4.2641e-06
   8.7000e+01   2.6339e-06   8.1764e-06   8.3667e-06   3.8728e-06
   8.8000e+01   2.4322e-06   7.3725e-06   7.5959e-06   3.4671e-06
   8.9000e+01   2.1795e-06   6.9918e-06   6.9976e-06   3.1684e-06
   9.0000e+01   2.0601e-06   6.4650e-06   6.2557e-06   2.9940e-06
   9.1000e+01   1.8823e-06   5.9015e-06   5.7499e-06   2.7607e-06
   9.2000e+01   1.7944e-06   5.3068e-06   5.7196e-06   2.5585e-06
   9.3000e+01   1.6125e-06   5.1080e-06   4.9963e-06   2.2723e-06
   9.4000e+01   1.4627e-06   4.6636e-06   4.6583e-06   2.0602e-06
   9.5000e+01   1.3748e-06   4.3300e-06   4.5212e-06   1.9155e-06
   9.6000e+01   1.3003e-06   4.0435e-06   4.0926e-06   1.8124e-06
   9.7000e+01   1.1799e-06   3.8735e-06   3.7031e-06   1.7014e-06
   9.8000e+01   1.0560e-06   3.5022e-06   3.5691e-06   1.6347e-06
   9.9000e+01   9.8653e-07   3.2615e-06   3.3238e-06   1.4979e-06
   1.0000e+02   9.2579e-07   3.0672e-06   3.0148e-06   1.4308e-06
   1.0100e+02   8.6164e-07   2.7745e-06   2.8906e-06   1.3107e-06
   1.0200e+02   8.0744e-07   2.6205e-06   2.6557e-06   1.3405e-06
   1.0300e+02   7.5330e-07   2.4291e-06   2.4520e-06   1.2492e-06
   1.0400e+02   7.1362e-07   2.3634e-06   2.3294e-06   1.2163e-06
   1.0500e+02   6.4308e-07   2.1864e-06   2.2316e-06   1.1850e-06
   1.0600e+02   6.0840e-07   2.0379e-06   2.0611e-06   1.1986e-06
   1.0700e+02   5.4542e-07   1.8685e-06   1.9797e-06   1.2040e-06
   1.0800e+02   5.3318e-07   1.7113e-06   1.7480e-06   1.1804e-06
   1.0900e+02   4.9078e-07   1.6498e-06   1.6046e-06   1.1549e-06
   1.1000e+02   4.6277e-07   1.5243e-06   1.6009e-06   1.1887e-06
   1.1100e+02   4.5235e-07   1.4653e-06   1.4848e-06   1.2215e-06
   1.1200e+02   4.0167e-07   1.3348e-06   1.4204e-06   1.2292e-06
   1.1300e+02   3.9050e-07   1.2866e-06   1.3208e-06   1.3538e-06
   1.1400e+02   3.6875e-07   1.2236e-06   1.2764e-06   1.3853e-06
   1.1500e+02   3.4991e-07   1.1449e-06   1.1916e-06   1.4575e-06
   1.1600e+02   3.3328e-07   1.1192e-06   1.1370e-06   1.4918e-06
   1.1700e+02   3.2065e-07   1.0816e-06   1.1149e-06   1.6149e-06
   1.1800e+02   3.0499e-07   1.0400e-06   1.1085e-06   1.7170e-06
   1.1900e+02   3.0514e-07   9.8798e-07   1.0654e-06   1.8346e-06
   1.2000e+02   2.9776e-07   9.8068e-07   1.0268e-06   1.9034e-06
   1.2100e+02   2.8205e-07   9.8595e-07   1.0167e-06   2.0932e-06
   1.2200e+02   2.8047e-07   1.0149e-06   1.0130e-06   2.3038e-06
   1.2300e+02   2.8228e-07   9.6763e-07   1.0317e-06   2.4971e-06
   1.2400e+02   2.8143e-07   1.0109e-06   1.0801e-06   2.8327e-06
   1.2500e+02   2.7955e-07   1.0099e-06   1.0847e-06   3.0453e-06
   1.2600e+02   2.6360e-07   9.9451e-07   1.0964e-06   3.2084e-06
   1.2700e+02   2.7777e-07   1.0540e-06   1.1013e-06   3.5372e-06
