# The data in this file was extracted from a direct numerical
# simulation of fully developed plane turbulent channel
# flow. Particulars are listed below. Note that some of the statistical
# quantities provided in this data set should be zero due to
# (statistical) symmetries in the flow. These quantities are reported
# here none-the-less as an indicator of the quality of the statistics.
# more statistics from this data set are available at 
# http://www.tam.uiuc.edu/Faculty/Moser/channel 
#
# Authors: Moser, Kim & Mansour
# Reference: DNS of Turbulent Channel Flow up to Re_tau=590, 1999,
#            Physics of Fluids, vol 11, 943-945.
# Numerical Method: Kim, Moin & Moser, 1987, J. Fluid Mech. vol 177, 133-166 
# Re_tau = 392.24
# Normalization: U_tau, h 
# Description: Spanwise (z) One-dimensional spectra of velocity and pressure at indicated y-location 
# Filename: chan395/spectra/chan395.zspec.61 
# Date File Created: Mar 01, 2000 
#
#---End of Header---
# 
# nz = 256,  Re = 392.24,  y = 0.15515,  y+ =  60.86
#
#     k_z          E_uu         E_vv         E_ww         E_pp
#
   0.0000e+00   9.6597e-02   1.8302e-02   1.1532e-01   4.7704e-01
   2.0000e+00   3.8794e-01   3.9596e-02   2.5440e-01   7.8041e-01
   4.0000e+00   5.5439e-01   5.1352e-02   2.4352e-01   6.1804e-01
   6.0000e+00   4.4127e-01   6.1940e-02   1.9766e-01   5.0577e-01
   8.0000e+00   3.2651e-01   6.5260e-02   1.4611e-01   4.3688e-01
   1.0000e+01   3.2326e-01   8.1120e-02   1.1984e-01   3.6488e-01
   1.2000e+01   2.4465e-01   7.5546e-02   1.0205e-01   3.0901e-01
   1.4000e+01   1.9623e-01   6.7625e-02   8.0452e-02   2.5107e-01
   1.6000e+01   1.5930e-01   6.7956e-02   6.6183e-02   2.1404e-01
   1.8000e+01   1.2173e-01   5.5581e-02   5.0158e-02   1.7611e-01
   2.0000e+01   9.6205e-02   5.2540e-02   4.0583e-02   1.5299e-01
   2.2000e+01   8.2712e-02   4.5683e-02   3.3810e-02   1.2809e-01
   2.4000e+01   7.0324e-02   4.1214e-02   2.6793e-02   1.0807e-01
   2.6000e+01   5.6937e-02   3.4161e-02   2.1982e-02   8.8481e-02
   2.8000e+01   4.3971e-02   3.1129e-02   1.7831e-02   7.5180e-02
   3.0000e+01   3.9506e-02   2.6295e-02   1.4814e-02   6.4160e-02
   3.2000e+01   3.1638e-02   2.1287e-02   1.2202e-02   5.2097e-02
   3.4000e+01   2.7206e-02   1.9789e-02   9.9630e-03   4.5819e-02
   3.6000e+01   2.3426e-02   1.6990e-02   8.3633e-03   3.9129e-02
   3.8000e+01   1.9572e-02   1.4106e-02   6.8944e-03   3.3438e-02
   4.0000e+01   1.7067e-02   1.2296e-02   5.8645e-03   2.7259e-02
   4.2000e+01   1.5343e-02   1.0674e-02   5.1873e-03   2.3546e-02
   4.4000e+01   1.2753e-02   9.2747e-03   4.1758e-03   1.9687e-02
   4.6000e+01   1.0702e-02   8.2768e-03   3.4804e-03   1.7041e-02
   4.8000e+01   9.7594e-03   7.1180e-03   3.0971e-03   1.3837e-02
   5.0000e+01   8.7015e-03   6.0874e-03   2.6591e-03   1.2129e-02
   5.2000e+01   7.4853e-03   5.4771e-03   2.2241e-03   1.0159e-02
   5.4000e+01   6.6675e-03   4.7966e-03   1.9168e-03   8.9830e-03
   5.6000e+01   5.9397e-03   4.1854e-03   1.6091e-03   7.5939e-03
   5.8000e+01   5.1293e-03   3.6723e-03   1.4053e-03   6.6355e-03
   6.0000e+01   4.7364e-03   3.2255e-03   1.2163e-03   5.5800e-03
   6.2000e+01   4.0168e-03   2.7769e-03   1.0528e-03   4.8084e-03
   6.4000e+01   3.7252e-03   2.5515e-03   9.2475e-04   4.2086e-03
   6.6000e+01   3.2661e-03   2.2368e-03   8.1449e-04   3.5662e-03
   6.8000e+01   2.9002e-03   1.9087e-03   6.9159e-04   3.0927e-03
   7.0000e+01   2.5923e-03   1.7618e-03   6.1888e-04   2.6621e-03
   7.2000e+01   2.3702e-03   1.5116e-03   5.6640e-04   2.3656e-03
   7.4000e+01   2.1068e-03   1.3342e-03   4.6934e-04   1.9715e-03
   7.6000e+01   1.8641e-03   1.2256e-03   4.0237e-04   1.7318e-03
   7.8000e+01   1.7267e-03   1.0693e-03   3.6704e-04   1.4780e-03
   8.0000e+01   1.5866e-03   9.5986e-04   3.2715e-04   1.2809e-03
   8.2000e+01   1.3927e-03   8.4904e-04   2.9195e-04   1.1238e-03
   8.4000e+01   1.2896e-03   7.5169e-04   2.5737e-04   9.9854e-04
   8.6000e+01   1.1444e-03   6.8282e-04   2.2990e-04   8.7492e-04
   8.8000e+01   1.0625e-03   6.1768e-04   1.9915e-04   7.5185e-04
   9.0000e+01   9.4915e-04   5.3910e-04   1.8321e-04   6.6462e-04
   9.2000e+01   8.4913e-04   4.9680e-04   1.6516e-04   5.7250e-04
   9.4000e+01   7.7628e-04   4.4100e-04   1.4361e-04   5.0969e-04
   9.6000e+01   7.0395e-04   3.9689e-04   1.2776e-04   4.5278e-04
   9.8000e+01   6.4960e-04   3.6324e-04   1.1438e-04   3.9692e-04
   1.0000e+02   6.0398e-04   3.1274e-04   1.0588e-04   3.4765e-04
   1.0200e+02   5.3031e-04   2.8797e-04   9.3081e-05   3.1267e-04
   1.0400e+02   4.8853e-04   2.6395e-04   8.4243e-05   2.7878e-04
   1.0600e+02   4.3310e-04   2.3868e-04   7.5985e-05   2.3978e-04
   1.0800e+02   4.0548e-04   2.1272e-04   6.6195e-05   2.1661e-04
   1.1000e+02   3.6935e-04   1.8749e-04   6.0658e-05   1.9717e-04
   1.1200e+02   3.4060e-04   1.7443e-04   5.5308e-05   1.7450e-04
   1.1400e+02   3.0875e-04   1.5414e-04   4.9013e-05   1.5289e-04
   1.1600e+02   2.8005e-04   1.4431e-04   4.5507e-05   1.3468e-04
   1.1800e+02   2.5917e-04   1.3076e-04   4.0809e-05   1.2324e-04
   1.2000e+02   2.3423e-04   1.1940e-04   3.6113e-05   1.1020e-04
   1.2200e+02   2.1276e-04   1.0694e-04   3.3000e-05   9.7195e-05
   1.2400e+02   1.9839e-04   9.7773e-05   2.9830e-05   9.0156e-05
   1.2600e+02   1.8262e-04   8.7798e-05   2.7138e-05   8.0751e-05
   1.2800e+02   1.6677e-04   7.8822e-05   2.4568e-05   7.2610e-05
   1.3000e+02   1.5099e-04   7.4698e-05   2.2321e-05   6.6283e-05
   1.3200e+02   1.4169e-04   6.7053e-05   2.0379e-05   6.0116e-05
   1.3400e+02   1.2726e-04   6.1134e-05   1.8429e-05   5.4571e-05
   1.3600e+02   1.1982e-04   5.5867e-05   1.6666e-05   4.8704e-05
   1.3800e+02   1.0823e-04   5.1107e-05   1.5338e-05   4.4720e-05
   1.4000e+02   1.0031e-04   4.7669e-05   1.3744e-05   4.0572e-05
   1.4200e+02   9.3408e-05   4.2288e-05   1.2391e-05   3.6665e-05
   1.4400e+02   8.3098e-05   3.8552e-05   1.1415e-05   3.3321e-05
   1.4600e+02   7.8330e-05   3.5231e-05   1.0546e-05   3.0440e-05
   1.4800e+02   6.8728e-05   3.2553e-05   9.3630e-06   2.7420e-05
   1.5000e+02   6.4840e-05   3.0225e-05   8.6446e-06   2.5967e-05
   1.5200e+02   6.0165e-05   2.7523e-05   7.9799e-06   2.4093e-05
   1.5400e+02   5.6284e-05   2.4986e-05   7.2270e-06   2.2052e-05
   1.5600e+02   5.0700e-05   2.3433e-05   6.4915e-06   2.0727e-05
   1.5800e+02   4.7154e-05   2.0984e-05   6.1800e-06   1.8917e-05
   1.6000e+02   4.3603e-05   1.9408e-05   5.6209e-06   1.7437e-05
   1.6200e+02   4.0417e-05   1.7940e-05   5.0699e-06   1.6118e-05
   1.6400e+02   3.7599e-05   1.6465e-05   4.6758e-06   1.5202e-05
   1.6600e+02   3.4740e-05   1.5226e-05   4.1873e-06   1.4188e-05
   1.6800e+02   3.1678e-05   1.4235e-05   3.8997e-06   1.3263e-05
   1.7000e+02   2.9596e-05   1.2813e-05   3.5468e-06   1.1964e-05
   1.7200e+02   2.7371e-05   1.1847e-05   3.2871e-06   1.1410e-05
   1.7400e+02   2.5651e-05   1.1021e-05   3.0348e-06   1.0678e-05
   1.7600e+02   2.3237e-05   1.0090e-05   2.7445e-06   9.8814e-06
   1.7800e+02   2.1953e-05   9.2717e-06   2.5565e-06   9.3568e-06
   1.8000e+02   2.0633e-05   8.7834e-06   2.4141e-06   8.9181e-06
   1.8200e+02   1.9326e-05   8.1058e-06   2.1930e-06   8.3804e-06
   1.8400e+02   1.7825e-05   7.5601e-06   2.0203e-06   7.8402e-06
   1.8600e+02   1.6827e-05   7.2199e-06   1.9148e-06   7.6478e-06
   1.8800e+02   1.5818e-05   6.5421e-06   1.7623e-06   7.1368e-06
   1.9000e+02   1.4736e-05   6.0331e-06   1.6526e-06   6.7523e-06
   1.9200e+02   1.1265e-05   4.6701e-06   1.2401e-06   6.4619e-06
   1.9400e+02   1.0513e-05   4.3119e-06   1.1440e-06   6.3058e-06
   1.9600e+02   9.7525e-06   4.0053e-06   1.0613e-06   6.1932e-06
   1.9800e+02   9.0653e-06   3.7103e-06   9.7063e-07   5.9007e-06
   2.0000e+02   8.2901e-06   3.4414e-06   8.9674e-07   5.9196e-06
   2.0200e+02   7.8848e-06   3.1918e-06   8.2914e-07   5.6526e-06
   2.0400e+02   7.2268e-06   2.8762e-06   7.6912e-07   5.5405e-06
   2.0600e+02   6.7901e-06   2.7293e-06   7.0078e-07   5.4223e-06
   2.0800e+02   6.3072e-06   2.5767e-06   6.5114e-07   5.3389e-06
   2.1000e+02   5.8285e-06   2.3222e-06   5.9500e-07   5.3528e-06
   2.1200e+02   5.3610e-06   2.1863e-06   5.3977e-07   5.3571e-06
   2.1400e+02   4.9902e-06   1.9970e-06   5.0745e-07   5.4078e-06
   2.1600e+02   4.7644e-06   1.8858e-06   4.6915e-07   5.4695e-06
   2.1800e+02   4.3659e-06   1.7252e-06   4.4033e-07   5.6383e-06
   2.2000e+02   4.1220e-06   1.6393e-06   4.1073e-07   5.7874e-06
   2.2200e+02   3.8888e-06   1.5464e-06   3.8832e-07   6.0767e-06
   2.2400e+02   3.6486e-06   1.4518e-06   3.5506e-07   6.2566e-06
   2.2600e+02   3.5177e-06   1.3740e-06   3.3920e-07   6.4756e-06
   2.2800e+02   3.2408e-06   1.3122e-06   3.1851e-07   6.7890e-06
   2.3000e+02   3.1095e-06   1.2043e-06   2.9614e-07   7.1751e-06
   2.3200e+02   3.0196e-06   1.1971e-06   2.8887e-07   7.7569e-06
   2.3400e+02   2.9222e-06   1.1472e-06   2.7790e-07   8.3681e-06
   2.3600e+02   2.7884e-06   1.1128e-06   2.6893e-07   8.8968e-06
   2.3800e+02   2.7559e-06   1.0956e-06   2.6119e-07   9.9392e-06
   2.4000e+02   2.7223e-06   1.0851e-06   2.5734e-07   1.0688e-05
   2.4200e+02   2.7521e-06   1.0919e-06   2.5228e-07   1.2088e-05
   2.4400e+02   2.7300e-06   1.1148e-06   2.4999e-07   1.2945e-05
   2.4600e+02   2.8034e-06   1.1180e-06   2.4896e-07   1.4778e-05
   2.4800e+02   2.8246e-06   1.0926e-06   2.4699e-07   1.6257e-05
   2.5000e+02   2.9010e-06   1.1606e-06   2.4701e-07   1.7926e-05
   2.5200e+02   3.0619e-06   1.1773e-06   2.5357e-07   2.0209e-05
   2.5400e+02   3.1299e-06   1.2134e-06   2.5482e-07   2.2884e-05
