# The data in this file was extracted from a direct numerical
# simulation of fully developed plane turbulent channel
# flow. Particulars are listed below. Note that some of the statistical
# quantities provided in this data set should be zero due to
# (statistical) symmetries in the flow. These quantities are reported
# here none-the-less as an indicator of the quality of the statistics.
# more statistics from this data set are available at 
# http://www.tam.uiuc.edu/Faculty/Moser/channel 
#
# Authors: Moser, Kim & Mansour
# Reference: DNS of Turbulent Channel Flow up to Re_tau=590, 1999,
#            Physics of Fluids, vol 11, 943-945.
# Numerical Method: Kim, Moin & Moser, 1987, J. Fluid Mech. vol 177, 133-166 
# Re_tau = 392.24
# Normalization: U_tau, h 
# Description: Spanwise (z) One-dimensional spectra of velocity and pressure at indicated y-location 
# Filename: chan395/spectra/chan395.zspec.251 
# Date File Created: Mar 01, 2000 
#
#---End of Header---
# 
# nz = 256,  Re = 392.24,  y = 0.64010,  y+ = 251.08
#
#     k_z          E_uu         E_vv         E_ww         E_pp
#
   0.0000e+00   6.4415e-02   4.3881e-02   6.8742e-02   2.9951e-01
   2.0000e+00   3.8657e-01   9.0590e-02   1.6995e-01   3.8145e-01
   4.0000e+00   2.9277e-01   7.8790e-02   1.3670e-01   2.1843e-01
   6.0000e+00   2.0570e-01   7.3434e-02   9.4734e-02   1.3541e-01
   8.0000e+00   1.1094e-01   5.7063e-02   5.8783e-02   8.6571e-02
   1.0000e+01   7.6101e-02   4.4565e-02   3.9143e-02   6.3177e-02
   1.2000e+01   4.6999e-02   3.3240e-02   2.6741e-02   4.4881e-02
   1.4000e+01   3.2612e-02   2.6215e-02   1.8551e-02   3.3512e-02
   1.6000e+01   2.5666e-02   2.1184e-02   1.3090e-02   2.5891e-02
   1.8000e+01   1.8295e-02   1.5337e-02   9.1947e-03   1.8285e-02
   2.0000e+01   1.3305e-02   1.2473e-02   6.8760e-03   1.3873e-02
   2.2000e+01   1.0631e-02   1.0497e-02   5.2053e-03   1.0523e-02
   2.4000e+01   8.2383e-03   7.9171e-03   3.8803e-03   8.3219e-03
   2.6000e+01   6.3155e-03   6.6151e-03   2.9246e-03   6.0479e-03
   2.8000e+01   5.3208e-03   5.3793e-03   2.2879e-03   4.7957e-03
   3.0000e+01   4.0037e-03   4.3542e-03   1.7437e-03   3.6574e-03
   3.2000e+01   3.1113e-03   3.4752e-03   1.3515e-03   2.9307e-03
   3.4000e+01   2.4936e-03   2.7585e-03   1.0901e-03   2.3512e-03
   3.6000e+01   2.0453e-03   2.2165e-03   8.4376e-04   1.8330e-03
   3.8000e+01   1.7255e-03   1.9006e-03   6.9027e-04   1.4665e-03
   4.0000e+01   1.4112e-03   1.5451e-03   5.3887e-04   1.1773e-03
   4.2000e+01   1.1537e-03   1.2690e-03   4.4476e-04   9.0268e-04
   4.4000e+01   1.0017e-03   1.0583e-03   3.5365e-04   7.1246e-04
   4.6000e+01   8.0450e-04   8.6790e-04   2.8529e-04   5.9659e-04
   4.8000e+01   6.8691e-04   7.2282e-04   2.3071e-04   4.7799e-04
   5.0000e+01   5.5879e-04   5.8751e-04   1.9383e-04   3.8401e-04
   5.2000e+01   4.7313e-04   5.0530e-04   1.5585e-04   3.0855e-04
   5.4000e+01   3.9578e-04   4.1805e-04   1.2903e-04   2.4695e-04
   5.6000e+01   3.2302e-04   3.4763e-04   1.0659e-04   2.0585e-04
   5.8000e+01   2.8140e-04   2.9312e-04   8.7572e-05   1.6310e-04
   6.0000e+01   2.3997e-04   2.4683e-04   7.2749e-05   1.3579e-04
   6.2000e+01   2.0810e-04   2.0265e-04   6.0861e-05   1.1014e-04
   6.4000e+01   1.7420e-04   1.8128e-04   5.2078e-05   8.9489e-05
   6.6000e+01   1.4560e-04   1.4691e-04   4.2658e-05   7.3855e-05
   6.8000e+01   1.2856e-04   1.3117e-04   3.6550e-05   5.8769e-05
   7.0000e+01   1.1170e-04   1.0848e-04   3.1278e-05   4.9844e-05
   7.2000e+01   9.0355e-05   9.6598e-05   2.6262e-05   4.0870e-05
   7.4000e+01   7.8471e-05   7.9172e-05   2.1634e-05   3.4135e-05
   7.6000e+01   6.9628e-05   6.8586e-05   1.8087e-05   2.8282e-05
   7.8000e+01   6.0453e-05   5.9688e-05   1.5474e-05   2.3354e-05
   8.0000e+01   5.1416e-05   5.1351e-05   1.3234e-05   1.9300e-05
   8.2000e+01   4.4023e-05   4.2517e-05   1.1282e-05   1.5751e-05
   8.4000e+01   3.9948e-05   3.7198e-05   9.7923e-06   1.3413e-05
   8.6000e+01   3.3067e-05   3.2362e-05   8.3867e-06   1.1394e-05
   8.8000e+01   2.9517e-05   2.7878e-05   7.1431e-06   9.4384e-06
   9.0000e+01   2.5613e-05   2.4178e-05   6.1392e-06   8.0128e-06
   9.2000e+01   2.1721e-05   2.0750e-05   5.1749e-06   6.9001e-06
   9.4000e+01   1.8894e-05   1.8131e-05   4.3842e-06   5.6617e-06
   9.6000e+01   1.6567e-05   1.6096e-05   3.8812e-06   4.9952e-06
   9.8000e+01   1.4581e-05   1.4054e-05   3.3004e-06   4.1135e-06
   1.0000e+02   1.2591e-05   1.1858e-05   2.8196e-06   3.5548e-06
   1.0200e+02   1.1044e-05   1.0555e-05   2.4839e-06   3.0530e-06
   1.0400e+02   9.7753e-06   9.0508e-06   2.0795e-06   2.5687e-06
   1.0600e+02   8.5588e-06   7.7932e-06   1.8587e-06   2.1778e-06
   1.0800e+02   7.4881e-06   6.9969e-06   1.5625e-06   1.8731e-06
   1.1000e+02   6.5941e-06   5.9974e-06   1.3854e-06   1.6410e-06
   1.1200e+02   5.7899e-06   5.2615e-06   1.1973e-06   1.4027e-06
   1.1400e+02   5.1870e-06   4.5260e-06   1.0439e-06   1.1963e-06
   1.1600e+02   4.5020e-06   4.1127e-06   9.1647e-07   1.0331e-06
   1.1800e+02   4.0398e-06   3.5070e-06   7.9097e-07   9.0061e-07
   1.2000e+02   3.4549e-06   3.1110e-06   6.8421e-07   7.7805e-07
   1.2200e+02   3.1133e-06   2.7371e-06   5.9825e-07   6.6249e-07
   1.2400e+02   2.7518e-06   2.3201e-06   5.1233e-07   6.0178e-07
   1.2600e+02   2.3520e-06   2.0952e-06   4.4782e-07   5.1427e-07
   1.2800e+02   2.1437e-06   1.8497e-06   4.0267e-07   4.4207e-07
   1.3000e+02   1.8613e-06   1.6295e-06   3.4535e-07   3.8876e-07
   1.3200e+02   1.6604e-06   1.4161e-06   3.0765e-07   3.4144e-07
   1.3400e+02   1.4783e-06   1.2505e-06   2.6308e-07   2.8894e-07
   1.3600e+02   1.3173e-06   1.1014e-06   2.3534e-07   2.6062e-07
   1.3800e+02   1.1545e-06   9.7921e-07   2.0470e-07   2.2480e-07
   1.4000e+02   1.0388e-06   8.4905e-07   1.8070e-07   2.0051e-07
   1.4200e+02   9.0810e-07   7.6671e-07   1.5933e-07   1.7891e-07
   1.4400e+02   8.1094e-07   6.7471e-07   1.3856e-07   1.5672e-07
   1.4600e+02   7.0339e-07   5.8718e-07   1.2360e-07   1.4185e-07
   1.4800e+02   6.4313e-07   5.2783e-07   1.0774e-07   1.2676e-07
   1.5000e+02   5.7208e-07   4.7002e-07   9.3832e-08   1.1229e-07
   1.5200e+02   5.0016e-07   4.2199e-07   8.2034e-08   9.9088e-08
   1.5400e+02   4.5382e-07   3.6006e-07   7.3847e-08   8.8915e-08
   1.5600e+02   3.9310e-07   3.2126e-07   6.4044e-08   7.9786e-08
   1.5800e+02   3.6044e-07   2.8691e-07   5.7407e-08   7.1498e-08
   1.6000e+02   3.1281e-07   2.5554e-07   4.9751e-08   6.4383e-08
   1.6200e+02   2.8273e-07   2.2529e-07   4.4333e-08   5.7210e-08
   1.6400e+02   2.5635e-07   2.0333e-07   3.9102e-08   5.2739e-08
   1.6600e+02   2.2739e-07   1.7741e-07   3.4588e-08   4.6683e-08
   1.6800e+02   2.0420e-07   1.5964e-07   3.0661e-08   4.3877e-08
   1.7000e+02   1.8500e-07   1.4013e-07   2.7273e-08   3.9446e-08
   1.7200e+02   1.6743e-07   1.2775e-07   2.4492e-08   3.6168e-08
   1.7400e+02   1.4850e-07   1.1438e-07   2.1651e-08   3.2177e-08
   1.7600e+02   1.2857e-07   1.0282e-07   1.9171e-08   2.9930e-08
   1.7800e+02   1.1873e-07   9.1232e-08   1.6851e-08   2.7173e-08
   1.8000e+02   1.0586e-07   8.2031e-08   1.5564e-08   2.4891e-08
   1.8200e+02   9.4741e-08   7.4434e-08   1.3542e-08   2.2998e-08
   1.8400e+02   8.5555e-08   6.7061e-08   1.2301e-08   2.1043e-08
   1.8600e+02   7.8725e-08   6.0315e-08   1.0875e-08   1.9578e-08
   1.8800e+02   7.3409e-08   5.3723e-08   1.0204e-08   1.7678e-08
   1.9000e+02   6.3938e-08   4.7514e-08   8.8499e-09   1.6298e-08
   1.9200e+02   5.2510e-08   3.8407e-08   6.9446e-09   1.5012e-08
   1.9400e+02   4.7402e-08   3.4348e-08   6.3232e-09   1.3700e-08
   1.9600e+02   4.2105e-08   3.1158e-08   5.5486e-09   1.2685e-08
   1.9800e+02   3.8616e-08   2.6891e-08   4.9379e-09   1.1739e-08
   2.0000e+02   3.3471e-08   2.5052e-08   4.5155e-09   1.1293e-08
   2.0200e+02   3.0407e-08   2.1740e-08   3.9792e-09   1.0564e-08
   2.0400e+02   2.7471e-08   1.9787e-08   3.5512e-09   9.9054e-09
   2.0600e+02   2.4490e-08   1.7276e-08   3.1885e-09   9.1001e-09
   2.0800e+02   2.2157e-08   1.5606e-08   2.8356e-09   8.9726e-09
   2.1000e+02   1.9549e-08   1.4127e-08   2.5222e-09   8.3555e-09
   2.1200e+02   1.8003e-08   1.2430e-08   2.2371e-09   8.1259e-09
   2.1400e+02   1.6190e-08   1.1317e-08   2.0455e-09   7.8579e-09
   2.1600e+02   1.4315e-08   1.0111e-08   1.8324e-09   7.7178e-09
   2.1800e+02   1.3101e-08   9.1611e-09   1.6402e-09   7.5766e-09
   2.2000e+02   1.1434e-08   8.0410e-09   1.4523e-09   7.3943e-09
   2.2200e+02   1.0472e-08   7.4557e-09   1.3068e-09   7.6150e-09
   2.2400e+02   9.5148e-09   6.6736e-09   1.1761e-09   7.4896e-09
   2.2600e+02   8.6490e-09   6.1104e-09   1.0653e-09   7.7585e-09
   2.2800e+02   7.9229e-09   5.5512e-09   9.8611e-10   7.7180e-09
   2.3000e+02   6.9782e-09   5.0330e-09   8.7268e-10   8.0573e-09
   2.3200e+02   6.4854e-09   4.6098e-09   8.1301e-10   8.5888e-09
   2.3400e+02   5.9106e-09   4.2438e-09   7.3079e-10   9.0364e-09
   2.3600e+02   5.4992e-09   3.8542e-09   6.7516e-10   9.7171e-09
   2.3800e+02   5.2217e-09   3.6324e-09   6.3778e-10   1.0342e-08
   2.4000e+02   4.9867e-09   3.5018e-09   6.0295e-10   1.1384e-08
   2.4200e+02   4.9599e-09   3.4189e-09   6.0212e-10   1.2367e-08
   2.4400e+02   4.7765e-09   3.3436e-09   5.8974e-10   1.3565e-08
   2.4600e+02   4.9279e-09   3.4461e-09   5.8531e-10   1.5108e-08
   2.4800e+02   5.1147e-09   3.3948e-09   5.9418e-10   1.6802e-08
   2.5000e+02   5.4792e-09   3.7024e-09   6.0772e-10   1.9070e-08
   2.5200e+02   5.7969e-09   3.8744e-09   5.9936e-10   2.2263e-08
   2.5400e+02   6.0110e-09   4.0017e-09   6.1124e-10   2.6481e-08
