# The data in this file was extracted from a direct numerical
# simulation of fully developed plane turbulent channel
# flow. Particulars are listed below. Note that some of the statistical
# quantities provided in this data set should be zero due to
# (statistical) symmetries in the flow. These quantities are reported
# here none-the-less as an indicator of the quality of the statistics.
# more statistics from this data set are available at 
# http://www.tam.uiuc.edu/Faculty/Moser/channel 
#
# Authors: Moser, Kim & Mansour
# Reference: DNS of Turbulent Channel Flow up to Re_tau=590, 1999,
#            Physics of Fluids, vol 11, 943-945.
# Numerical Method: Kim, Moin & Moser, 1987, J. Fluid Mech. vol 177, 133-166 
# Re_tau = 392.24
# Normalization: U_tau, h 
# Description: Spanwise (z) One-dimensional spectra of velocity and pressure at indicated y-location 
# Filename: chan395/spectra/chan395.zspec.80 
# Date File Created: Mar 01, 2000 
#
#---End of Header---
# 
# nz = 256,  Re = 392.24,  y = 0.20416,  y+ =  80.08
#
#     k_z          E_uu         E_vv         E_ww         E_pp
#
   0.0000e+00   8.2926e-02   2.5644e-02   1.1150e-01   4.7335e-01
   2.0000e+00   4.0257e-01   5.5378e-02   2.7676e-01   7.5702e-01
   4.0000e+00   5.6749e-01   7.0985e-02   2.4830e-01   5.8573e-01
   6.0000e+00   4.3981e-01   8.1568e-02   1.9462e-01   4.6981e-01
   8.0000e+00   2.8650e-01   8.0584e-02   1.4094e-01   3.9110e-01
   1.0000e+01   2.7933e-01   9.0572e-02   1.1217e-01   3.1741e-01
   1.2000e+01   1.9051e-01   8.0340e-02   9.2496e-02   2.6154e-01
   1.4000e+01   1.4906e-01   6.9923e-02   6.8720e-02   2.0726e-01
   1.6000e+01   1.2139e-01   6.3256e-02   5.5693e-02   1.7204e-01
   1.8000e+01   8.2401e-02   5.0304e-02   4.2196e-02   1.3020e-01
   2.0000e+01   6.9705e-02   4.6226e-02   3.3165e-02   1.1314e-01
   2.2000e+01   5.5845e-02   3.9962e-02   2.6640e-02   9.2965e-02
   2.4000e+01   4.5315e-02   3.1806e-02   2.1238e-02   7.8485e-02
   2.6000e+01   3.6680e-02   2.8459e-02   1.6492e-02   6.1925e-02
   2.8000e+01   2.9249e-02   2.3780e-02   1.3708e-02   5.1968e-02
   3.0000e+01   2.5105e-02   2.0102e-02   1.0988e-02   4.3111e-02
   3.2000e+01   2.1370e-02   1.7274e-02   8.9393e-03   3.5639e-02
   3.4000e+01   1.8088e-02   1.5028e-02   7.4076e-03   3.0972e-02
   3.6000e+01   1.4478e-02   1.2442e-02   6.0613e-03   2.5227e-02
   3.8000e+01   1.2343e-02   1.0240e-02   4.8976e-03   2.1303e-02
   4.0000e+01   1.1028e-02   8.9664e-03   4.1151e-03   1.7602e-02
   4.2000e+01   9.2789e-03   8.0178e-03   3.5001e-03   1.4591e-02
   4.4000e+01   8.0610e-03   6.7210e-03   2.9515e-03   1.2400e-02
   4.6000e+01   6.8366e-03   5.9355e-03   2.4730e-03   1.0613e-02
   4.8000e+01   6.1760e-03   5.0581e-03   2.1016e-03   8.5965e-03
   5.0000e+01   5.2649e-03   4.3736e-03   1.7543e-03   7.4179e-03
   5.2000e+01   4.5305e-03   3.8719e-03   1.5571e-03   6.4143e-03
   5.4000e+01   3.8951e-03   3.3269e-03   1.2992e-03   5.5935e-03
   5.6000e+01   3.5807e-03   2.9380e-03   1.1128e-03   4.4643e-03
   5.8000e+01   3.1423e-03   2.5680e-03   9.7392e-04   3.9084e-03
   6.0000e+01   2.7520e-03   2.1941e-03   8.2681e-04   3.3080e-03
   6.2000e+01   2.4647e-03   1.9757e-03   7.2368e-04   2.8100e-03
   6.4000e+01   2.1926e-03   1.7204e-03   6.2634e-04   2.5112e-03
   6.6000e+01   1.8735e-03   1.5068e-03   5.4881e-04   2.0758e-03
   6.8000e+01   1.6556e-03   1.3129e-03   4.7004e-04   1.7717e-03
   7.0000e+01   1.5124e-03   1.1776e-03   4.1718e-04   1.5202e-03
   7.2000e+01   1.2891e-03   1.0221e-03   3.5091e-04   1.3072e-03
   7.4000e+01   1.1955e-03   9.2025e-04   3.1438e-04   1.1397e-03
   7.6000e+01   1.0480e-03   8.1748e-04   2.7849e-04   1.0082e-03
   7.8000e+01   9.6586e-04   6.9609e-04   2.4193e-04   8.4541e-04
   8.0000e+01   8.5384e-04   6.1697e-04   2.1142e-04   7.3258e-04
   8.2000e+01   7.3473e-04   5.6932e-04   1.8117e-04   6.3953e-04
   8.4000e+01   6.8581e-04   4.9566e-04   1.6622e-04   5.4010e-04
   8.6000e+01   6.1826e-04   4.3709e-04   1.4609e-04   4.8989e-04
   8.8000e+01   5.3520e-04   4.0145e-04   1.2760e-04   4.1374e-04
   9.0000e+01   5.0304e-04   3.5685e-04   1.1505e-04   3.5756e-04
   9.2000e+01   4.3555e-04   3.1863e-04   1.0262e-04   3.2503e-04
   9.4000e+01   3.9673e-04   2.8901e-04   9.0735e-05   2.8429e-04
   9.6000e+01   3.6520e-04   2.5327e-04   8.0961e-05   2.4565e-04
   9.8000e+01   3.2447e-04   2.3875e-04   7.1492e-05   2.1277e-04
   1.0000e+02   2.9712e-04   2.0831e-04   6.5480e-05   1.8889e-04
   1.0200e+02   2.6813e-04   1.8350e-04   5.7310e-05   1.6804e-04
   1.0400e+02   2.3886e-04   1.6935e-04   5.0519e-05   1.4644e-04
   1.0600e+02   2.2543e-04   1.5103e-04   4.5809e-05   1.3503e-04
   1.0800e+02   1.9748e-04   1.3671e-04   4.0078e-05   1.1980e-04
   1.1000e+02   1.8368e-04   1.1750e-04   3.7105e-05   1.0434e-04
   1.1200e+02   1.6344e-04   1.0977e-04   3.2729e-05   9.3629e-05
   1.1400e+02   1.4839e-04   9.8192e-05   2.9359e-05   8.3632e-05
   1.1600e+02   1.3524e-04   8.9808e-05   2.6287e-05   7.5537e-05
   1.1800e+02   1.2307e-04   8.1567e-05   2.3882e-05   6.6526e-05
   1.2000e+02   1.1430e-04   7.3672e-05   2.1685e-05   5.9660e-05
   1.2200e+02   1.0356e-04   6.6031e-05   1.9189e-05   5.3335e-05
   1.2400e+02   9.2126e-05   6.0371e-05   1.7435e-05   4.7754e-05
   1.2600e+02   8.5794e-05   5.3156e-05   1.5700e-05   4.3099e-05
   1.2800e+02   7.8964e-05   4.9564e-05   1.4244e-05   3.8057e-05
   1.3000e+02   7.1233e-05   4.4233e-05   1.2529e-05   3.5101e-05
   1.3200e+02   6.4141e-05   4.0792e-05   1.1757e-05   3.1753e-05
   1.3400e+02   6.0237e-05   3.6580e-05   1.0352e-05   2.8974e-05
   1.3600e+02   5.4240e-05   3.3477e-05   9.5402e-06   2.6107e-05
   1.3800e+02   4.9435e-05   3.0506e-05   8.4802e-06   2.4084e-05
   1.4000e+02   4.6612e-05   2.7671e-05   7.7470e-06   2.1949e-05
   1.4200e+02   4.1235e-05   2.4719e-05   7.0074e-06   2.0027e-05
   1.4400e+02   3.8695e-05   2.2956e-05   6.4488e-06   1.8020e-05
   1.4600e+02   3.5469e-05   2.0980e-05   5.7951e-06   1.6335e-05
   1.4800e+02   3.1517e-05   1.8992e-05   5.2077e-06   1.5070e-05
   1.5000e+02   2.8794e-05   1.7924e-05   4.7478e-06   1.3750e-05
   1.5200e+02   2.6537e-05   1.5864e-05   4.3373e-06   1.2486e-05
   1.5400e+02   2.4589e-05   1.4196e-05   3.9204e-06   1.1635e-05
   1.5600e+02   2.3006e-05   1.3266e-05   3.6437e-06   1.0660e-05
   1.5800e+02   2.0915e-05   1.2108e-05   3.2135e-06   9.9622e-06
   1.6000e+02   1.8968e-05   1.1104e-05   2.9946e-06   9.0287e-06
   1.6200e+02   1.7722e-05   1.0235e-05   2.6573e-06   8.4987e-06
   1.6400e+02   1.6315e-05   9.3751e-06   2.4993e-06   7.8009e-06
   1.6600e+02   1.4864e-05   8.3534e-06   2.2199e-06   7.3277e-06
   1.6800e+02   1.3783e-05   7.8605e-06   2.0721e-06   6.8844e-06
   1.7000e+02   1.2622e-05   7.2276e-06   1.8556e-06   6.4250e-06
   1.7200e+02   1.1721e-05   6.5388e-06   1.7221e-06   5.8537e-06
   1.7400e+02   1.0840e-05   6.0809e-06   1.5640e-06   5.4608e-06
   1.7600e+02   9.9692e-06   5.5794e-06   1.4385e-06   5.0295e-06
   1.7800e+02   9.3668e-06   5.1734e-06   1.3135e-06   4.6513e-06
   1.8000e+02   8.3900e-06   4.8028e-06   1.1971e-06   4.3814e-06
   1.8200e+02   7.9891e-06   4.5582e-06   1.1010e-06   4.1768e-06
   1.8400e+02   7.3090e-06   4.1254e-06   1.0218e-06   3.9189e-06
   1.8600e+02   6.7284e-06   3.9121e-06   9.4773e-07   3.6619e-06
   1.8800e+02   6.4664e-06   3.5585e-06   8.7192e-07   3.4286e-06
   1.9000e+02   6.2057e-06   3.4088e-06   8.1715e-07   3.2997e-06
   1.9200e+02   4.5861e-06   2.5943e-06   6.1503e-07   3.0696e-06
   1.9400e+02   4.2959e-06   2.3901e-06   5.6288e-07   2.9824e-06
   1.9600e+02   4.0159e-06   2.2037e-06   5.2060e-07   2.8084e-06
   1.9800e+02   3.6182e-06   2.0537e-06   4.7044e-07   2.7096e-06
   2.0000e+02   3.3564e-06   1.8506e-06   4.3763e-07   2.6175e-06
   2.0200e+02   3.1302e-06   1.7150e-06   3.9999e-07   2.4760e-06
   2.0400e+02   2.7958e-06   1.5809e-06   3.6736e-07   2.4037e-06
   2.0600e+02   2.6455e-06   1.4844e-06   3.3398e-07   2.3168e-06
   2.0800e+02   2.5054e-06   1.3644e-06   3.1399e-07   2.2608e-06
   2.1000e+02   2.2476e-06   1.2580e-06   2.8429e-07   2.2198e-06
   2.1200e+02   2.1416e-06   1.1831e-06   2.6635e-07   2.1198e-06
   2.1400e+02   1.9789e-06   1.0935e-06   2.4303e-07   2.2413e-06
   2.1600e+02   1.8101e-06   9.9340e-07   2.2748e-07   2.1923e-06
   2.1800e+02   1.7391e-06   9.5304e-07   2.1144e-07   2.2261e-06
   2.2000e+02   1.5838e-06   8.7572e-07   1.9351e-07   2.2372e-06
   2.2200e+02   1.5112e-06   8.1998e-07   1.8283e-07   2.2634e-06
   2.2400e+02   1.3937e-06   7.4130e-07   1.6553e-07   2.3657e-06
   2.2600e+02   1.2726e-06   7.2028e-07   1.5583e-07   2.4155e-06
   2.2800e+02   1.2337e-06   6.9016e-07   1.4811e-07   2.5420e-06
   2.3000e+02   1.1858e-06   6.5351e-07   1.3581e-07   2.7494e-06
   2.3200e+02   1.1284e-06   6.1630e-07   1.3186e-07   2.8028e-06
   2.3400e+02   1.0706e-06   5.9783e-07   1.2608e-07   3.0148e-06
   2.3600e+02   1.0804e-06   5.7932e-07   1.2156e-07   3.1347e-06
   2.3800e+02   1.0092e-06   5.6094e-07   1.1526e-07   3.4315e-06
   2.4000e+02   1.0153e-06   5.6029e-07   1.1305e-07   3.7486e-06
   2.4200e+02   9.9018e-07   5.5997e-07   1.0867e-07   4.1515e-06
   2.4400e+02   1.0079e-06   5.6612e-07   1.0825e-07   4.5187e-06
   2.4600e+02   1.0416e-06   5.6179e-07   1.0953e-07   5.0296e-06
   2.4800e+02   1.0658e-06   5.8509e-07   1.0812e-07   5.5486e-06
   2.5000e+02   1.0990e-06   5.9346e-07   1.0835e-07   6.2574e-06
   2.5200e+02   1.1507e-06   6.0833e-07   1.0912e-07   6.8914e-06
   2.5400e+02   1.1405e-06   6.3262e-07   1.0872e-07   7.6843e-06
