# The data in this file was extracted from a direct numerical
# simulation of fully developed plane turbulent channel
# flow. Particulars are listed below. Note that some of the statistical
# quantities provided in this data set should be zero due to
# (statistical) symmetries in the flow. These quantities are reported
# here none-the-less as an indicator of the quality of the statistics.
# more statistics from this data set are available at 
# http://www.tam.uiuc.edu/Faculty/Moser/channel 
#
# Authors: Moser, Kim & Mansour
# Reference: DNS of Turbulent Channel Flow up to Re_tau=590, 1999,
#            Physics of Fluids, vol 11, 943-945.
# Numerical Method: Kim, Moin & Moser, 1987, J. Fluid Mech. vol 177, 133-166 
# Re_tau = 392.24
# Normalization: U_tau, h 
# Description: Spanwise (z) One-dimensional spectra of velocity and pressure at indicated y-location 
# Filename: chan395/spectra/chan395.zspec.151 
# Date File Created: Mar 01, 2000 
#
#---End of Header---
# 
# nz = 256,  Re = 392.24,  y = 0.38477,  y+ = 150.92
#
#     k_z          E_uu         E_vv         E_ww         E_pp
#
   0.0000e+00   7.1430e-02   3.7088e-02   9.6130e-02   4.3581e-01
   2.0000e+00   4.3074e-01   8.7561e-02   2.6250e-01   6.1996e-01
   4.0000e+00   5.0877e-01   9.8170e-02   2.0793e-01   4.3464e-01
   6.0000e+00   3.5471e-01   1.0065e-01   1.5524e-01   3.0274e-01
   8.0000e+00   2.0801e-01   8.4489e-02   1.0592e-01   2.2650e-01
   1.0000e+01   1.5887e-01   7.4764e-02   7.6104e-02   1.6842e-01
   1.2000e+01   1.0322e-01   6.0044e-02   5.3595e-02   1.2574e-01
   1.4000e+01   7.2342e-02   4.4231e-02   3.9879e-02   9.4004e-02
   1.6000e+01   5.2509e-02   3.9796e-02   2.7968e-02   7.3871e-02
   1.8000e+01   4.2593e-02   3.1951e-02   2.0644e-02   5.6794e-02
   2.0000e+01   3.1223e-02   2.6817e-02   1.5747e-02   4.5026e-02
   2.2000e+01   2.4284e-02   2.1224e-02   1.1829e-02   3.5138e-02
   2.4000e+01   1.9006e-02   1.6776e-02   9.1809e-03   2.7889e-02
   2.6000e+01   1.5193e-02   1.4727e-02   7.2015e-03   2.2799e-02
   2.8000e+01   1.2593e-02   1.1563e-02   5.7449e-03   1.7422e-02
   3.0000e+01   1.0226e-02   9.7359e-03   4.6786e-03   1.3477e-02
   3.2000e+01   8.4130e-03   8.1885e-03   3.6472e-03   1.1188e-02
   3.4000e+01   6.8673e-03   6.6905e-03   2.9724e-03   9.1414e-03
   3.6000e+01   5.4904e-03   5.6062e-03   2.4111e-03   7.2733e-03
   3.8000e+01   4.5049e-03   4.7107e-03   1.9458e-03   5.9021e-03
   4.0000e+01   3.9467e-03   4.1098e-03   1.6210e-03   4.8764e-03
   4.2000e+01   3.2191e-03   3.3880e-03   1.3411e-03   3.8430e-03
   4.4000e+01   2.7712e-03   2.9618e-03   1.1300e-03   3.2050e-03
   4.6000e+01   2.3593e-03   2.4147e-03   8.8730e-04   2.5922e-03
   4.8000e+01   2.0183e-03   2.1263e-03   7.5837e-04   2.1242e-03
   5.0000e+01   1.6564e-03   1.7420e-03   6.1484e-04   1.7270e-03
   5.2000e+01   1.4628e-03   1.5515e-03   5.1858e-04   1.4692e-03
   5.4000e+01   1.2610e-03   1.2756e-03   4.4238e-04   1.2473e-03
   5.6000e+01   1.0842e-03   1.1400e-03   3.7422e-04   1.0313e-03
   5.8000e+01   9.4039e-04   9.6766e-04   3.1519e-04   8.2812e-04
   6.0000e+01   8.2390e-04   8.1671e-04   2.6281e-04   7.0081e-04
   6.2000e+01   6.9471e-04   7.0844e-04   2.2194e-04   5.8598e-04
   6.4000e+01   5.9259e-04   6.1990e-04   1.9785e-04   4.8514e-04
   6.6000e+01   5.3191e-04   5.3279e-04   1.6185e-04   4.0796e-04
   6.8000e+01   4.4918e-04   4.6758e-04   1.4294e-04   3.5058e-04
   7.0000e+01   3.9373e-04   4.0404e-04   1.1927e-04   2.8877e-04
   7.2000e+01   3.5920e-04   3.5172e-04   1.0616e-04   2.4624e-04
   7.4000e+01   2.9809e-04   2.9953e-04   9.0473e-05   2.1180e-04
   7.6000e+01   2.6625e-04   2.5882e-04   7.7948e-05   1.7238e-04
   7.8000e+01   2.3882e-04   2.2612e-04   6.7921e-05   1.4988e-04
   8.0000e+01   2.0776e-04   2.0554e-04   5.7636e-05   1.2498e-04
   8.2000e+01   1.7900e-04   1.7390e-04   4.9535e-05   1.0838e-04
   8.4000e+01   1.6113e-04   1.4958e-04   4.4481e-05   9.1877e-05
   8.6000e+01   1.3815e-04   1.3466e-04   3.8227e-05   7.8377e-05
   8.8000e+01   1.2324e-04   1.1861e-04   3.3143e-05   6.7128e-05
   9.0000e+01   1.0941e-04   1.0691e-04   2.8518e-05   5.7456e-05
   9.2000e+01   9.3905e-05   9.2505e-05   2.5523e-05   4.8992e-05
   9.4000e+01   8.7456e-05   8.1775e-05   2.2846e-05   4.2491e-05
   9.6000e+01   7.7443e-05   7.0480e-05   1.9223e-05   3.7547e-05
   9.8000e+01   6.6922e-05   6.4896e-05   1.6903e-05   3.1098e-05
   1.0000e+02   6.0214e-05   5.4855e-05   1.4874e-05   2.6793e-05
   1.0200e+02   5.2898e-05   4.9728e-05   1.2911e-05   2.3460e-05
   1.0400e+02   4.8484e-05   4.3560e-05   1.1531e-05   2.0392e-05
   1.0600e+02   4.1316e-05   3.9923e-05   1.0114e-05   1.7578e-05
   1.0800e+02   3.7553e-05   3.5111e-05   8.9957e-06   1.5205e-05
   1.1000e+02   3.4040e-05   3.1802e-05   7.9267e-06   1.3466e-05
   1.1200e+02   3.0028e-05   2.8133e-05   7.0648e-06   1.1967e-05
   1.1400e+02   2.6717e-05   2.4657e-05   5.9754e-06   1.0449e-05
   1.1600e+02   2.3488e-05   2.1532e-05   5.3661e-06   9.2106e-06
   1.1800e+02   2.1548e-05   2.0186e-05   4.8478e-06   7.8350e-06
   1.2000e+02   1.9457e-05   1.7790e-05   4.2602e-06   6.9207e-06
   1.2200e+02   1.7350e-05   1.5939e-05   3.7519e-06   6.0371e-06
   1.2400e+02   1.5452e-05   1.4071e-05   3.2977e-06   5.3807e-06
   1.2600e+02   1.4004e-05   1.2439e-05   3.0294e-06   4.8024e-06
   1.2800e+02   1.2651e-05   1.1160e-05   2.6595e-06   4.2527e-06
   1.3000e+02   1.1112e-05   1.0077e-05   2.2977e-06   3.7833e-06
   1.3200e+02   1.0197e-05   8.8037e-06   2.0909e-06   3.4180e-06
   1.3400e+02   9.0017e-06   7.7724e-06   1.9110e-06   2.9935e-06
   1.3600e+02   8.1174e-06   7.2569e-06   1.6314e-06   2.6393e-06
   1.3800e+02   7.3503e-06   6.3557e-06   1.4774e-06   2.3827e-06
   1.4000e+02   6.5155e-06   5.7119e-06   1.2930e-06   2.1235e-06
   1.4200e+02   6.0664e-06   5.0751e-06   1.1848e-06   1.9621e-06
   1.4400e+02   5.3900e-06   4.5679e-06   1.0414e-06   1.7468e-06
   1.4600e+02   4.7484e-06   4.2139e-06   9.3036e-07   1.5571e-06
   1.4800e+02   4.3566e-06   3.7201e-06   8.4446e-07   1.4343e-06
   1.5000e+02   3.8761e-06   3.3419e-06   7.2689e-07   1.2987e-06
   1.5200e+02   3.5181e-06   3.0629e-06   6.6622e-07   1.1260e-06
   1.5400e+02   3.2025e-06   2.7112e-06   6.1028e-07   1.0393e-06
   1.5600e+02   2.8943e-06   2.4602e-06   5.3995e-07   9.5754e-07
   1.5800e+02   2.5742e-06   2.2114e-06   4.7191e-07   8.6629e-07
   1.6000e+02   2.3945e-06   2.0024e-06   4.2395e-07   7.8396e-07
   1.6200e+02   2.1646e-06   1.8402e-06   3.8496e-07   7.1470e-07
   1.6400e+02   1.9410e-06   1.6451e-06   3.4622e-07   6.6594e-07
   1.6600e+02   1.7541e-06   1.4672e-06   3.1637e-07   6.0171e-07
   1.6800e+02   1.5854e-06   1.3038e-06   2.7418e-07   5.5095e-07
   1.7000e+02   1.4412e-06   1.1990e-06   2.4787e-07   5.1687e-07
   1.7200e+02   1.3273e-06   1.0853e-06   2.3095e-07   4.6627e-07
   1.7400e+02   1.2056e-06   9.8566e-07   2.0134e-07   4.4051e-07
   1.7600e+02   1.0503e-06   9.2387e-07   1.8096e-07   4.0355e-07
   1.7800e+02   9.7899e-07   7.8992e-07   1.6377e-07   3.6408e-07
   1.8000e+02   8.9234e-07   7.3207e-07   1.4859e-07   3.4591e-07
   1.8200e+02   8.3441e-07   6.7741e-07   1.3549e-07   3.1752e-07
   1.8400e+02   7.6200e-07   6.0931e-07   1.2057e-07   2.8970e-07
   1.8600e+02   7.1272e-07   5.6940e-07   1.1188e-07   2.6658e-07
   1.8800e+02   6.5375e-07   5.3814e-07   1.0230e-07   2.5241e-07
   1.9000e+02   6.0542e-07   4.6970e-07   9.2551e-08   2.3945e-07
   1.9200e+02   4.6821e-07   3.7650e-07   7.3260e-08   2.2635e-07
   1.9400e+02   4.2574e-07   3.4435e-07   6.4891e-08   2.0995e-07
   1.9600e+02   3.8497e-07   3.1085e-07   5.9306e-08   1.9119e-07
   1.9800e+02   3.4839e-07   2.7867e-07   5.2488e-08   1.8094e-07
   2.0000e+02   3.1912e-07   2.6077e-07   4.7661e-08   1.7343e-07
   2.0200e+02   2.8989e-07   2.3347e-07   4.2446e-08   1.5812e-07
   2.0400e+02   2.5714e-07   2.1435e-07   3.9132e-08   1.4953e-07
   2.0600e+02   2.4382e-07   1.9123e-07   3.4989e-08   1.4702e-07
   2.0800e+02   2.1610e-07   1.7674e-07   3.1234e-08   1.3756e-07
   2.1000e+02   1.9779e-07   1.5924e-07   2.8308e-08   1.2914e-07
   2.1200e+02   1.8480e-07   1.4767e-07   2.6142e-08   1.2514e-07
   2.1400e+02   1.6874e-07   1.2911e-07   2.3417e-08   1.2570e-07
   2.1600e+02   1.5320e-07   1.2100e-07   2.1594e-08   1.1750e-07
   2.1800e+02   1.4312e-07   1.0993e-07   1.9495e-08   1.1723e-07
   2.2000e+02   1.2752e-07   1.0012e-07   1.7528e-08   1.1682e-07
   2.2200e+02   1.1737e-07   9.2022e-08   1.6032e-08   1.1444e-07
   2.2400e+02   1.0548e-07   8.3593e-08   1.4448e-08   1.1944e-07
   2.2600e+02   9.8699e-08   7.6265e-08   1.3089e-08   1.1747e-07
   2.2800e+02   9.1568e-08   7.0669e-08   1.2451e-08   1.2264e-07
   2.3000e+02   8.5304e-08   6.5334e-08   1.1114e-08   1.2663e-07
   2.3200e+02   7.9143e-08   6.1098e-08   1.0565e-08   1.3322e-07
   2.3400e+02   7.2662e-08   5.6215e-08   9.7874e-09   1.3871e-07
   2.3600e+02   7.0434e-08   5.3831e-08   9.3112e-09   1.4955e-07
   2.3800e+02   6.5026e-08   4.9770e-08   8.4242e-09   1.5738e-07
   2.4000e+02   6.5774e-08   5.0121e-08   8.2254e-09   1.6915e-07
   2.4200e+02   6.2090e-08   4.7861e-08   7.8410e-09   1.8072e-07
   2.4400e+02   6.5255e-08   4.8504e-08   8.0174e-09   2.0625e-07
   2.4600e+02   6.4645e-08   4.8113e-08   7.6974e-09   2.2318e-07
   2.4800e+02   6.9399e-08   5.0156e-08   8.1104e-09   2.5568e-07
   2.5000e+02   7.2646e-08   5.3012e-08   8.0964e-09   2.9188e-07
   2.5200e+02   7.8859e-08   5.7017e-08   8.6843e-09   3.5218e-07
   2.5400e+02   7.9187e-08   5.7539e-08   8.4818e-09   3.9847e-07
