# The data in this file was extracted from a direct numerical
# simulation of fully developed plane turbulent channel
# flow. Particulars are listed below. Note that some of the statistical
# quantities provided in this data set should be zero due to
# (statistical) symmetries in the flow. These quantities are reported
# here none-the-less as an indicator of the quality of the statistics.
# more statistics from this data set are available at 
# http://www.tam.uiuc.edu/Faculty/Moser/channel 
#
# Authors: Moser, Kim & Mansour
# Reference: DNS of Turbulent Channel Flow up to Re_tau=590, 1999,
#            Physics of Fluids, vol 11, 943-945.
# Numerical Method: Kim, Moin & Moser, 1987, J. Fluid Mech. vol 177, 133-166 
# Re_tau = 392.24
# Normalization: U_tau, h 
# Description: Streamwise (x) One-dimensional spectra of velocity and pressure at indicated y-location 
# Filename: chan395/spectra/chan395.xspec.151 
# Date File Created: Mar 01, 2000 
#
#---End of Header---
# 
# nx = 256,  Re = 392.24,  y = 0.38477,  y+ = 150.92
#
#     k_x          E_uu         E_vv         E_ww         E_pp
#
   0.0000e+00   5.5538e-01   3.8485e-02   2.8996e-02   6.6559e-02
   1.0000e+00   4.9656e-01   7.7798e-02   8.8127e-02   1.9791e-01
   2.0000e+00   2.8319e-01   7.0541e-02   1.2542e-01   2.4304e-01
   3.0000e+00   1.9090e-01   6.8475e-02   1.1487e-01   2.7051e-01
   4.0000e+00   1.3137e-01   5.6713e-02   9.0748e-02   2.4049e-01
   5.0000e+00   9.4779e-02   5.6518e-02   8.5626e-02   2.3744e-01
   6.0000e+00   7.4299e-02   4.8361e-02   7.6075e-02   1.8565e-01
   7.0000e+00   5.8425e-02   4.2647e-02   6.0544e-02   1.6285e-01
   8.0000e+00   4.6421e-02   3.9231e-02   5.5768e-02   1.4863e-01
   9.0000e+00   3.5421e-02   3.2590e-02   4.9533e-02   1.1925e-01
   1.0000e+01   2.7682e-02   3.0146e-02   3.8404e-02   1.1034e-01
   1.1000e+01   2.2967e-02   2.5102e-02   3.6732e-02   9.2259e-02
   1.2000e+01   2.0177e-02   2.3469e-02   3.0156e-02   8.0093e-02
   1.3000e+01   1.6669e-02   2.2036e-02   2.5821e-02   7.7629e-02
   1.4000e+01   1.4676e-02   1.8491e-02   2.3444e-02   6.5237e-02
   1.5000e+01   1.2086e-02   1.5799e-02   2.0121e-02   5.2252e-02
   1.6000e+01   1.0230e-02   1.4358e-02   1.8514e-02   5.1951e-02
   1.7000e+01   9.0823e-03   1.2941e-02   1.6264e-02   4.3101e-02
   1.8000e+01   7.8005e-03   1.1589e-02   1.5159e-02   3.8110e-02
   1.9000e+01   6.6985e-03   1.0464e-02   1.2685e-02   3.1980e-02
   2.0000e+01   5.8945e-03   8.8398e-03   1.1391e-02   2.8773e-02
   2.1000e+01   5.2109e-03   8.4514e-03   9.9105e-03   2.5586e-02
   2.2000e+01   4.5409e-03   7.0974e-03   8.4465e-03   2.0567e-02
   2.3000e+01   4.0484e-03   6.7290e-03   7.7171e-03   1.9907e-02
   2.4000e+01   3.4740e-03   6.1978e-03   6.7419e-03   1.7437e-02
   2.5000e+01   3.0090e-03   5.3937e-03   6.1414e-03   1.5227e-02
   2.6000e+01   2.8016e-03   4.9261e-03   5.3316e-03   1.2805e-02
   2.7000e+01   2.4140e-03   4.3653e-03   4.9097e-03   1.0871e-02
   2.8000e+01   2.1326e-03   4.0068e-03   4.5189e-03   1.0160e-02
   2.9000e+01   1.9102e-03   3.5688e-03   3.8195e-03   9.0950e-03
   3.0000e+01   1.7083e-03   3.2750e-03   3.4185e-03   7.5872e-03
   3.1000e+01   1.5190e-03   2.9435e-03   3.0689e-03   6.9383e-03
   3.2000e+01   1.3690e-03   2.6559e-03   2.9785e-03   6.3482e-03
   3.3000e+01   1.1917e-03   2.4426e-03   2.5037e-03   5.6895e-03
   3.4000e+01   1.1021e-03   2.1078e-03   2.2433e-03   5.0765e-03
   3.5000e+01   9.8322e-04   2.0357e-03   2.0450e-03   4.4089e-03
   3.6000e+01   9.2422e-04   1.8181e-03   1.9654e-03   4.0265e-03
   3.7000e+01   8.2012e-04   1.5590e-03   1.7596e-03   3.3541e-03
   3.8000e+01   7.4425e-04   1.5682e-03   1.5835e-03   3.0551e-03
   3.9000e+01   6.4710e-04   1.3895e-03   1.4031e-03   2.7821e-03
   4.0000e+01   5.7807e-04   1.2846e-03   1.2988e-03   2.5256e-03
   4.1000e+01   5.2126e-04   1.1537e-03   1.1269e-03   2.3037e-03
   4.2000e+01   5.0353e-04   1.0111e-03   1.1325e-03   1.9997e-03
   4.3000e+01   4.5386e-04   9.2380e-04   9.9632e-04   1.7513e-03
   4.4000e+01   4.1637e-04   8.5760e-04   9.0344e-04   1.6206e-03
   4.5000e+01   3.6869e-04   8.2741e-04   8.2296e-04   1.5282e-03
   4.6000e+01   3.2832e-04   7.2348e-04   7.8154e-04   1.3210e-03
   4.7000e+01   3.1221e-04   6.8109e-04   6.9223e-04   1.2043e-03
   4.8000e+01   2.7348e-04   6.1699e-04   6.2668e-04   1.0990e-03
   4.9000e+01   2.5285e-04   5.8358e-04   5.9400e-04   9.8052e-04
   5.0000e+01   2.2821e-04   5.3196e-04   5.4631e-04   8.8533e-04
   5.1000e+01   2.1670e-04   4.7737e-04   4.9499e-04   7.9411e-04
   5.2000e+01   1.8904e-04   4.4442e-04   4.5729e-04   7.2977e-04
   5.3000e+01   1.7755e-04   4.0602e-04   4.3786e-04   6.4233e-04
   5.4000e+01   1.6722e-04   3.8043e-04   3.8462e-04   5.8059e-04
   5.5000e+01   1.4791e-04   3.4759e-04   3.7181e-04   5.3413e-04
   5.6000e+01   1.3034e-04   3.1315e-04   3.2976e-04   4.8521e-04
   5.7000e+01   1.2520e-04   2.9854e-04   3.1422e-04   4.5300e-04
   5.8000e+01   1.1102e-04   2.7246e-04   2.9677e-04   3.9002e-04
   5.9000e+01   1.0345e-04   2.5322e-04   2.5765e-04   3.4964e-04
   6.0000e+01   9.6829e-05   2.3814e-04   2.4065e-04   3.2304e-04
   6.1000e+01   8.8782e-05   2.0915e-04   2.1891e-04   2.9641e-04
   6.2000e+01   8.2664e-05   2.0191e-04   2.0228e-04   2.7932e-04
   6.3000e+01   7.7500e-05   1.8255e-04   1.9056e-04   2.5126e-04
   6.4000e+01   7.0139e-05   1.7510e-04   1.7545e-04   2.2851e-04
   6.5000e+01   6.3947e-05   1.5722e-04   1.6542e-04   2.1352e-04
   6.6000e+01   5.8812e-05   1.5126e-04   1.5249e-04   1.8585e-04
   6.7000e+01   5.5741e-05   1.3696e-04   1.4075e-04   1.6660e-04
   6.8000e+01   5.0567e-05   1.3153e-04   1.2739e-04   1.5112e-04
   6.9000e+01   4.7320e-05   1.1829e-04   1.2292e-04   1.4443e-04
   7.0000e+01   4.4537e-05   1.1189e-04   1.1457e-04   1.3061e-04
   7.1000e+01   4.0531e-05   1.0230e-04   1.0568e-04   1.1645e-04
   7.2000e+01   3.7837e-05   9.5134e-05   1.0144e-04   1.0670e-04
   7.3000e+01   3.5184e-05   8.6845e-05   8.9787e-05   9.6912e-05
   7.4000e+01   3.2150e-05   8.0289e-05   8.4244e-05   8.6782e-05
   7.5000e+01   2.9873e-05   7.6548e-05   7.6514e-05   8.0111e-05
   7.6000e+01   2.7635e-05   7.1487e-05   7.2697e-05   7.5326e-05
   7.7000e+01   2.5125e-05   6.4675e-05   6.7581e-05   6.7256e-05
   7.8000e+01   2.3293e-05   6.3186e-05   6.1613e-05   6.1376e-05
   7.9000e+01   2.1568e-05   5.6589e-05   6.2160e-05   5.7215e-05
   8.0000e+01   2.0017e-05   5.4806e-05   5.4580e-05   5.2574e-05
   8.1000e+01   1.9014e-05   4.8623e-05   5.1213e-05   4.8173e-05
   8.2000e+01   1.7641e-05   4.6552e-05   4.7254e-05   4.5685e-05
   8.3000e+01   1.6400e-05   4.2693e-05   4.4604e-05   4.0777e-05
   8.4000e+01   1.4811e-05   4.2217e-05   4.0356e-05   3.8334e-05
   8.5000e+01   1.3849e-05   3.8430e-05   3.8546e-05   3.5276e-05
   8.6000e+01   1.2865e-05   3.5491e-05   3.5695e-05   3.1592e-05
   8.7000e+01   1.2395e-05   3.3234e-05   3.2833e-05   2.9444e-05
   8.8000e+01   1.1456e-05   3.0511e-05   3.1238e-05   2.8555e-05
   8.9000e+01   1.0501e-05   2.9283e-05   2.8727e-05   2.6299e-05
   9.0000e+01   9.9990e-06   2.7576e-05   2.7347e-05   2.3941e-05
   9.1000e+01   9.0067e-06   2.6013e-05   2.4894e-05   2.3078e-05
   9.2000e+01   8.6412e-06   2.3592e-05   2.3664e-05   2.0086e-05
   9.3000e+01   7.8832e-06   2.2442e-05   2.2000e-05   1.9227e-05
   9.4000e+01   7.4564e-06   1.9826e-05   2.1116e-05   1.8046e-05
   9.5000e+01   7.0290e-06   1.9904e-05   1.9961e-05   1.6569e-05
   9.6000e+01   6.4179e-06   1.8690e-05   1.8482e-05   1.5938e-05
   9.7000e+01   6.2483e-06   1.6702e-05   1.7323e-05   1.4862e-05
   9.8000e+01   5.6450e-06   1.6029e-05   1.6388e-05   1.4161e-05
   9.9000e+01   5.4147e-06   1.4723e-05   1.4947e-05   1.3817e-05
   1.0000e+02   4.9635e-06   1.4522e-05   1.4096e-05   1.3397e-05
   1.0100e+02   4.6627e-06   1.3107e-05   1.3534e-05   1.2570e-05
   1.0200e+02   4.4376e-06   1.3072e-05   1.2921e-05   1.1763e-05
   1.0300e+02   4.1694e-06   1.2054e-05   1.1892e-05   1.1528e-05
   1.0400e+02   3.9458e-06   1.1614e-05   1.1068e-05   1.1038e-05
   1.0500e+02   3.6850e-06   1.0782e-05   1.0577e-05   1.0700e-05
   1.0600e+02   3.5096e-06   9.8229e-06   9.4628e-06   1.0395e-05
   1.0700e+02   3.3249e-06   9.8287e-06   9.2646e-06   1.0577e-05
   1.0800e+02   3.1628e-06   9.1508e-06   8.9982e-06   1.0503e-05
   1.0900e+02   3.0010e-06   8.5837e-06   8.4809e-06   1.0236e-05
   1.1000e+02   2.8123e-06   8.2555e-06   8.1444e-06   1.0655e-05
   1.1100e+02   2.7323e-06   7.8532e-06   7.7419e-06   1.0750e-05
   1.1200e+02   2.6237e-06   7.3048e-06   7.5576e-06   1.1061e-05
   1.1300e+02   2.4812e-06   7.1867e-06   7.2032e-06   1.1048e-05
   1.1400e+02   2.3979e-06   7.1507e-06   6.8636e-06   1.1721e-05
   1.1500e+02   2.3501e-06   6.7147e-06   6.7258e-06   1.1899e-05
   1.1600e+02   2.2919e-06   6.3789e-06   6.6496e-06   1.2401e-05
   1.1700e+02   2.1936e-06   6.2524e-06   6.4963e-06   1.3098e-05
   1.1800e+02   2.1376e-06   6.2671e-06   6.2047e-06   1.3544e-05
   1.1900e+02   2.0761e-06   6.1121e-06   6.1970e-06   1.4112e-05
   1.2000e+02   2.0257e-06   5.8922e-06   6.0190e-06   1.4761e-05
   1.2100e+02   2.0731e-06   5.9169e-06   5.9337e-06   1.5604e-05
   1.2200e+02   1.9621e-06   5.8350e-06   6.1196e-06   1.7388e-05
   1.2300e+02   2.0243e-06   5.9382e-06   6.1244e-06   1.7827e-05
   1.2400e+02   1.9950e-06   6.0487e-06   6.0879e-06   1.9646e-05
   1.2500e+02   1.9604e-06   6.0713e-06   6.0062e-06   2.1052e-05
   1.2600e+02   1.9159e-06   5.7878e-06   6.2297e-06   2.2903e-05
   1.2700e+02   1.9896e-06   6.0709e-06   6.3473e-06   2.5264e-05
