# The data in this file was extracted from a direct numerical
# simulation of fully developed plane turbulent channel
# flow. Particulars are listed below. Note that some of the statistical
# quantities provided in this data set should be zero due to
# (statistical) symmetries in the flow. These quantities are reported
# here none-the-less as an indicator of the quality of the statistics.
# more statistics from this data set are available at 
# http://www.tam.uiuc.edu/Faculty/Moser/channel 
#
# Authors: Moser, Kim & Mansour
# Reference: DNS of Turbulent Channel Flow up to Re_tau=590, 1999,
#            Physics of Fluids, vol 11, 943-945.
# Numerical Method: Kim, Moin & Moser, 1987, J. Fluid Mech. vol 177, 133-166 
# Re_tau = 392.24
# Normalization: U_tau, h 
# Description: Spanwise (z) One-dimensional spectra of velocity and pressure at indicated y-location 
# Filename: chan395/spectra/chan395.zspec.199 
# Date File Created: Mar 01, 2000 
#
#---End of Header---
# 
# nz = 256,  Re = 392.24,  y = 0.50710,  y+ = 198.91
#
#     k_z          E_uu         E_vv         E_ww         E_pp
#
   0.0000e+00   7.7913e-02   3.9944e-02   8.3243e-02   3.6599e-01
   2.0000e+00   4.4164e-01   9.0693e-02   2.1435e-01   5.0925e-01
   4.0000e+00   4.1281e-01   9.1621e-02   1.7083e-01   3.1147e-01
   6.0000e+00   2.7743e-01   8.9153e-02   1.1955e-01   2.1755e-01
   8.0000e+00   1.4752e-01   7.0090e-02   8.0072e-02   1.5261e-01
   1.0000e+01   1.1302e-01   5.6333e-02   5.3950e-02   1.0859e-01
   1.2000e+01   7.2303e-02   4.6435e-02   3.9524e-02   7.8133e-02
   1.4000e+01   4.6930e-02   3.4677e-02   2.6081e-02   6.0306e-02
   1.6000e+01   3.8367e-02   2.9069e-02   1.9862e-02   4.4464e-02
   1.8000e+01   2.7423e-02   2.2850e-02   1.4211e-02   3.3898e-02
   2.0000e+01   2.1068e-02   1.8912e-02   1.0753e-02   2.6260e-02
   2.2000e+01   1.5434e-02   1.5369e-02   8.1213e-03   1.9362e-02
   2.4000e+01   1.2511e-02   1.2065e-02   6.3169e-03   1.5453e-02
   2.6000e+01   9.6301e-03   9.7709e-03   4.6892e-03   1.2321e-02
   2.8000e+01   7.8333e-03   8.1989e-03   3.6789e-03   9.1306e-03
   3.0000e+01   6.2873e-03   6.2014e-03   2.8790e-03   7.4531e-03
   3.2000e+01   5.0269e-03   5.3065e-03   2.2691e-03   5.8055e-03
   3.4000e+01   4.1161e-03   4.4095e-03   1.8091e-03   4.8392e-03
   3.6000e+01   3.4915e-03   3.7467e-03   1.5087e-03   3.8800e-03
   3.8000e+01   2.8631e-03   3.1143e-03   1.1859e-03   2.9698e-03
   4.0000e+01   2.3692e-03   2.5305e-03   9.6809e-04   2.3235e-03
   4.2000e+01   1.9927e-03   2.0827e-03   8.1624e-04   1.9077e-03
   4.4000e+01   1.6375e-03   1.7510e-03   6.6343e-04   1.5802e-03
   4.6000e+01   1.3830e-03   1.4197e-03   5.2566e-04   1.2040e-03
   4.8000e+01   1.1244e-03   1.2533e-03   4.2489e-04   9.9834e-04
   5.0000e+01   9.8118e-04   1.0278e-03   3.6950e-04   8.2015e-04
   5.2000e+01   8.2734e-04   8.8551e-04   2.9442e-04   7.0797e-04
   5.4000e+01   6.9841e-04   7.4017e-04   2.4986e-04   5.5635e-04
   5.6000e+01   5.9897e-04   6.2694e-04   2.0314e-04   4.5460e-04
   5.8000e+01   5.1209e-04   5.4364e-04   1.7633e-04   3.7146e-04
   6.0000e+01   4.3084e-04   4.6629e-04   1.4611e-04   3.1308e-04
   6.2000e+01   3.6994e-04   3.9617e-04   1.2389e-04   2.5332e-04
   6.4000e+01   3.3283e-04   3.3202e-04   1.0496e-04   2.1020e-04
   6.6000e+01   2.7720e-04   2.8514e-04   8.7851e-05   1.7795e-04
   6.8000e+01   2.4374e-04   2.4862e-04   7.5208e-05   1.4510e-04
   7.0000e+01   2.1137e-04   2.1420e-04   6.4536e-05   1.2431e-04
   7.2000e+01   1.8177e-04   1.8079e-04   5.4722e-05   1.0342e-04
   7.4000e+01   1.5531e-04   1.6030e-04   4.5827e-05   8.4192e-05
   7.6000e+01   1.3759e-04   1.3740e-04   4.0230e-05   7.1122e-05
   7.8000e+01   1.2243e-04   1.1609e-04   3.3378e-05   6.0365e-05
   8.0000e+01   1.0319e-04   9.9948e-05   2.8989e-05   5.0886e-05
   8.2000e+01   9.1810e-05   8.7993e-05   2.5437e-05   4.1552e-05
   8.4000e+01   8.1284e-05   7.9219e-05   2.1364e-05   3.6534e-05
   8.6000e+01   7.1419e-05   6.7240e-05   1.8896e-05   3.0603e-05
   8.8000e+01   6.1622e-05   5.8600e-05   1.5730e-05   2.5874e-05
   9.0000e+01   5.6286e-05   5.1282e-05   1.4153e-05   2.1805e-05
   9.2000e+01   4.6724e-05   4.5942e-05   1.1956e-05   1.8924e-05
   9.4000e+01   4.2034e-05   3.8310e-05   1.0421e-05   1.5556e-05
   9.6000e+01   3.6850e-05   3.4510e-05   9.1786e-06   1.3587e-05
   9.8000e+01   3.3211e-05   2.9782e-05   7.8788e-06   1.1599e-05
   1.0000e+02   2.8344e-05   2.6041e-05   6.8371e-06   9.9701e-06
   1.0200e+02   2.5460e-05   2.3208e-05   5.9639e-06   8.3530e-06
   1.0400e+02   2.2272e-05   1.9902e-05   5.1002e-06   7.1444e-06
   1.0600e+02   1.9689e-05   1.7716e-05   4.5158e-06   6.2281e-06
   1.0800e+02   1.6901e-05   1.5684e-05   3.9343e-06   5.3998e-06
   1.1000e+02   1.5653e-05   1.4076e-05   3.5192e-06   4.6563e-06
   1.1200e+02   1.3609e-05   1.2564e-05   3.0634e-06   4.0720e-06
   1.1400e+02   1.1960e-05   1.1055e-05   2.6528e-06   3.4387e-06
   1.1600e+02   1.0814e-05   9.2904e-06   2.2795e-06   3.0670e-06
   1.1800e+02   9.6409e-06   8.6664e-06   2.0568e-06   2.7093e-06
   1.2000e+02   8.5324e-06   7.2967e-06   1.7352e-06   2.3047e-06
   1.2200e+02   7.8670e-06   6.5514e-06   1.5581e-06   2.0492e-06
   1.2400e+02   6.7611e-06   5.8852e-06   1.3742e-06   1.8186e-06
   1.2600e+02   6.1419e-06   5.2242e-06   1.2339e-06   1.5682e-06
   1.2800e+02   5.2915e-06   4.6487e-06   1.0805e-06   1.4134e-06
   1.3000e+02   4.7418e-06   4.0469e-06   9.3819e-07   1.2439e-06
   1.3200e+02   4.3283e-06   3.6316e-06   8.3998e-07   1.0898e-06
   1.3400e+02   3.8176e-06   3.1864e-06   7.3119e-07   9.8356e-07
   1.3600e+02   3.4882e-06   2.8614e-06   6.5367e-07   8.4310e-07
   1.3800e+02   3.0613e-06   2.5738e-06   5.7010e-07   7.4325e-07
   1.4000e+02   2.7262e-06   2.2679e-06   4.9444e-07   6.7082e-07
   1.4200e+02   2.4378e-06   2.0393e-06   4.3966e-07   5.9734e-07
   1.4400e+02   2.2135e-06   1.8310e-06   4.0076e-07   5.3414e-07
   1.4600e+02   1.9824e-06   1.6264e-06   3.5218e-07   4.7241e-07
   1.4800e+02   1.7137e-06   1.4547e-06   3.1005e-07   4.1859e-07
   1.5000e+02   1.5536e-06   1.2688e-06   2.7678e-07   3.8611e-07
   1.5200e+02   1.3804e-06   1.1642e-06   2.4402e-07   3.4505e-07
   1.5400e+02   1.2451e-06   1.0213e-06   2.1992e-07   3.0954e-07
   1.5600e+02   1.1165e-06   9.3500e-07   1.9359e-07   2.7865e-07
   1.5800e+02   9.9142e-07   8.2394e-07   1.7167e-07   2.5709e-07
   1.6000e+02   8.9772e-07   7.4545e-07   1.5719e-07   2.2995e-07
   1.6200e+02   8.1096e-07   6.7248e-07   1.3848e-07   2.0736e-07
   1.6400e+02   7.3289e-07   6.1223e-07   1.2430e-07   1.8390e-07
   1.6600e+02   6.5771e-07   5.4519e-07   1.1095e-07   1.6370e-07
   1.6800e+02   5.9663e-07   4.8467e-07   9.8027e-08   1.5205e-07
   1.7000e+02   5.3632e-07   4.4008e-07   8.6403e-08   1.3834e-07
   1.7200e+02   4.8636e-07   3.9502e-07   7.7180e-08   1.3019e-07
   1.7400e+02   4.2402e-07   3.5142e-07   6.9119e-08   1.1938e-07
   1.7600e+02   3.9935e-07   3.2163e-07   6.2907e-08   1.0746e-07
   1.7800e+02   3.5086e-07   2.9394e-07   5.5312e-08   1.0093e-07
   1.8000e+02   3.1965e-07   2.5758e-07   4.9567e-08   8.9422e-08
   1.8200e+02   2.8988e-07   2.3452e-07   4.4437e-08   8.1685e-08
   1.8400e+02   2.6708e-07   2.0859e-07   4.0599e-08   7.5207e-08
   1.8600e+02   2.4378e-07   1.9080e-07   3.5966e-08   6.9333e-08
   1.8800e+02   2.2328e-07   1.7460e-07   3.2717e-08   6.1747e-08
   1.9000e+02   2.0706e-07   1.5675e-07   3.0119e-08   5.7060e-08
   1.9200e+02   1.5777e-07   1.3100e-07   2.3796e-08   5.3698e-08
   1.9400e+02   1.4430e-07   1.1754e-07   2.1716e-08   5.0691e-08
   1.9600e+02   1.3083e-07   1.0342e-07   1.9192e-08   4.7249e-08
   1.9800e+02   1.1859e-07   9.5951e-08   1.7460e-08   4.5163e-08
   2.0000e+02   1.0635e-07   8.2951e-08   1.5594e-08   4.1055e-08
   2.0200e+02   9.4249e-08   7.5638e-08   1.4001e-08   3.7907e-08
   2.0400e+02   8.7438e-08   6.7850e-08   1.2442e-08   3.6761e-08
   2.0600e+02   7.7989e-08   6.2869e-08   1.1116e-08   3.5092e-08
   2.0800e+02   7.1529e-08   5.4904e-08   1.0118e-08   3.3720e-08
   2.1000e+02   6.4483e-08   5.0148e-08   8.9088e-09   3.2560e-08
   2.1200e+02   5.8473e-08   4.6359e-08   7.9981e-09   3.1922e-08
   2.1400e+02   5.3143e-08   4.1406e-08   7.2124e-09   3.0608e-08
   2.1600e+02   4.8899e-08   3.8227e-08   6.5013e-09   3.0638e-08
   2.1800e+02   4.2757e-08   3.4814e-08   5.8605e-09   3.0565e-08
   2.2000e+02   3.9915e-08   3.1066e-08   5.4380e-09   2.9718e-08
   2.2200e+02   3.6544e-08   2.8228e-08   4.7323e-09   3.1005e-08
   2.2400e+02   3.2894e-08   2.5365e-08   4.3435e-09   3.0580e-08
   2.2600e+02   3.0303e-08   2.3020e-08   4.0289e-09   3.1386e-08
   2.2800e+02   2.7958e-08   2.1690e-08   3.5955e-09   3.1853e-08
   2.3000e+02   2.5661e-08   1.9928e-08   3.2708e-09   3.3805e-08
   2.3200e+02   2.3960e-08   1.7712e-08   2.9647e-09   3.4968e-08
   2.3400e+02   2.1436e-08   1.6760e-08   2.7205e-09   3.7395e-08
   2.3600e+02   2.0734e-08   1.5428e-08   2.5346e-09   3.9569e-08
   2.3800e+02   1.9929e-08   1.4773e-08   2.3975e-09   4.2479e-08
   2.4000e+02   1.9434e-08   1.4322e-08   2.2867e-09   4.6799e-08
   2.4200e+02   1.8681e-08   1.3789e-08   2.1842e-09   5.1328e-08
   2.4400e+02   1.8139e-08   1.4040e-08   2.1572e-09   5.6227e-08
   2.4600e+02   1.8975e-08   1.3854e-08   2.1597e-09   6.2668e-08
   2.4800e+02   1.9984e-08   1.4954e-08   2.2107e-09   6.9035e-08
   2.5000e+02   2.1496e-08   1.5367e-08   2.2892e-09   7.9170e-08
   2.5200e+02   2.2405e-08   1.6138e-08   2.3639e-09   9.2139e-08
   2.5400e+02   2.3568e-08   1.5794e-08   2.3772e-09   1.0927e-07
