# The data in this file was extracted from a direct numerical
# simulation of fully developed plane turbulent channel
# flow. Particulars are listed below. Note that some of the statistical
# quantities provided in this data set should be zero due to
# (statistical) symmetries in the flow. These quantities are reported
# here none-the-less as an indicator of the quality of the statistics.
# more statistics from this data set are available at 
# http://www.tam.uiuc.edu/Faculty/Moser/channel 
#
# Authors: Moser, Kim & Mansour
# Reference: DNS of Turbulent Channel Flow up to Re_tau=590, 1999,
#            Physics of Fluids, vol 11, 943-945.
# Numerical Method: Kim, Moin & Moser, 1987, J. Fluid Mech. vol 177, 133-166 
# Re_tau = 587.19
# Normalization: U_tau, h 
# Description: Spanwise (z) One-dimensional spectra of velocity and pressure at indicated y-location 
# Filename: chan590/spectra/chan590.zspec.152 
# Date File Created: Feb 29, 2000 
#
#---End of Header---
# 
# nz = 384,  Re = 587.19,  y = 0.25905,  y+ = 152.11
#
#     k_z          E_uu         E_vv         E_ww         E_pp
#
   0.0000e+00   8.0318e-02   3.4273e-02   1.0149e-01   4.8793e-01
   2.0000e+00   3.3787e-01   7.0130e-02   2.7159e-01   7.2582e-01
   4.0000e+00   6.5714e-01   9.1158e-02   2.3691e-01   5.4646e-01
   6.0000e+00   4.1219e-01   9.2192e-02   1.7644e-01   4.2266e-01
   8.0000e+00   2.7236e-01   9.1201e-02   1.3011e-01   3.2214e-01
   1.0000e+01   1.9131e-01   7.7061e-02   9.8681e-02   2.4269e-01
   1.2000e+01   1.4463e-01   6.8801e-02   7.5986e-02   1.9372e-01
   1.4000e+01   1.0705e-01   5.7948e-02   5.8765e-02   1.5651e-01
   1.6000e+01   8.2380e-02   5.0957e-02   4.6981e-02   1.2485e-01
   1.8000e+01   6.2889e-02   4.2250e-02   3.6624e-02   9.9108e-02
   2.0000e+01   5.2336e-02   3.7010e-02   2.9741e-02   8.2141e-02
   2.2000e+01   4.1461e-02   3.2269e-02   2.3428e-02   6.7153e-02
   2.4000e+01   3.5530e-02   2.8545e-02   1.9719e-02   5.8163e-02
   2.6000e+01   2.9077e-02   2.4109e-02   1.6041e-02   4.8668e-02
   2.8000e+01   2.4186e-02   2.0860e-02   1.3123e-02   4.0571e-02
   3.0000e+01   2.0400e-02   1.8158e-02   1.0976e-02   3.3391e-02
   3.2000e+01   1.7670e-02   1.5951e-02   9.2303e-03   2.9177e-02
   3.4000e+01   1.4987e-02   1.4023e-02   7.7020e-03   2.4589e-02
   3.6000e+01   1.2710e-02   1.2230e-02   6.4849e-03   2.1215e-02
   3.8000e+01   1.1128e-02   1.0753e-02   5.6025e-03   1.8271e-02
   4.0000e+01   9.5882e-03   9.4936e-03   4.7949e-03   1.5668e-02
   4.2000e+01   8.4066e-03   8.3217e-03   4.0257e-03   1.3516e-02
   4.4000e+01   7.2828e-03   7.3559e-03   3.5054e-03   1.1573e-02
   4.6000e+01   6.5653e-03   6.5213e-03   3.0277e-03   9.9985e-03
   4.8000e+01   5.6626e-03   5.7764e-03   2.5871e-03   8.6970e-03
   5.0000e+01   4.9944e-03   5.1414e-03   2.2665e-03   7.6457e-03
   5.2000e+01   4.3884e-03   4.5082e-03   1.9530e-03   6.5006e-03
   5.4000e+01   3.9463e-03   3.9687e-03   1.7082e-03   5.5989e-03
   5.6000e+01   3.4958e-03   3.5691e-03   1.4835e-03   4.9489e-03
   5.8000e+01   3.1039e-03   3.1776e-03   1.2944e-03   4.4403e-03
   6.0000e+01   2.7764e-03   2.8861e-03   1.1520e-03   3.7782e-03
   6.2000e+01   2.4170e-03   2.5596e-03   1.0121e-03   3.3659e-03
   6.4000e+01   2.1985e-03   2.2945e-03   8.9002e-04   2.9399e-03
   6.6000e+01   1.9820e-03   2.0574e-03   7.8316e-04   2.5597e-03
   6.8000e+01   1.8125e-03   1.8326e-03   6.9905e-04   2.2242e-03
   7.0000e+01   1.5837e-03   1.6300e-03   6.1523e-04   1.9622e-03
   7.2000e+01   1.4303e-03   1.4835e-03   5.4880e-04   1.7526e-03
   7.4000e+01   1.2883e-03   1.3421e-03   4.8670e-04   1.5270e-03
   7.6000e+01   1.1730e-03   1.1976e-03   4.3172e-04   1.3514e-03
   7.8000e+01   1.0570e-03   1.0715e-03   3.8446e-04   1.1959e-03
   8.0000e+01   9.6236e-04   9.7155e-04   3.4317e-04   1.0482e-03
   8.2000e+01   8.7250e-04   8.7177e-04   3.0507e-04   9.2730e-04
   8.4000e+01   7.8968e-04   8.0032e-04   2.7145e-04   8.2298e-04
   8.6000e+01   7.0879e-04   7.1958e-04   2.4500e-04   7.3897e-04
   8.8000e+01   6.4852e-04   6.5410e-04   2.1929e-04   6.5493e-04
   9.0000e+01   5.9085e-04   5.8827e-04   1.9587e-04   5.8291e-04
   9.2000e+01   5.3369e-04   5.4113e-04   1.7797e-04   5.1985e-04
   9.4000e+01   4.8512e-04   4.8504e-04   1.5900e-04   4.6544e-04
   9.6000e+01   4.4714e-04   4.3765e-04   1.4528e-04   4.1065e-04
   9.8000e+01   4.0288e-04   4.0405e-04   1.2974e-04   3.6573e-04
   1.0000e+02   3.7205e-04   3.6527e-04   1.1681e-04   3.2731e-04
   1.0200e+02   3.4286e-04   3.3345e-04   1.0626e-04   2.9356e-04
   1.0400e+02   3.0866e-04   3.0546e-04   9.5621e-05   2.6468e-04
   1.0600e+02   2.8922e-04   2.7548e-04   8.7343e-05   2.3523e-04
   1.0800e+02   2.5937e-04   2.5405e-04   7.8198e-05   2.1052e-04
   1.1000e+02   2.3736e-04   2.3081e-04   7.0812e-05   1.8887e-04
   1.1200e+02   2.1779e-04   2.1273e-04   6.4522e-05   1.7011e-04
   1.1400e+02   1.9971e-04   1.9276e-04   5.8666e-05   1.5212e-04
   1.1600e+02   1.8211e-04   1.7379e-04   5.3371e-05   1.3621e-04
   1.1800e+02   1.6677e-04   1.5901e-04   4.8275e-05   1.2364e-04
   1.2000e+02   1.5533e-04   1.4831e-04   4.4329e-05   1.1142e-04
   1.2200e+02   1.4366e-04   1.3501e-04   3.9976e-05   9.9508e-05
   1.2400e+02   1.3074e-04   1.2365e-04   3.6273e-05   8.8849e-05
   1.2600e+02   1.2035e-04   1.1401e-04   3.2944e-05   7.9763e-05
   1.2800e+02   1.1162e-04   1.0368e-04   3.0556e-05   7.2575e-05
   1.3000e+02   1.0130e-04   9.6394e-05   2.7525e-05   6.6123e-05
   1.3200e+02   9.3703e-05   8.8844e-05   2.5276e-05   5.9747e-05
   1.3400e+02   8.6874e-05   8.1316e-05   2.3377e-05   5.4328e-05
   1.3600e+02   7.9867e-05   7.4908e-05   2.1091e-05   4.9233e-05
   1.3800e+02   7.2953e-05   6.8869e-05   1.9297e-05   4.4435e-05
   1.4000e+02   6.8382e-05   6.3480e-05   1.7821e-05   4.0556e-05
   1.4200e+02   6.3413e-05   5.8245e-05   1.6170e-05   3.6645e-05
   1.4400e+02   5.8967e-05   5.3622e-05   1.4753e-05   3.3538e-05
   1.4600e+02   5.4100e-05   4.9650e-05   1.3706e-05   3.0353e-05
   1.4800e+02   5.0318e-05   4.6139e-05   1.2555e-05   2.7751e-05
   1.5000e+02   4.6421e-05   4.2727e-05   1.1413e-05   2.5248e-05
   1.5200e+02   4.3334e-05   3.9064e-05   1.0553e-05   2.2917e-05
   1.5400e+02   3.9760e-05   3.6084e-05   9.7193e-06   2.1063e-05
   1.5600e+02   3.6603e-05   3.3498e-05   8.9543e-06   1.9175e-05
   1.5800e+02   3.4132e-05   3.1013e-05   8.2353e-06   1.7467e-05
   1.6000e+02   3.1702e-05   2.8339e-05   7.4396e-06   1.6163e-05
   1.6200e+02   2.9223e-05   2.6591e-05   6.9055e-06   1.4800e-05
   1.6400e+02   2.7274e-05   2.4686e-05   6.3257e-06   1.3520e-05
   1.6600e+02   2.5120e-05   2.2836e-05   5.9034e-06   1.2386e-05
   1.6800e+02   2.3280e-05   2.1052e-05   5.4241e-06   1.1399e-05
   1.7000e+02   2.1585e-05   1.9438e-05   4.9927e-06   1.0431e-05
   1.7200e+02   2.0352e-05   1.8162e-05   4.6011e-06   9.6303e-06
   1.7400e+02   1.8856e-05   1.6907e-05   4.2483e-06   8.8046e-06
   1.7600e+02   1.7444e-05   1.5556e-05   3.9028e-06   8.1588e-06
   1.7800e+02   1.6406e-05   1.4433e-05   3.6071e-06   7.5387e-06
   1.8000e+02   1.5256e-05   1.3429e-05   3.3410e-06   6.9176e-06
   1.8200e+02   1.4256e-05   1.2560e-05   3.0961e-06   6.4175e-06
   1.8400e+02   1.3184e-05   1.1560e-05   2.8441e-06   5.9084e-06
   1.8600e+02   1.2208e-05   1.0751e-05   2.6290e-06   5.5304e-06
   1.8800e+02   1.1424e-05   1.0096e-05   2.4349e-06   5.0979e-06
   1.9000e+02   1.0634e-05   9.3764e-06   2.2741e-06   4.7120e-06
   1.9200e+02   9.8892e-06   8.7213e-06   2.0890e-06   4.3328e-06
   1.9400e+02   9.2112e-06   8.0179e-06   1.9366e-06   4.0689e-06
   1.9600e+02   8.7050e-06   7.4982e-06   1.8023e-06   3.7878e-06
   1.9800e+02   8.0690e-06   6.9482e-06   1.6597e-06   3.5206e-06
   2.0000e+02   7.4999e-06   6.5059e-06   1.5418e-06   3.2574e-06
   2.0200e+02   7.0135e-06   6.0102e-06   1.4140e-06   3.0429e-06
   2.0400e+02   6.4870e-06   5.6423e-06   1.3146e-06   2.8226e-06
   2.0600e+02   6.1531e-06   5.2390e-06   1.2141e-06   2.6414e-06
   2.0800e+02   5.6668e-06   4.8933e-06   1.1287e-06   2.4624e-06
   2.1000e+02   5.3002e-06   4.5486e-06   1.0412e-06   2.3018e-06
   2.1200e+02   4.9280e-06   4.2408e-06   9.7645e-07   2.1410e-06
   2.1400e+02   4.6051e-06   3.9850e-06   9.0346e-07   2.0135e-06
   2.1600e+02   4.3301e-06   3.7036e-06   8.4188e-07   1.8810e-06
   2.1800e+02   4.0182e-06   3.4548e-06   7.7204e-07   1.7645e-06
   2.2000e+02   3.7488e-06   3.2049e-06   7.2230e-07   1.6575e-06
   2.2200e+02   3.5637e-06   2.9800e-06   6.7024e-07   1.5464e-06
   2.2400e+02   3.3095e-06   2.8150e-06   6.2474e-07   1.4505e-06
   2.2600e+02   3.1106e-06   2.6331e-06   5.7801e-07   1.3771e-06
   2.2800e+02   2.8835e-06   2.4577e-06   5.4011e-07   1.2824e-06
   2.3000e+02   2.7205e-06   2.2955e-06   4.9865e-07   1.2166e-06
   2.3200e+02   2.5328e-06   2.1498e-06   4.6679e-07   1.1362e-06
   2.3400e+02   2.3707e-06   1.9932e-06   4.3151e-07   1.0767e-06
   2.3600e+02   2.2279e-06   1.8729e-06   4.0331e-07   1.0102e-06
   2.3800e+02   2.0754e-06   1.7438e-06   3.7659e-07   9.6255e-07
   2.4000e+02   1.9526e-06   1.6281e-06   3.4727e-07   8.9628e-07
   2.4200e+02   1.8395e-06   1.5373e-06   3.2251e-07   8.4892e-07
   2.4400e+02   1.7194e-06   1.4365e-06   3.0322e-07   7.9753e-07
   2.4600e+02   1.6034e-06   1.3388e-06   2.8444e-07   7.5498e-07
   2.4800e+02   1.5077e-06   1.2536e-06   2.6203e-07   7.1283e-07
   2.5000e+02   1.4141e-06   1.1768e-06   2.4424e-07   6.8110e-07
   2.5200e+02   1.3247e-06   1.0980e-06   2.2780e-07   6.4891e-07
   2.5400e+02   1.2344e-06   1.0311e-06   2.1251e-07   6.0659e-07
   2.5600e+02   1.1572e-06   9.6394e-07   1.9816e-07   5.7239e-07
   2.5800e+02   1.0905e-06   9.0221e-07   1.8407e-07   5.4529e-07
   2.6000e+02   1.0191e-06   8.4801e-07   1.7207e-07   5.1778e-07
   2.6200e+02   9.6634e-07   7.9213e-07   1.6007e-07   4.9141e-07
   2.6400e+02   8.9681e-07   7.4537e-07   1.4983e-07   4.5838e-07
   2.6600e+02   8.4713e-07   6.9879e-07   1.3848e-07   4.4367e-07
   2.6800e+02   7.9595e-07   6.5437e-07   1.3096e-07   4.1975e-07
   2.7000e+02   7.5260e-07   6.1152e-07   1.2122e-07   3.9903e-07
   2.7200e+02   7.0441e-07   5.7516e-07   1.1268e-07   3.7758e-07
   2.7400e+02   6.6078e-07   5.3657e-07   1.0576e-07   3.6162e-07
   2.7600e+02   6.1519e-07   5.0283e-07   9.9581e-08   3.4585e-07
   2.7800e+02   5.8226e-07   4.7773e-07   9.2077e-08   3.2963e-07
   2.8000e+02   5.3885e-07   4.4489e-07   8.5533e-08   3.1454e-07
   2.8200e+02   5.1029e-07   4.2041e-07   8.0759e-08   2.9802e-07
   2.8400e+02   4.8263e-07   3.8890e-07   7.5395e-08   2.8236e-07
   2.8600e+02   4.5318e-07   3.6769e-07   7.0535e-08   2.7368e-07
   2.8800e+02   4.2528e-07   3.4823e-07   6.5675e-08   2.6330e-07
   2.9000e+02   4.0098e-07   3.2487e-07   6.1520e-08   2.5013e-07
   2.9200e+02   3.7657e-07   3.0906e-07   5.7798e-08   2.3929e-07
   2.9400e+02   3.5568e-07   2.8598e-07   5.3704e-08   2.2856e-07
   2.9600e+02   3.3360e-07   2.6984e-07   5.0325e-08   2.2098e-07
   2.9800e+02   3.1507e-07   2.5278e-07   4.7124e-08   2.1024e-07
   3.0000e+02   2.9458e-07   2.4029e-07   4.4092e-08   2.0476e-07
   3.0200e+02   2.8001e-07   2.2417e-07   4.1249e-08   1.9911e-07
   3.0400e+02   2.6325e-07   2.1110e-07   3.8661e-08   1.9011e-07
   3.0600e+02   2.4697e-07   1.9949e-07   3.5961e-08   1.8602e-07
   3.0800e+02   2.3393e-07   1.8576e-07   3.3777e-08   1.7853e-07
   3.1000e+02   2.2012e-07   1.7560e-07   3.1547e-08   1.7458e-07
   3.1200e+02   2.0625e-07   1.6406e-07   2.9730e-08   1.6984e-07
   3.1400e+02   1.9546e-07   1.5607e-07   2.7806e-08   1.6698e-07
   3.1600e+02   1.8328e-07   1.4757e-07   2.5963e-08   1.6282e-07
   3.1800e+02   1.7289e-07   1.3880e-07   2.4434e-08   1.5795e-07
   3.2000e+02   1.6301e-07   1.3087e-07   2.2894e-08   1.5603e-07
   3.2200e+02   1.5560e-07   1.2358e-07   2.1576e-08   1.5590e-07
   3.2400e+02   1.4616e-07   1.1593e-07   2.0237e-08   1.5209e-07
   3.2600e+02   1.3834e-07   1.0978e-07   1.9038e-08   1.5047e-07
   3.2800e+02   1.3105e-07   1.0452e-07   1.7858e-08   1.4936e-07
   3.3000e+02   1.2318e-07   9.8537e-08   1.6849e-08   1.5110e-07
   3.3200e+02   1.1628e-07   9.2703e-08   1.5773e-08   1.5021e-07
   3.3400e+02   1.1168e-07   8.8287e-08   1.5038e-08   1.5041e-07
   3.3600e+02   1.0428e-07   8.3514e-08   1.4062e-08   1.5069e-07
   3.3800e+02   1.0032e-07   7.9607e-08   1.3404e-08   1.5360e-07
   3.4000e+02   9.4474e-08   7.5969e-08   1.2533e-08   1.5627e-07
   3.4200e+02   9.0018e-08   7.1398e-08   1.1841e-08   1.5882e-07
   3.4400e+02   8.6171e-08   6.8392e-08   1.1306e-08   1.6220e-07
   3.4600e+02   8.2042e-08   6.5324e-08   1.0743e-08   1.6646e-07
   3.4800e+02   7.9101e-08   6.2695e-08   1.0239e-08   1.7058e-07
   3.5000e+02   7.6892e-08   6.0936e-08   9.8928e-09   1.7657e-07
   3.5200e+02   7.3646e-08   5.8105e-08   9.4596e-09   1.8294e-07
   3.5400e+02   7.1246e-08   5.5924e-08   9.1591e-09   1.9135e-07
   3.5600e+02   6.9446e-08   5.4578e-08   8.8486e-09   1.9790e-07
   3.5800e+02   6.7753e-08   5.3514e-08   8.5942e-09   2.0558e-07
   3.6000e+02   6.6719e-08   5.2331e-08   8.3799e-09   2.1670e-07
   3.6200e+02   6.6398e-08   5.2365e-08   8.1923e-09   2.2913e-07
   3.6400e+02   6.6333e-08   5.1585e-08   8.1454e-09   2.4210e-07
   3.6600e+02   6.5901e-08   5.1598e-08   8.0172e-09   2.5899e-07
   3.6800e+02   6.6541e-08   5.1782e-08   8.0084e-09   2.7436e-07
   3.7000e+02   6.8289e-08   5.3153e-08   7.9950e-09   2.9289e-07
   3.7200e+02   7.0207e-08   5.5528e-08   8.1410e-09   3.2081e-07
   3.7400e+02   7.2589e-08   5.6325e-08   8.2376e-09   3.5071e-07
   3.7600e+02   7.6300e-08   5.8809e-08   8.5183e-09   3.8157e-07
   3.7800e+02   8.0169e-08   6.1735e-08   8.7770e-09   4.2941e-07
   3.8000e+02   8.5062e-08   6.5016e-08   9.0785e-09   4.8130e-07
   3.8200e+02   8.7587e-08   6.7874e-08   9.1267e-09   5.4966e-07
