# The data in this file was extracted from a direct numerical
# simulation of fully developed plane turbulent channel
# flow. Particulars are listed below. Note that some of the statistical
# quantities provided in this data set should be zero due to
# (statistical) symmetries in the flow. These quantities are reported
# here none-the-less as an indicator of the quality of the statistics.
# more statistics from this data set are available at 
# http://www.tam.uiuc.edu/Faculty/Moser/channel 
#
# Authors: Moser, Kim & Mansour
# Reference: DNS of Turbulent Channel Flow up to Re_tau=590, 1999,
#            Physics of Fluids, vol 11, 943-945.
# Numerical Method: Kim, Moin & Moser, 1987, J. Fluid Mech. vol 177, 133-166 
# Re_tau = 587.19
# Normalization: U_tau, h 
# Description: Spanwise (z) One-dimensional spectra of velocity and pressure at indicated y-location 
# Filename: chan590/spectra/chan590.zspec.349 
# Date File Created: Feb 29, 2000 
#
#---End of Header---
# 
# nz = 384,  Re = 587.19,  y = 0.59476,  y+ = 349.24
#
#     k_z          E_uu         E_vv         E_ww         E_pp
#
   0.0000e+00   6.7229e-02   4.0597e-02   8.8061e-02   3.3758e-01
   2.0000e+00   2.8099e-01   8.4262e-02   2.1326e-01   4.0168e-01
   4.0000e+00   4.1316e-01   8.8997e-02   1.4222e-01   2.7138e-01
   6.0000e+00   2.0756e-01   7.4642e-02   1.0284e-01   1.6139e-01
   8.0000e+00   1.2393e-01   5.8467e-02   6.8155e-02   1.1073e-01
   1.0000e+01   8.2370e-02   4.7810e-02   4.7068e-02   7.8435e-02
   1.2000e+01   5.5897e-02   3.7637e-02   3.2752e-02   5.6848e-02
   1.4000e+01   4.0664e-02   2.9781e-02   2.4916e-02   4.3188e-02
   1.6000e+01   3.0220e-02   2.5302e-02   1.8428e-02   3.4319e-02
   1.8000e+01   2.3609e-02   2.0825e-02   1.4043e-02   2.6512e-02
   2.0000e+01   1.8538e-02   1.7609e-02   1.0888e-02   2.0991e-02
   2.2000e+01   1.4342e-02   1.4405e-02   8.1678e-03   1.6901e-02
   2.4000e+01   1.2186e-02   1.2284e-02   6.7534e-03   1.3694e-02
   2.6000e+01   9.8679e-03   1.0267e-02   5.3499e-03   1.0949e-02
   2.8000e+01   8.1508e-03   8.5003e-03   4.2818e-03   8.7807e-03
   3.0000e+01   6.7697e-03   7.1774e-03   3.4690e-03   7.3744e-03
   3.2000e+01   5.7602e-03   5.9778e-03   2.8688e-03   6.0016e-03
   3.4000e+01   4.8132e-03   5.1936e-03   2.3203e-03   4.9862e-03
   3.6000e+01   3.9689e-03   4.2951e-03   1.8944e-03   4.1060e-03
   3.8000e+01   3.3981e-03   3.7205e-03   1.5867e-03   3.5333e-03
   4.0000e+01   2.8691e-03   3.1975e-03   1.2916e-03   2.8581e-03
   4.2000e+01   2.4953e-03   2.6829e-03   1.0917e-03   2.3978e-03
   4.4000e+01   2.1063e-03   2.3418e-03   9.1989e-04   1.9773e-03
   4.6000e+01   1.8371e-03   1.9991e-03   7.7789e-04   1.6354e-03
   4.8000e+01   1.5650e-03   1.7492e-03   6.6344e-04   1.4073e-03
   5.0000e+01   1.3636e-03   1.5073e-03   5.5577e-04   1.1765e-03
   5.2000e+01   1.1783e-03   1.2688e-03   4.7189e-04   1.0058e-03
   5.4000e+01   1.0225e-03   1.1253e-03   4.0116e-04   8.2792e-04
   5.6000e+01   8.7845e-04   9.7333e-04   3.4684e-04   7.0989e-04
   5.8000e+01   7.7880e-04   8.3353e-04   2.9802e-04   5.9553e-04
   6.0000e+01   6.7178e-04   7.2428e-04   2.5306e-04   5.1161e-04
   6.2000e+01   5.8852e-04   6.4217e-04   2.1718e-04   4.3312e-04
   6.4000e+01   5.1643e-04   5.5763e-04   1.8704e-04   3.7581e-04
   6.6000e+01   4.6184e-04   4.9501e-04   1.6427e-04   3.2170e-04
   6.8000e+01   4.0570e-04   4.3226e-04   1.4061e-04   2.6968e-04
   7.0000e+01   3.6125e-04   3.7765e-04   1.2215e-04   2.3647e-04
   7.2000e+01   3.1883e-04   3.3256e-04   1.0604e-04   2.0177e-04
   7.4000e+01   2.7879e-04   2.9356e-04   9.2033e-05   1.7262e-04
   7.6000e+01   2.5226e-04   2.5560e-04   8.2312e-05   1.4873e-04
   7.8000e+01   2.1759e-04   2.2692e-04   7.0744e-05   1.2929e-04
   8.0000e+01   1.9296e-04   2.0079e-04   6.2205e-05   1.1098e-04
   8.2000e+01   1.7500e-04   1.7624e-04   5.4512e-05   9.5948e-05
   8.4000e+01   1.5475e-04   1.5716e-04   4.7803e-05   8.3519e-05
   8.6000e+01   1.3680e-04   1.3964e-04   4.1844e-05   7.1060e-05
   8.8000e+01   1.2229e-04   1.2342e-04   3.6926e-05   6.2123e-05
   9.0000e+01   1.0920e-04   1.0878e-04   3.2286e-05   5.3970e-05
   9.2000e+01   9.8123e-05   9.9112e-05   2.8590e-05   4.6740e-05
   9.4000e+01   8.7583e-05   8.8138e-05   2.5220e-05   4.1023e-05
   9.6000e+01   7.8862e-05   7.8350e-05   2.2348e-05   3.6047e-05
   9.8000e+01   7.1022e-05   7.0291e-05   1.9689e-05   3.0524e-05
   1.0000e+02   6.3024e-05   6.3185e-05   1.7713e-05   2.7170e-05
   1.0200e+02   5.6327e-05   5.6647e-05   1.5606e-05   2.3491e-05
   1.0400e+02   5.0679e-05   5.0799e-05   1.3922e-05   2.0554e-05
   1.0600e+02   4.5800e-05   4.5357e-05   1.2561e-05   1.8090e-05
   1.0800e+02   4.1564e-05   4.1060e-05   1.1082e-05   1.5732e-05
   1.1000e+02   3.6888e-05   3.6421e-05   9.8280e-06   1.4044e-05
   1.1200e+02   3.3657e-05   3.3253e-05   8.8040e-06   1.2308e-05
   1.1400e+02   2.9998e-05   2.9672e-05   7.8455e-06   1.0915e-05
   1.1600e+02   2.7771e-05   2.7015e-05   7.0696e-06   9.4611e-06
   1.1800e+02   2.4515e-05   2.3960e-05   6.2990e-06   8.3802e-06
   1.2000e+02   2.2327e-05   2.1680e-05   5.6154e-06   7.3674e-06
   1.2200e+02   2.0304e-05   1.9823e-05   4.9839e-06   6.6001e-06
   1.2400e+02   1.8406e-05   1.7501e-05   4.4847e-06   5.7690e-06
   1.2600e+02   1.6330e-05   1.5890e-05   3.9864e-06   5.1124e-06
   1.2800e+02   1.5006e-05   1.4407e-05   3.6144e-06   4.6017e-06
   1.3000e+02   1.3640e-05   1.2921e-05   3.2490e-06   4.0991e-06
   1.3200e+02   1.2162e-05   1.1747e-05   2.9054e-06   3.6443e-06
   1.3400e+02   1.1316e-05   1.0750e-05   2.6287e-06   3.2278e-06
   1.3600e+02   1.0122e-05   9.5566e-06   2.3807e-06   2.8968e-06
   1.3800e+02   9.2643e-06   8.7650e-06   2.1460e-06   2.6231e-06
   1.4000e+02   8.4265e-06   7.9357e-06   1.9123e-06   2.3427e-06
   1.4200e+02   7.7144e-06   7.1577e-06   1.7178e-06   2.1265e-06
   1.4400e+02   6.9236e-06   6.5338e-06   1.5468e-06   1.8988e-06
   1.4600e+02   6.3714e-06   5.9540e-06   1.4113e-06   1.6930e-06
   1.4800e+02   5.8348e-06   5.3864e-06   1.2660e-06   1.5431e-06
   1.5000e+02   5.2652e-06   4.8650e-06   1.1429e-06   1.3758e-06
   1.5200e+02   4.8013e-06   4.4224e-06   1.0399e-06   1.2445e-06
   1.5400e+02   4.3803e-06   4.1119e-06   9.3292e-07   1.1247e-06
   1.5600e+02   4.0329e-06   3.6747e-06   8.4261e-07   1.0095e-06
   1.5800e+02   3.6924e-06   3.3937e-06   7.6986e-07   9.2380e-07
   1.6000e+02   3.3882e-06   3.0639e-06   6.9229e-07   8.3537e-07
   1.6200e+02   3.1011e-06   2.7866e-06   6.2984e-07   7.5853e-07
   1.6400e+02   2.8354e-06   2.5431e-06   5.7587e-07   6.8984e-07
   1.6600e+02   2.5583e-06   2.3140e-06   5.1890e-07   6.2612e-07
   1.6800e+02   2.3504e-06   2.1171e-06   4.7051e-07   5.7119e-07
   1.7000e+02   2.1737e-06   1.9460e-06   4.2792e-07   5.2314e-07
   1.7200e+02   1.9720e-06   1.7718e-06   3.8581e-07   4.8407e-07
   1.7400e+02   1.8164e-06   1.6220e-06   3.5390e-07   4.3860e-07
   1.7600e+02   1.6877e-06   1.4731e-06   3.2439e-07   3.9857e-07
   1.7800e+02   1.5286e-06   1.3652e-06   2.9242e-07   3.6682e-07
   1.8000e+02   1.3824e-06   1.2533e-06   2.6812e-07   3.3938e-07
   1.8200e+02   1.2884e-06   1.1268e-06   2.4283e-07   3.1249e-07
   1.8400e+02   1.1670e-06   1.0393e-06   2.2070e-07   2.8663e-07
   1.8600e+02   1.0745e-06   9.5566e-07   1.9998e-07   2.6482e-07
   1.8800e+02   9.7703e-07   8.7269e-07   1.8340e-07   2.4455e-07
   1.9000e+02   9.0719e-07   7.9977e-07   1.6717e-07   2.2599e-07
   1.9200e+02   8.3061e-07   7.2762e-07   1.5193e-07   2.0868e-07
   1.9400e+02   7.6366e-07   6.7328e-07   1.3869e-07   1.9450e-07
   1.9600e+02   7.0623e-07   6.1432e-07   1.2599e-07   1.8114e-07
   1.9800e+02   6.4648e-07   5.6353e-07   1.1620e-07   1.6748e-07
   2.0000e+02   5.9270e-07   5.2357e-07   1.0536e-07   1.5730e-07
   2.0200e+02   5.4918e-07   4.7663e-07   9.6843e-08   1.4674e-07
   2.0400e+02   4.9983e-07   4.3921e-07   8.8033e-08   1.3700e-07
   2.0600e+02   4.6070e-07   4.0694e-07   8.0696e-08   1.2720e-07
   2.0800e+02   4.2495e-07   3.7154e-07   7.3449e-08   1.2004e-07
   2.1000e+02   3.9359e-07   3.3891e-07   6.7957e-08   1.1237e-07
   2.1200e+02   3.5948e-07   3.1206e-07   6.1492e-08   1.0432e-07
   2.1400e+02   3.3079e-07   2.8982e-07   5.6211e-08   9.9226e-08
   2.1600e+02   3.0686e-07   2.6241e-07   5.1493e-08   9.2751e-08
   2.1800e+02   2.8357e-07   2.4469e-07   4.7100e-08   8.7318e-08
   2.2000e+02   2.6013e-07   2.2407e-07   4.3139e-08   8.2030e-08
   2.2200e+02   2.4210e-07   2.0812e-07   3.9540e-08   7.7197e-08
   2.2400e+02   2.2070e-07   1.8972e-07   3.5813e-08   7.3147e-08
   2.2600e+02   2.0220e-07   1.7505e-07   3.3118e-08   6.8667e-08
   2.2800e+02   1.8840e-07   1.6266e-07   3.0492e-08   6.5373e-08
   2.3000e+02   1.7493e-07   1.5006e-07   2.8019e-08   6.1770e-08
   2.3200e+02   1.6101e-07   1.3727e-07   2.5606e-08   5.8443e-08
   2.3400e+02   1.4967e-07   1.2754e-07   2.3666e-08   5.5355e-08
   2.3600e+02   1.3734e-07   1.1732e-07   2.1835e-08   5.2726e-08
   2.3800e+02   1.2674e-07   1.0876e-07   1.9990e-08   4.9648e-08
   2.4000e+02   1.1699e-07   9.9974e-08   1.8468e-08   4.7037e-08
   2.4200e+02   1.0735e-07   9.2871e-08   1.6914e-08   4.4877e-08
   2.4400e+02   9.9732e-08   8.5431e-08   1.5538e-08   4.2571e-08
   2.4600e+02   9.2071e-08   7.8270e-08   1.4184e-08   4.0638e-08
   2.4800e+02   8.5684e-08   7.2057e-08   1.3178e-08   3.8618e-08
   2.5000e+02   7.9290e-08   6.6984e-08   1.1914e-08   3.7039e-08
   2.5200e+02   7.3324e-08   6.1136e-08   1.1158e-08   3.4967e-08
   2.5400e+02   6.7931e-08   5.6494e-08   1.0165e-08   3.3290e-08
   2.5600e+02   6.3099e-08   5.2513e-08   9.3996e-09   3.1871e-08
   2.5800e+02   5.7603e-08   4.8943e-08   8.6692e-09   3.0294e-08
   2.6000e+02   5.3508e-08   4.4618e-08   7.9230e-09   2.8957e-08
   2.6200e+02   4.9400e-08   4.1607e-08   7.3068e-09   2.8210e-08
   2.6400e+02   4.5703e-08   3.8276e-08   6.7303e-09   2.6844e-08
   2.6600e+02   4.2626e-08   3.5749e-08   6.1721e-09   2.5489e-08
   2.6800e+02   3.9181e-08   3.3141e-08   5.6663e-09   2.4542e-08
   2.7000e+02   3.6737e-08   3.0605e-08   5.2630e-09   2.3563e-08
   2.7200e+02   3.4302e-08   2.8448e-08   4.8648e-09   2.2497e-08
   2.7400e+02   3.1386e-08   2.6225e-08   4.4739e-09   2.1353e-08
   2.7600e+02   2.9557e-08   2.4135e-08   4.1447e-09   2.0752e-08
   2.7800e+02   2.6979e-08   2.2550e-08   3.8248e-09   1.9989e-08
   2.8000e+02   2.4830e-08   2.0915e-08   3.5334e-09   1.9087e-08
   2.8200e+02   2.3344e-08   1.9256e-08   3.2663e-09   1.8510e-08
   2.8400e+02   2.1635e-08   1.7921e-08   2.9819e-09   1.7808e-08
   2.8600e+02   1.9853e-08   1.6689e-08   2.7706e-09   1.6937e-08
   2.8800e+02   1.8622e-08   1.5324e-08   2.5387e-09   1.6470e-08
   2.9000e+02   1.7339e-08   1.4309e-08   2.3636e-09   1.5750e-08
   2.9200e+02   1.6154e-08   1.3377e-08   2.1807e-09   1.5401e-08
   2.9400e+02   1.4988e-08   1.2355e-08   2.0133e-09   1.4743e-08
   2.9600e+02   1.3922e-08   1.1404e-08   1.8755e-09   1.4251e-08
   2.9800e+02   1.2772e-08   1.0672e-08   1.7378e-09   1.3745e-08
   3.0000e+02   1.1955e-08   1.0045e-08   1.5957e-09   1.3387e-08
   3.0200e+02   1.1052e-08   9.2992e-09   1.4752e-09   1.2825e-08
   3.0400e+02   1.0390e-08   8.5710e-09   1.3731e-09   1.2607e-08
   3.0600e+02   9.5690e-09   7.9410e-09   1.2705e-09   1.2165e-08
   3.0800e+02   8.8919e-09   7.4096e-09   1.1798e-09   1.1673e-08
   3.1000e+02   8.3363e-09   6.8048e-09   1.0931e-09   1.1286e-08
   3.1200e+02   7.7052e-09   6.3785e-09   1.0164e-09   1.1032e-08
   3.1400e+02   7.2277e-09   5.9590e-09   9.3858e-10   1.0663e-08
   3.1600e+02   6.6829e-09   5.5605e-09   8.7270e-10   1.0392e-08
   3.1800e+02   6.2313e-09   5.1279e-09   8.1252e-10   1.0026e-08
   3.2000e+02   5.7707e-09   4.7894e-09   7.6140e-10   9.7639e-09
   3.2200e+02   5.4264e-09   4.4855e-09   7.0296e-10   9.5240e-09
   3.2400e+02   5.0361e-09   4.1513e-09   6.5438e-10   9.3212e-09
   3.2600e+02   4.6829e-09   3.9186e-09   6.0876e-10   9.0546e-09
   3.2800e+02   4.3764e-09   3.6283e-09   5.6199e-10   8.9332e-09
   3.3000e+02   4.0599e-09   3.4037e-09   5.2556e-10   8.7456e-09
   3.3200e+02   3.8281e-09   3.1760e-09   4.9014e-10   8.5107e-09
   3.3400e+02   3.5362e-09   2.9754e-09   4.5703e-10   8.3202e-09
   3.3600e+02   3.3376e-09   2.7819e-09   4.2946e-10   8.1967e-09
   3.3800e+02   3.0833e-09   2.5712e-09   3.9625e-10   8.1345e-09
   3.4000e+02   2.9047e-09   2.4148e-09   3.7213e-10   7.9540e-09
   3.4200e+02   2.7111e-09   2.2620e-09   3.4733e-10   7.8604e-09
   3.4400e+02   2.5573e-09   2.1198e-09   3.2445e-10   7.8132e-09
   3.4600e+02   2.4230e-09   1.9934e-09   3.0506e-10   7.7267e-09
   3.4800e+02   2.2968e-09   1.8904e-09   2.8891e-10   7.6646e-09
   3.5000e+02   2.1441e-09   1.7717e-09   2.7229e-10   7.6362e-09
   3.5200e+02   2.0372e-09   1.6719e-09   2.5909e-10   7.6495e-09
   3.5400e+02   1.9148e-09   1.5985e-09   2.4646e-10   7.6077e-09
   3.5600e+02   1.8427e-09   1.5458e-09   2.3485e-10   7.6437e-09
   3.5800e+02   1.7735e-09   1.4765e-09   2.2341e-10   7.7466e-09
   3.6000e+02   1.7074e-09   1.4189e-09   2.1763e-10   7.9235e-09
   3.6200e+02   1.6613e-09   1.3758e-09   2.0831e-10   7.8995e-09
   3.6400e+02   1.6562e-09   1.3507e-09   2.0340e-10   7.9955e-09
   3.6600e+02   1.6183e-09   1.3486e-09   2.0195e-10   8.1418e-09
   3.6800e+02   1.6165e-09   1.3637e-09   1.9754e-10   8.3582e-09
   3.7000e+02   1.6097e-09   1.3609e-09   1.9663e-10   8.6602e-09
   3.7200e+02   1.6252e-09   1.3842e-09   1.9655e-10   9.1148e-09
   3.7400e+02   1.6638e-09   1.4244e-09   1.9886e-10   9.5218e-09
   3.7600e+02   1.7912e-09   1.5026e-09   2.0532e-10   1.0175e-08
   3.7800e+02   1.9965e-09   1.7135e-09   2.1829e-10   1.0880e-08
   3.8000e+02   2.0914e-09   1.8024e-09   2.2689e-10   1.1915e-08
   3.8200e+02   2.3449e-09   1.9655e-09   2.4201e-10   1.3799e-08
