# The data in this file was extracted from a direct numerical
# simulation of fully developed plane turbulent channel
# flow. Particulars are listed below. Note that some of the statistical
# quantities provided in this data set should be zero due to
# (statistical) symmetries in the flow. These quantities are reported
# here none-the-less as an indicator of the quality of the statistics.
# more statistics from this data set are available at 
# http://www.tam.uiuc.edu/Faculty/Moser/channel 
#
# Authors: Moser, Kim & Mansour
# Reference: DNS of Turbulent Channel Flow up to Re_tau=590, 1999,
#            Physics of Fluids, vol 11, 943-945.
# Numerical Method: Kim, Moin & Moser, 1987, J. Fluid Mech. vol 177, 133-166 
# Re_tau = 587.19
# Normalization: U_tau, h 
# Description: Streamwise (x) One-dimensional spectra of velocity and pressure at indicated y-location 
# Filename: chan590/spectra/chan590.xspec.452 
# Date File Created: Feb 29, 2000 
#
#---End of Header---
# 
# nx = 384,  Re = 587.19,  y = 0.76894,  y+ = 451.52
#
#     k_x          E_uu         E_vv         E_ww         E_pp
#
   0.0000e+00   2.0116e-01   1.8212e-02   1.9312e-02   2.4592e-02
   1.0000e+00   2.1612e-01   3.6912e-02   5.9110e-02   1.1516e-01
   2.0000e+00   1.3855e-01   5.1872e-02   6.1294e-02   1.2927e-01
   3.0000e+00   9.1644e-02   4.2555e-02   5.5508e-02   1.0599e-01
   4.0000e+00   6.3951e-02   3.9511e-02   4.5287e-02   8.9199e-02
   5.0000e+00   4.2881e-02   3.3639e-02   3.3210e-02   6.8348e-02
   6.0000e+00   3.0641e-02   2.8354e-02   3.1862e-02   6.1147e-02
   7.0000e+00   2.5970e-02   2.5013e-02   2.8883e-02   5.0711e-02
   8.0000e+00   2.0283e-02   2.1477e-02   2.5085e-02   3.7929e-02
   9.0000e+00   1.6996e-02   2.0087e-02   2.0672e-02   3.6191e-02
   1.0000e+01   1.3978e-02   1.7356e-02   1.8308e-02   2.8777e-02
   1.1000e+01   1.1620e-02   1.4700e-02   1.5930e-02   2.5665e-02
   1.2000e+01   9.7016e-03   1.3232e-02   1.4131e-02   2.1782e-02
   1.3000e+01   8.5598e-03   1.1837e-02   1.2255e-02   1.7647e-02
   1.4000e+01   7.0759e-03   1.0803e-02   1.1057e-02   1.6036e-02
   1.5000e+01   6.0764e-03   9.1271e-03   9.3407e-03   1.3249e-02
   1.6000e+01   5.0832e-03   8.0022e-03   8.5649e-03   1.1340e-02
   1.7000e+01   4.4922e-03   7.2037e-03   7.5323e-03   1.0427e-02
   1.8000e+01   3.7704e-03   6.5635e-03   6.5439e-03   9.0791e-03
   1.9000e+01   3.4562e-03   5.6620e-03   5.9079e-03   7.9637e-03
   2.0000e+01   3.0484e-03   5.2043e-03   5.2744e-03   6.9590e-03
   2.1000e+01   2.6634e-03   4.6329e-03   4.6632e-03   6.1329e-03
   2.2000e+01   2.3367e-03   4.1452e-03   4.3799e-03   5.5830e-03
   2.3000e+01   2.0481e-03   3.7983e-03   3.8603e-03   4.7170e-03
   2.4000e+01   1.7815e-03   3.4825e-03   3.3940e-03   4.2283e-03
   2.5000e+01   1.6111e-03   3.0640e-03   2.9649e-03   3.7276e-03
   2.6000e+01   1.4269e-03   2.7915e-03   2.7635e-03   3.3218e-03
   2.7000e+01   1.2816e-03   2.4674e-03   2.4273e-03   2.9736e-03
   2.8000e+01   1.1238e-03   2.2423e-03   2.1785e-03   2.6432e-03
   2.9000e+01   1.0023e-03   2.0088e-03   1.9941e-03   2.3327e-03
   3.0000e+01   9.2259e-04   1.8245e-03   1.8680e-03   2.0695e-03
   3.1000e+01   8.1193e-04   1.6418e-03   1.6493e-03   1.8322e-03
   3.2000e+01   7.3262e-04   1.5016e-03   1.5045e-03   1.6812e-03
   3.3000e+01   6.6333e-04   1.3712e-03   1.4126e-03   1.4909e-03
   3.4000e+01   5.8108e-04   1.2588e-03   1.2462e-03   1.3158e-03
   3.5000e+01   5.3304e-04   1.1573e-03   1.1175e-03   1.1328e-03
   3.6000e+01   4.7810e-04   1.0340e-03   1.0467e-03   1.0638e-03
   3.7000e+01   4.2638e-04   9.4054e-04   9.4082e-04   9.3797e-04
   3.8000e+01   3.8382e-04   8.7168e-04   8.6351e-04   8.7805e-04
   3.9000e+01   3.5581e-04   7.9576e-04   8.0835e-04   7.4722e-04
   4.0000e+01   3.1908e-04   7.2517e-04   7.2796e-04   6.9437e-04
   4.1000e+01   2.8839e-04   6.7734e-04   6.5230e-04   6.4610e-04
   4.2000e+01   2.6430e-04   6.1219e-04   6.0085e-04   5.5815e-04
   4.3000e+01   2.4180e-04   5.6407e-04   5.5963e-04   5.0736e-04
   4.4000e+01   2.1796e-04   5.1962e-04   5.1400e-04   4.6817e-04
   4.5000e+01   1.9807e-04   4.6762e-04   4.7109e-04   4.1746e-04
   4.6000e+01   1.7988e-04   4.3393e-04   4.3690e-04   3.8105e-04
   4.7000e+01   1.6535e-04   3.8715e-04   3.9996e-04   3.4071e-04
   4.8000e+01   1.5117e-04   3.5811e-04   3.6143e-04   3.1224e-04
   4.9000e+01   1.4114e-04   3.3409e-04   3.4281e-04   2.8203e-04
   5.0000e+01   1.2727e-04   3.0925e-04   3.1214e-04   2.5820e-04
   5.1000e+01   1.1496e-04   2.8369e-04   2.8607e-04   2.3199e-04
   5.2000e+01   1.0607e-04   2.6722e-04   2.6758e-04   2.1347e-04
   5.3000e+01   9.6573e-05   2.4456e-04   2.4521e-04   1.9243e-04
   5.4000e+01   9.0878e-05   2.2435e-04   2.3448e-04   1.7419e-04
   5.5000e+01   8.2196e-05   2.1181e-04   2.1016e-04   1.5752e-04
   5.6000e+01   7.5473e-05   1.9167e-04   1.9131e-04   1.4472e-04
   5.7000e+01   6.9727e-05   1.8296e-04   1.7839e-04   1.3298e-04
   5.8000e+01   6.4393e-05   1.6630e-04   1.6673e-04   1.2336e-04
   5.9000e+01   5.9635e-05   1.5187e-04   1.5504e-04   1.1229e-04
   6.0000e+01   5.4226e-05   1.4244e-04   1.4346e-04   1.0114e-04
   6.1000e+01   5.0220e-05   1.3040e-04   1.3222e-04   9.2327e-05
   6.2000e+01   4.6133e-05   1.2293e-04   1.2140e-04   8.4319e-05
   6.3000e+01   4.2426e-05   1.1375e-04   1.1589e-04   7.7853e-05
   6.4000e+01   3.9617e-05   1.0466e-04   1.0638e-04   6.9591e-05
   6.5000e+01   3.6924e-05   9.7574e-05   9.9186e-05   6.3118e-05
   6.6000e+01   3.3468e-05   9.1139e-05   9.1353e-05   5.9295e-05
   6.7000e+01   3.1141e-05   8.4499e-05   8.3890e-05   5.4801e-05
   6.8000e+01   2.8921e-05   7.8861e-05   8.0002e-05   4.9066e-05
   6.9000e+01   2.6054e-05   7.3653e-05   7.1428e-05   4.4848e-05
   7.0000e+01   2.4468e-05   6.8284e-05   6.7381e-05   4.2024e-05
   7.1000e+01   2.2899e-05   6.3567e-05   6.4089e-05   3.8176e-05
   7.2000e+01   2.1164e-05   5.9703e-05   6.0038e-05   3.5321e-05
   7.3000e+01   1.9508e-05   5.4814e-05   5.6218e-05   3.2413e-05
   7.4000e+01   1.8013e-05   5.0849e-05   5.1355e-05   3.0618e-05
   7.5000e+01   1.6951e-05   4.7838e-05   4.8670e-05   2.7078e-05
   7.6000e+01   1.5757e-05   4.4762e-05   4.4674e-05   2.4861e-05
   7.7000e+01   1.4476e-05   4.1809e-05   4.2158e-05   2.3557e-05
   7.8000e+01   1.3533e-05   3.8957e-05   3.8678e-05   2.2027e-05
   7.9000e+01   1.2539e-05   3.6481e-05   3.6364e-05   1.9471e-05
   8.0000e+01   1.1523e-05   3.3787e-05   3.4130e-05   1.8327e-05
   8.1000e+01   1.0847e-05   3.1393e-05   3.2120e-05   1.6600e-05
   8.2000e+01   1.0156e-05   3.0064e-05   3.0362e-05   1.5316e-05
   8.3000e+01   9.3789e-06   2.7931e-05   2.7403e-05   1.4278e-05
   8.4000e+01   8.6453e-06   2.5757e-05   2.6022e-05   1.3073e-05
   8.5000e+01   8.0326e-06   2.4101e-05   2.4188e-05   1.2147e-05
   8.6000e+01   7.4858e-06   2.2491e-05   2.2687e-05   1.0908e-05
   8.7000e+01   7.0901e-06   2.1014e-05   2.1455e-05   1.0183e-05
   8.8000e+01   6.5272e-06   1.9672e-05   2.0043e-05   9.6416e-06
   8.9000e+01   6.1767e-06   1.8825e-05   1.8748e-05   8.6299e-06
   9.0000e+01   5.8256e-06   1.7214e-05   1.7769e-05   8.1691e-06
   9.1000e+01   5.2966e-06   1.6533e-05   1.6109e-05   7.4828e-06
   9.2000e+01   5.0199e-06   1.4852e-05   1.5215e-05   6.8729e-06
   9.3000e+01   4.6324e-06   1.4022e-05   1.4492e-05   6.4059e-06
   9.4000e+01   4.3436e-06   1.3446e-05   1.3777e-05   5.8772e-06
   9.5000e+01   3.9909e-06   1.2563e-05   1.2784e-05   5.5367e-06
   9.6000e+01   3.7115e-06   1.1651e-05   1.1844e-05   5.0743e-06
   9.7000e+01   3.5429e-06   1.0985e-05   1.1078e-05   4.6456e-06
   9.8000e+01   3.2272e-06   1.0263e-05   1.0309e-05   4.3738e-06
   9.9000e+01   3.0692e-06   9.6552e-06   9.5691e-06   3.9404e-06
   1.0000e+02   2.8437e-06   9.0733e-06   9.0871e-06   3.7653e-06
   1.0100e+02   2.7017e-06   8.4944e-06   8.6511e-06   3.4497e-06
   1.0200e+02   2.5318e-06   7.9243e-06   8.0269e-06   3.2638e-06
   1.0300e+02   2.3545e-06   7.5029e-06   7.3812e-06   2.9546e-06
   1.0400e+02   2.1986e-06   7.1703e-06   7.1729e-06   2.7103e-06
   1.0500e+02   2.0674e-06   6.5774e-06   6.7064e-06   2.5778e-06
   1.0600e+02   1.9354e-06   6.2259e-06   6.4132e-06   2.3819e-06
   1.0700e+02   1.8017e-06   5.7842e-06   5.9884e-06   2.2284e-06
   1.0800e+02   1.6897e-06   5.5781e-06   5.5348e-06   2.0743e-06
   1.0900e+02   1.5799e-06   5.1399e-06   5.1607e-06   1.9311e-06
   1.1000e+02   1.4542e-06   4.8702e-06   4.9187e-06   1.7870e-06
   1.1100e+02   1.3616e-06   4.5510e-06   4.5424e-06   1.6846e-06
   1.1200e+02   1.3249e-06   4.2961e-06   4.3544e-06   1.5744e-06
   1.1300e+02   1.2092e-06   4.0868e-06   4.0297e-06   1.4754e-06
   1.1400e+02   1.1185e-06   3.8251e-06   3.7972e-06   1.3673e-06
   1.1500e+02   1.0733e-06   3.5540e-06   3.6452e-06   1.2802e-06
   1.1600e+02   1.0170e-06   3.3798e-06   3.3879e-06   1.1914e-06
   1.1700e+02   9.4682e-07   3.1269e-06   3.1880e-06   1.1040e-06
   1.1800e+02   8.8068e-07   2.9658e-06   3.0751e-06   1.0337e-06
   1.1900e+02   8.2019e-07   2.8245e-06   2.8130e-06   9.6654e-07
   1.2000e+02   7.6570e-07   2.6226e-06   2.6217e-06   9.0398e-07
   1.2100e+02   7.3173e-07   2.4591e-06   2.4198e-06   8.4340e-07
   1.2200e+02   6.8639e-07   2.3164e-06   2.3314e-06   8.0486e-07
   1.2300e+02   6.4460e-07   2.1907e-06   2.1895e-06   7.5054e-07
   1.2400e+02   5.9805e-07   2.0935e-06   2.0575e-06   6.9034e-07
   1.2500e+02   5.6505e-07   1.9257e-06   1.9443e-06   6.5844e-07
   1.2600e+02   5.2387e-07   1.8281e-06   1.8474e-06   6.1130e-07
   1.2700e+02   4.9512e-07   1.7128e-06   1.7210e-06   5.7583e-07
   1.2800e+02   4.6295e-07   1.6061e-06   1.5914e-06   5.4642e-07
   1.2900e+02   4.3952e-07   1.5141e-06   1.5177e-06   5.1553e-07
   1.3000e+02   4.0707e-07   1.4295e-06   1.4288e-06   4.8506e-07
   1.3100e+02   3.8806e-07   1.3310e-06   1.3762e-06   4.5941e-07
   1.3200e+02   3.5931e-07   1.2435e-06   1.2790e-06   4.3870e-07
   1.3300e+02   3.3284e-07   1.1761e-06   1.1814e-06   4.0648e-07
   1.3400e+02   3.2062e-07   1.1055e-06   1.1396e-06   3.8466e-07
   1.3500e+02   2.9618e-07   1.0466e-06   1.0777e-06   3.6189e-07
   1.3600e+02   2.8446e-07   9.9811e-07   1.0059e-06   3.4513e-07
   1.3700e+02   2.6283e-07   9.1129e-07   9.4336e-07   3.2411e-07
   1.3800e+02   2.5036e-07   8.7781e-07   9.0776e-07   3.0604e-07
   1.3900e+02   2.3377e-07   8.0521e-07   8.4161e-07   2.9035e-07
   1.4000e+02   2.1825e-07   7.7651e-07   8.0633e-07   2.7734e-07
   1.4100e+02   2.0566e-07   7.2127e-07   7.5782e-07   2.6477e-07
   1.4200e+02   1.9589e-07   6.7774e-07   7.0893e-07   2.5626e-07
   1.4300e+02   1.8551e-07   6.4363e-07   6.6849e-07   2.4077e-07
   1.4400e+02   1.7168e-07   6.1072e-07   6.2597e-07   2.3225e-07
   1.4500e+02   1.6171e-07   5.7811e-07   5.8729e-07   2.2257e-07
   1.4600e+02   1.5294e-07   5.5277e-07   5.5458e-07   2.1413e-07
   1.4700e+02   1.4363e-07   5.1381e-07   5.3005e-07   2.0717e-07
   1.4800e+02   1.3584e-07   4.8215e-07   4.9802e-07   2.0035e-07
   1.4900e+02   1.2765e-07   4.5216e-07   4.6682e-07   1.9027e-07
   1.5000e+02   1.2150e-07   4.3667e-07   4.4037e-07   1.8441e-07
   1.5100e+02   1.1437e-07   4.0682e-07   4.1227e-07   1.7895e-07
   1.5200e+02   1.0746e-07   3.7927e-07   3.9328e-07   1.7430e-07
   1.5300e+02   1.0210e-07   3.6096e-07   3.7440e-07   1.6953e-07
   1.5400e+02   9.6306e-08   3.4578e-07   3.5182e-07   1.6577e-07
   1.5500e+02   9.0759e-08   3.2365e-07   3.3091e-07   1.6165e-07
   1.5600e+02   8.5009e-08   3.0677e-07   3.1648e-07   1.5845e-07
   1.5700e+02   8.0117e-08   2.9277e-07   2.9912e-07   1.5436e-07
   1.5800e+02   7.6396e-08   2.7099e-07   2.8486e-07   1.5270e-07
   1.5900e+02   7.0789e-08   2.6123e-07   2.6966e-07   1.4919e-07
   1.6000e+02   6.7715e-08   2.5088e-07   2.5345e-07   1.4902e-07
   1.6100e+02   6.4320e-08   2.3570e-07   2.3959e-07   1.4830e-07
   1.6200e+02   5.9855e-08   2.2201e-07   2.2776e-07   1.4561e-07
   1.6300e+02   5.7722e-08   2.1248e-07   2.1511e-07   1.4565e-07
   1.6400e+02   5.4485e-08   1.9973e-07   2.0846e-07   1.4406e-07
   1.6500e+02   5.2128e-08   1.8992e-07   1.9506e-07   1.4694e-07
   1.6600e+02   4.8459e-08   1.8014e-07   1.8697e-07   1.4793e-07
   1.6700e+02   4.7058e-08   1.7203e-07   1.7762e-07   1.5016e-07
   1.6800e+02   4.4264e-08   1.6286e-07   1.7037e-07   1.5140e-07
   1.6900e+02   4.2426e-08   1.5649e-07   1.6152e-07   1.5447e-07
   1.7000e+02   4.0437e-08   1.4801e-07   1.5375e-07   1.5761e-07
   1.7100e+02   3.8745e-08   1.4259e-07   1.4656e-07   1.6091e-07
   1.7200e+02   3.7052e-08   1.3709e-07   1.4203e-07   1.6136e-07
   1.7300e+02   3.5524e-08   1.3294e-07   1.3682e-07   1.6779e-07
   1.7400e+02   3.4113e-08   1.2600e-07   1.3193e-07   1.7134e-07
   1.7500e+02   3.2794e-08   1.2336e-07   1.2732e-07   1.7758e-07
   1.7600e+02   3.1574e-08   1.1765e-07   1.2224e-07   1.8424e-07
   1.7700e+02   3.1062e-08   1.1493e-07   1.2178e-07   1.9030e-07
   1.7800e+02   2.9874e-08   1.1134e-07   1.1641e-07   1.9779e-07
   1.7900e+02   2.9096e-08   1.0883e-07   1.1320e-07   2.0360e-07
   1.8000e+02   2.8186e-08   1.0548e-07   1.1211e-07   2.1363e-07
   1.8100e+02   2.7647e-08   1.0396e-07   1.0829e-07   2.2305e-07
   1.8200e+02   2.6935e-08   1.0127e-07   1.0650e-07   2.3704e-07
   1.8300e+02   2.6643e-08   9.8501e-08   1.0410e-07   2.4678e-07
   1.8400e+02   2.6421e-08   9.9242e-08   1.0420e-07   2.6373e-07
   1.8500e+02   2.6029e-08   9.7618e-08   1.0238e-07   2.7942e-07
   1.8600e+02   2.6030e-08   9.7055e-08   1.0313e-07   2.9294e-07
   1.8700e+02   2.5713e-08   9.8862e-08   1.0184e-07   3.1173e-07
   1.8800e+02   2.5783e-08   1.0164e-07   1.0534e-07   3.3088e-07
   1.8900e+02   2.6078e-08   1.0476e-07   1.0722e-07   3.5591e-07
   1.9000e+02   2.5489e-08   1.0721e-07   1.1392e-07   3.7588e-07
   1.9100e+02   2.4069e-08   1.0338e-07   1.1160e-07   4.0554e-07
