# The data in this file was extracted from a direct numerical
# simulation of fully developed plane turbulent channel
# flow. Particulars are listed below. Note that some of the statistical
# quantities provided in this data set should be zero due to
# (statistical) symmetries in the flow. These quantities are reported
# here none-the-less as an indicator of the quality of the statistics.
# more statistics from this data set are available at 
# http://www.tam.uiuc.edu/Faculty/Moser/channel 
#
# Authors: Moser, Kim & Mansour
# Reference: DNS of Turbulent Channel Flow up to Re_tau=590, 1999,
#            Physics of Fluids, vol 11, 943-945.
# Numerical Method: Kim, Moin & Moser, 1987, J. Fluid Mech. vol 177, 133-166 
# Re_tau = 587.19
# Normalization: U_tau, h 
# Description: Spanwise (z) One-dimensional spectra of velocity and pressure at indicated y-location 
# Filename: chan590/spectra/chan590.zspec.39 
# Date File Created: Feb 29, 2000 
#
#---End of Header---
# 
# nz = 384,  Re = 587.19,  y = 0.06701,  y+ =  39.35
#
#     k_z          E_uu         E_vv         E_ww         E_pp
#
   0.0000e+00   1.0103e-01   6.8670e-03   8.3836e-02   5.0987e-01
   2.0000e+00   3.1164e-01   1.3990e-02   1.8521e-01   7.7889e-01
   4.0000e+00   4.5027e-01   1.6359e-02   2.0658e-01   6.4073e-01
   6.0000e+00   4.1066e-01   1.9926e-02   1.8307e-01   5.2667e-01
   8.0000e+00   3.8100e-01   2.3259e-02   1.5812e-01   4.6820e-01
   1.0000e+01   3.3198e-01   2.6257e-02   1.3180e-01   4.1151e-01
   1.2000e+01   2.8703e-01   2.9080e-02   1.1420e-01   3.6783e-01
   1.4000e+01   2.7257e-01   3.1993e-02   9.5887e-02   3.3682e-01
   1.6000e+01   2.3742e-01   3.4144e-02   8.3825e-02   3.0331e-01
   1.8000e+01   2.2415e-01   3.4716e-02   7.4573e-02   2.7569e-01
   2.0000e+01   1.9861e-01   3.5066e-02   6.4740e-02   2.4626e-01
   2.2000e+01   1.7807e-01   3.5772e-02   5.5752e-02   2.2108e-01
   2.4000e+01   1.5546e-01   3.5446e-02   4.9938e-02   2.0039e-01
   2.6000e+01   1.4468e-01   3.5378e-02   4.3652e-02   1.8369e-01
   2.8000e+01   1.2685e-01   3.4163e-02   3.8494e-02   1.6206e-01
   3.0000e+01   1.1294e-01   3.2962e-02   3.4010e-02   1.5073e-01
   3.2000e+01   1.0069e-01   3.0947e-02   3.0297e-02   1.3529e-01
   3.4000e+01   9.2131e-02   2.9922e-02   2.6928e-02   1.2306e-01
   3.6000e+01   8.0507e-02   2.8178e-02   2.3765e-02   1.1083e-01
   3.8000e+01   7.2629e-02   2.6417e-02   2.1033e-02   1.0096e-01
   4.0000e+01   6.4311e-02   2.4932e-02   1.8660e-02   9.1764e-02
   4.2000e+01   6.0275e-02   2.3622e-02   1.6884e-02   8.4034e-02
   4.4000e+01   5.3654e-02   2.1830e-02   1.4709e-02   7.5680e-02
   4.6000e+01   4.8273e-02   2.0156e-02   1.3066e-02   6.8610e-02
   4.8000e+01   4.2203e-02   1.8575e-02   1.1626e-02   6.1724e-02
   5.0000e+01   3.8128e-02   1.7058e-02   1.0440e-02   5.5908e-02
   5.2000e+01   3.4960e-02   1.5711e-02   9.2557e-03   5.0290e-02
   5.4000e+01   3.1903e-02   1.4545e-02   8.3621e-03   4.5840e-02
   5.6000e+01   2.8524e-02   1.3567e-02   7.4091e-03   4.1621e-02
   5.8000e+01   2.6203e-02   1.2540e-02   6.5148e-03   3.7605e-02
   6.0000e+01   2.4187e-02   1.1611e-02   6.0437e-03   3.4121e-02
   6.2000e+01   2.1950e-02   1.0714e-02   5.3985e-03   3.1365e-02
   6.4000e+01   1.9867e-02   9.6308e-03   4.8618e-03   2.8707e-02
   6.6000e+01   1.8094e-02   8.8592e-03   4.3350e-03   2.5704e-02
   6.8000e+01   1.6509e-02   8.1811e-03   3.8818e-03   2.3659e-02
   7.0000e+01   1.5374e-02   7.6559e-03   3.5311e-03   2.1601e-02
   7.2000e+01   1.3932e-02   7.0074e-03   3.1925e-03   1.9338e-02
   7.4000e+01   1.2816e-02   6.3133e-03   2.8719e-03   1.7546e-02
   7.6000e+01   1.2240e-02   5.9489e-03   2.6041e-03   1.6042e-02
   7.8000e+01   1.0970e-02   5.5305e-03   2.3503e-03   1.4521e-02
   8.0000e+01   1.0243e-02   5.0678e-03   2.1564e-03   1.3450e-02
   8.2000e+01   9.3859e-03   4.6865e-03   1.9604e-03   1.2014e-02
   8.4000e+01   8.6971e-03   4.3062e-03   1.7641e-03   1.1147e-02
   8.6000e+01   8.0775e-03   4.0239e-03   1.6216e-03   1.0086e-02
   8.8000e+01   7.5639e-03   3.7082e-03   1.4805e-03   9.2688e-03
   9.0000e+01   6.9084e-03   3.4514e-03   1.3517e-03   8.3715e-03
   9.2000e+01   6.4136e-03   3.1775e-03   1.2335e-03   7.6193e-03
   9.4000e+01   6.0687e-03   2.9332e-03   1.1297e-03   6.9637e-03
   9.6000e+01   5.6246e-03   2.7412e-03   1.0309e-03   6.3011e-03
   9.8000e+01   5.2027e-03   2.5448e-03   9.4346e-04   5.7552e-03
   1.0000e+02   4.8477e-03   2.3282e-03   8.6784e-04   5.2660e-03
   1.0200e+02   4.5738e-03   2.1700e-03   7.9514e-04   4.9002e-03
   1.0400e+02   4.2248e-03   2.0202e-03   7.2904e-04   4.4417e-03
   1.0600e+02   3.9944e-03   1.8575e-03   6.7348e-04   4.1019e-03
   1.0800e+02   3.7460e-03   1.7309e-03   6.2034e-04   3.6957e-03
   1.1000e+02   3.5274e-03   1.6038e-03   5.7586e-04   3.3973e-03
   1.1200e+02   3.2708e-03   1.4920e-03   5.2533e-04   3.1139e-03
   1.1400e+02   3.0742e-03   1.4049e-03   4.8730e-04   2.8370e-03
   1.1600e+02   2.8517e-03   1.2951e-03   4.5358e-04   2.6184e-03
   1.1800e+02   2.6832e-03   1.1972e-03   4.1353e-04   2.3856e-03
   1.2000e+02   2.5357e-03   1.1243e-03   3.8727e-04   2.1943e-03
   1.2200e+02   2.3588e-03   1.0363e-03   3.5355e-04   2.0143e-03
   1.2400e+02   2.2189e-03   9.8256e-04   3.2778e-04   1.8384e-03
   1.2600e+02   2.1157e-03   9.0585e-04   3.0736e-04   1.6859e-03
   1.2800e+02   1.9305e-03   8.4468e-04   2.8415e-04   1.5641e-03
   1.3000e+02   1.8337e-03   7.9687e-04   2.6066e-04   1.4539e-03
   1.3200e+02   1.7151e-03   7.3023e-04   2.4084e-04   1.3184e-03
   1.3400e+02   1.6420e-03   6.9091e-04   2.2508e-04   1.2255e-03
   1.3600e+02   1.5575e-03   6.3367e-04   2.0917e-04   1.1121e-03
   1.3800e+02   1.4576e-03   5.9986e-04   1.9532e-04   1.0340e-03
   1.4000e+02   1.3759e-03   5.6089e-04   1.8237e-04   9.4573e-04
   1.4200e+02   1.3067e-03   5.2220e-04   1.6866e-04   8.6846e-04
   1.4400e+02   1.2249e-03   4.9171e-04   1.5715e-04   8.0156e-04
   1.4600e+02   1.1500e-03   4.5976e-04   1.4835e-04   7.4272e-04
   1.4800e+02   1.0909e-03   4.2791e-04   1.3849e-04   6.8693e-04
   1.5000e+02   1.0096e-03   4.0028e-04   1.2827e-04   6.2795e-04
   1.5200e+02   9.7534e-04   3.7706e-04   1.1925e-04   5.8723e-04
   1.5400e+02   9.1818e-04   3.5140e-04   1.1210e-04   5.3886e-04
   1.5600e+02   8.6181e-04   3.3009e-04   1.0369e-04   4.9706e-04
   1.5800e+02   8.1579e-04   3.0517e-04   9.7451e-05   4.5630e-04
   1.6000e+02   7.7371e-04   2.9085e-04   9.1560e-05   4.2742e-04
   1.6200e+02   7.3446e-04   2.7194e-04   8.4555e-05   3.9562e-04
   1.6400e+02   6.9267e-04   2.5353e-04   7.9611e-05   3.6596e-04
   1.6600e+02   6.5495e-04   2.3754e-04   7.4976e-05   3.3998e-04
   1.6800e+02   6.2255e-04   2.2506e-04   7.0017e-05   3.1707e-04
   1.7000e+02   5.8132e-04   2.1096e-04   6.5719e-05   2.9680e-04
   1.7200e+02   5.4846e-04   1.9960e-04   6.1345e-05   2.7030e-04
   1.7400e+02   5.3135e-04   1.8530e-04   5.7711e-05   2.5204e-04
   1.7600e+02   4.9310e-04   1.7639e-04   5.3830e-05   2.3500e-04
   1.7800e+02   4.6932e-04   1.6400e-04   5.0587e-05   2.2004e-04
   1.8000e+02   4.4299e-04   1.5438e-04   4.7875e-05   2.0207e-04
   1.8200e+02   4.1589e-04   1.4398e-04   4.4587e-05   1.8870e-04
   1.8400e+02   4.0153e-04   1.3619e-04   4.2314e-05   1.7637e-04
   1.8600e+02   3.7474e-04   1.2887e-04   3.9513e-05   1.6451e-04
   1.8800e+02   3.5389e-04   1.2156e-04   3.7277e-05   1.5443e-04
   1.9000e+02   3.3767e-04   1.1247e-04   3.4996e-05   1.4286e-04
   1.9200e+02   3.1761e-04   1.0594e-04   3.2445e-05   1.3453e-04
   1.9400e+02   3.0319e-04   1.0092e-04   3.0819e-05   1.2503e-04
   1.9600e+02   2.9007e-04   9.5071e-05   2.8906e-05   1.1695e-04
   1.9800e+02   2.7479e-04   8.9148e-05   2.7276e-05   1.0980e-04
   2.0000e+02   2.5844e-04   8.3767e-05   2.5566e-05   1.0324e-04
   2.0200e+02   2.4430e-04   7.9285e-05   2.4283e-05   9.6697e-05
   2.0400e+02   2.3272e-04   7.5790e-05   2.2656e-05   9.0774e-05
   2.0600e+02   2.1839e-04   7.1088e-05   2.1566e-05   8.5414e-05
   2.0800e+02   2.0925e-04   6.6639e-05   2.0122e-05   8.0325e-05
   2.1000e+02   1.9873e-04   6.3148e-05   1.9114e-05   7.5213e-05
   2.1200e+02   1.8853e-04   5.9338e-05   1.7985e-05   7.0788e-05
   2.1400e+02   1.7936e-04   5.6247e-05   1.6850e-05   6.6343e-05
   2.1600e+02   1.7154e-04   5.3301e-05   1.6003e-05   6.2585e-05
   2.1800e+02   1.6278e-04   5.0017e-05   1.5082e-05   5.9313e-05
   2.2000e+02   1.5343e-04   4.7768e-05   1.4240e-05   5.6092e-05
   2.2200e+02   1.4746e-04   4.4762e-05   1.3587e-05   5.2979e-05
   2.2400e+02   1.3739e-04   4.2456e-05   1.2748e-05   4.9816e-05
   2.2600e+02   1.3179e-04   3.9797e-05   1.1939e-05   4.7617e-05
   2.2800e+02   1.2569e-04   3.7943e-05   1.1294e-05   4.4941e-05
   2.3000e+02   1.1926e-04   3.5705e-05   1.0674e-05   4.2538e-05
   2.3200e+02   1.1326e-04   3.3884e-05   1.0140e-05   4.0717e-05
   2.3400e+02   1.0866e-04   3.2251e-05   9.5636e-06   3.8496e-05
   2.3600e+02   1.0199e-04   3.0244e-05   8.9966e-06   3.6701e-05
   2.3800e+02   9.7333e-05   2.8541e-05   8.6105e-06   3.4977e-05
   2.4000e+02   9.3367e-05   2.7273e-05   8.0679e-06   3.3100e-05
   2.4200e+02   8.8090e-05   2.5603e-05   7.6819e-06   3.1464e-05
   2.4400e+02   8.3973e-05   2.4377e-05   7.2734e-06   3.0202e-05
   2.4600e+02   7.9901e-05   2.3213e-05   6.8608e-06   2.8988e-05
   2.4800e+02   7.5561e-05   2.2068e-05   6.4670e-06   2.7684e-05
   2.5000e+02   7.1077e-05   2.0685e-05   6.1051e-06   2.6506e-05
   2.5200e+02   6.7831e-05   1.9773e-05   5.7880e-06   2.5131e-05
   2.5400e+02   6.5067e-05   1.8667e-05   5.4614e-06   2.4288e-05
   2.5600e+02   6.2167e-05   1.7548e-05   5.2034e-06   2.3647e-05
   2.5800e+02   5.9086e-05   1.6672e-05   4.9351e-06   2.2624e-05
   2.6000e+02   5.6047e-05   1.5820e-05   4.6730e-06   2.1876e-05
   2.6200e+02   5.3536e-05   1.5006e-05   4.4137e-06   2.1050e-05
   2.6400e+02   5.1047e-05   1.4354e-05   4.1622e-06   2.0482e-05
   2.6600e+02   4.8421e-05   1.3485e-05   3.9657e-06   1.9726e-05
   2.6800e+02   4.6215e-05   1.2955e-05   3.7662e-06   1.9164e-05
   2.7000e+02   4.4079e-05   1.2232e-05   3.5613e-06   1.8625e-05
   2.7200e+02   4.1738e-05   1.1647e-05   3.3767e-06   1.8177e-05
   2.7400e+02   3.9590e-05   1.1029e-05   3.1869e-06   1.7740e-05
   2.7600e+02   3.8046e-05   1.0495e-05   3.0523e-06   1.7115e-05
   2.7800e+02   3.6131e-05   9.9747e-06   2.9000e-06   1.6889e-05
   2.8000e+02   3.4689e-05   9.4986e-06   2.7497e-06   1.6497e-05
   2.8200e+02   3.2762e-05   9.1211e-06   2.6094e-06   1.5931e-05
   2.8400e+02   3.1063e-05   8.5806e-06   2.4634e-06   1.5955e-05
   2.8600e+02   2.9955e-05   8.2033e-06   2.3437e-06   1.5671e-05
   2.8800e+02   2.8411e-05   7.7704e-06   2.2042e-06   1.5385e-05
   2.9000e+02   2.7006e-05   7.3987e-06   2.1120e-06   1.5160e-05
   2.9200e+02   2.5928e-05   7.0041e-06   2.0094e-06   1.5063e-05
   2.9400e+02   2.4802e-05   6.7034e-06   1.8949e-06   1.5067e-05
   2.9600e+02   2.3374e-05   6.3587e-06   1.7895e-06   1.4927e-05
   2.9800e+02   2.2354e-05   6.0377e-06   1.7043e-06   1.5004e-05
   3.0000e+02   2.1159e-05   5.7772e-06   1.6157e-06   1.4938e-05
   3.0200e+02   2.0523e-05   5.5277e-06   1.5409e-06   1.5018e-05
   3.0400e+02   1.9647e-05   5.2652e-06   1.4767e-06   1.5090e-05
   3.0600e+02   1.8531e-05   5.0185e-06   1.4045e-06   1.5127e-05
   3.0800e+02   1.7672e-05   4.7869e-06   1.3260e-06   1.5216e-05
   3.1000e+02   1.6985e-05   4.5587e-06   1.2721e-06   1.5368e-05
   3.1200e+02   1.6219e-05   4.3551e-06   1.2160e-06   1.5821e-05
   3.1400e+02   1.5619e-05   4.1546e-06   1.1489e-06   1.6027e-05
   3.1600e+02   1.4878e-05   3.9957e-06   1.1006e-06   1.6090e-05
   3.1800e+02   1.4357e-05   3.8128e-06   1.0595e-06   1.6531e-05
   3.2000e+02   1.3625e-05   3.6641e-06   1.0074e-06   1.6978e-05
   3.2200e+02   1.3221e-05   3.5197e-06   9.6341e-07   1.7303e-05
   3.2400e+02   1.2716e-05   3.3731e-06   9.1811e-07   1.7852e-05
   3.2600e+02   1.2105e-05   3.2458e-06   8.7868e-07   1.8391e-05
   3.2800e+02   1.1673e-05   3.0845e-06   8.4562e-07   1.8965e-05
   3.3000e+02   1.1242e-05   2.9632e-06   8.0848e-07   1.9489e-05
   3.3200e+02   1.0835e-05   2.8950e-06   7.8206e-07   2.0231e-05
   3.3400e+02   1.0395e-05   2.7782e-06   7.5622e-07   2.1130e-05
   3.3600e+02   1.0102e-05   2.6726e-06   7.1887e-07   2.1882e-05
   3.3800e+02   9.8214e-06   2.6112e-06   6.9927e-07   2.3059e-05
   3.4000e+02   9.4902e-06   2.5216e-06   6.7527e-07   2.3838e-05
   3.4200e+02   9.2088e-06   2.4520e-06   6.5903e-07   2.5000e-05
   3.4400e+02   8.9158e-06   2.3976e-06   6.3465e-07   2.6427e-05
   3.4600e+02   8.7137e-06   2.3192e-06   6.1879e-07   2.7692e-05
   3.4800e+02   8.5158e-06   2.2916e-06   5.9924e-07   2.9246e-05
   3.5000e+02   8.3146e-06   2.2425e-06   5.8519e-07   3.0659e-05
   3.5200e+02   8.1979e-06   2.1913e-06   5.8174e-07   3.2499e-05
   3.5400e+02   8.1614e-06   2.1713e-06   5.6598e-07   3.4191e-05
   3.5600e+02   8.0756e-06   2.1572e-06   5.5656e-07   3.6472e-05
   3.5800e+02   7.8937e-06   2.1444e-06   5.4700e-07   3.8669e-05
   3.6000e+02   7.8995e-06   2.1053e-06   5.4811e-07   4.1398e-05
   3.6200e+02   7.8438e-06   2.1240e-06   5.4188e-07   4.3603e-05
   3.6400e+02   7.8554e-06   2.1226e-06   5.2901e-07   4.6903e-05
   3.6600e+02   7.8983e-06   2.1564e-06   5.3039e-07   5.0158e-05
   3.6800e+02   8.0107e-06   2.1490e-06   5.2950e-07   5.3841e-05
   3.7000e+02   8.1860e-06   2.1806e-06   5.2912e-07   5.7218e-05
   3.7200e+02   8.1865e-06   2.1772e-06   5.2598e-07   6.1403e-05
   3.7400e+02   8.3706e-06   2.2194e-06   5.2744e-07   6.5779e-05
   3.7600e+02   8.5585e-06   2.2568e-06   5.2702e-07   7.0081e-05
   3.7800e+02   8.6175e-06   2.2612e-06   5.1822e-07   7.5765e-05
   3.8000e+02   8.5526e-06   2.2291e-06   5.0828e-07   8.0797e-05
   3.8200e+02   8.3252e-06   2.1883e-06   4.8892e-07   8.4311e-05
