# The data in this file was extracted from a direct numerical
# simulation of fully developed plane turbulent channel
# flow. Particulars are listed below. Note that some of the statistical
# quantities provided in this data set should be zero due to
# (statistical) symmetries in the flow. These quantities are reported
# here none-the-less as an indicator of the quality of the statistics.
# more statistics from this data set are available at 
# http://www.tam.uiuc.edu/Faculty/Moser/channel 
#
# Authors: Moser, Kim & Mansour
# Reference: DNS of Turbulent Channel Flow up to Re_tau=590, 1999,
#            Physics of Fluids, vol 11, 943-945.
# Numerical Method: Kim, Moin & Moser, 1987, J. Fluid Mech. vol 177, 133-166 
# Re_tau = 587.19
# Normalization: U_tau, h 
# Description: Spanwise (z) One-dimensional spectra of velocity and pressure at indicated y-location 
# Filename: chan590/spectra/chan590.zspec.80 
# Date File Created: Feb 29, 2000 
#
#---End of Header---
# 
# nz = 384,  Re = 587.19,  y = 0.13603,  y+ =  79.87
#
#     k_z          E_uu         E_vv         E_ww         E_pp
#
   0.0000e+00   9.6298e-02   1.9416e-02   1.0029e-01   5.3414e-01
   2.0000e+00   3.0591e-01   4.0425e-02   2.4922e-01   7.9593e-01
   4.0000e+00   5.1227e-01   5.0624e-02   2.3580e-01   6.4149e-01
   6.0000e+00   4.2704e-01   5.8960e-02   1.8753e-01   5.3254e-01
   8.0000e+00   3.3637e-01   6.6123e-02   1.5615e-01   4.4356e-01
   1.0000e+01   2.6892e-01   6.5742e-02   1.2025e-01   3.6851e-01
   1.2000e+01   2.2295e-01   6.6687e-02   1.0062e-01   3.1646e-01
   1.4000e+01   1.7553e-01   6.2743e-02   8.3601e-02   2.6798e-01
   1.6000e+01   1.4942e-01   6.0216e-02   6.9472e-02   2.3201e-01
   1.8000e+01   1.2433e-01   5.6251e-02   5.9714e-02   1.9960e-01
   2.0000e+01   1.0490e-01   5.1241e-02   4.9892e-02   1.6842e-01
   2.2000e+01   8.7534e-02   4.6150e-02   4.2650e-02   1.4701e-01
   2.4000e+01   7.4477e-02   4.2398e-02   3.6421e-02   1.2488e-01
   2.6000e+01   6.3945e-02   3.8691e-02   3.1214e-02   1.1263e-01
   2.8000e+01   5.4099e-02   3.4441e-02   2.5856e-02   9.6265e-02
   3.0000e+01   4.6512e-02   3.1420e-02   2.2242e-02   8.4058e-02
   3.2000e+01   4.0092e-02   2.8046e-02   1.9009e-02   7.2611e-02
   3.4000e+01   3.4643e-02   2.4806e-02   1.6509e-02   6.3725e-02
   3.6000e+01   2.9748e-02   2.2481e-02   1.4173e-02   5.6911e-02
   3.8000e+01   2.6796e-02   2.0200e-02   1.2407e-02   5.0315e-02
   4.0000e+01   2.3208e-02   1.8236e-02   1.0491e-02   4.3595e-02
   4.2000e+01   2.0970e-02   1.6540e-02   9.4159e-03   3.8760e-02
   4.4000e+01   1.8242e-02   1.4704e-02   7.8987e-03   3.4253e-02
   4.6000e+01   1.5958e-02   1.3094e-02   6.9355e-03   3.0276e-02
   4.8000e+01   1.3810e-02   1.1747e-02   6.0920e-03   2.6343e-02
   5.0000e+01   1.2581e-02   1.0488e-02   5.3220e-03   2.3394e-02
   5.2000e+01   1.1169e-02   9.6822e-03   4.6831e-03   2.0814e-02
   5.4000e+01   1.0021e-02   8.5836e-03   4.1210e-03   1.8716e-02
   5.6000e+01   8.9161e-03   7.6905e-03   3.6057e-03   1.6377e-02
   5.8000e+01   8.0324e-03   7.0922e-03   3.2269e-03   1.4688e-02
   6.0000e+01   7.3501e-03   6.2744e-03   2.8462e-03   1.2859e-02
   6.2000e+01   6.5386e-03   5.8410e-03   2.5295e-03   1.1679e-02
   6.4000e+01   5.9878e-03   5.2030e-03   2.2580e-03   1.0148e-02
   6.6000e+01   5.4039e-03   4.7309e-03   2.0448e-03   9.0993e-03
   6.8000e+01   4.9046e-03   4.2412e-03   1.8076e-03   8.1233e-03
   7.0000e+01   4.4683e-03   3.8892e-03   1.6015e-03   7.3053e-03
   7.2000e+01   4.0933e-03   3.5349e-03   1.4537e-03   6.4918e-03
   7.4000e+01   3.7360e-03   3.1708e-03   1.2911e-03   5.8789e-03
   7.6000e+01   3.3440e-03   2.9460e-03   1.1774e-03   5.1971e-03
   7.8000e+01   3.0863e-03   2.6546e-03   1.0387e-03   4.7075e-03
   8.0000e+01   2.8646e-03   2.4255e-03   9.5018e-04   4.1878e-03
   8.2000e+01   2.5930e-03   2.2087e-03   8.4874e-04   3.7778e-03
   8.4000e+01   2.3956e-03   2.0194e-03   7.6790e-04   3.3702e-03
   8.6000e+01   2.2193e-03   1.8298e-03   7.1099e-04   3.0750e-03
   8.8000e+01   2.0072e-03   1.6840e-03   6.3575e-04   2.7613e-03
   9.0000e+01   1.8437e-03   1.5765e-03   5.7099e-04   2.4713e-03
   9.2000e+01   1.7232e-03   1.4247e-03   5.2219e-04   2.2492e-03
   9.4000e+01   1.5759e-03   1.2976e-03   4.7123e-04   2.0064e-03
   9.6000e+01   1.4396e-03   1.2000e-03   4.3232e-04   1.8220e-03
   9.8000e+01   1.3522e-03   1.0886e-03   3.9549e-04   1.6399e-03
   1.0000e+02   1.2378e-03   1.0115e-03   3.5948e-04   1.4865e-03
   1.0200e+02   1.1436e-03   9.2326e-04   3.2974e-04   1.3461e-03
   1.0400e+02   1.0644e-03   8.5316e-04   2.9897e-04   1.2112e-03
   1.0600e+02   9.8878e-04   7.8967e-04   2.7598e-04   1.1008e-03
   1.0800e+02   9.0607e-04   7.3092e-04   2.5032e-04   9.8867e-04
   1.1000e+02   8.4547e-04   6.7340e-04   2.2945e-04   9.1133e-04
   1.1200e+02   7.8833e-04   6.1632e-04   2.1179e-04   8.2682e-04
   1.1400e+02   7.3441e-04   5.7263e-04   1.9325e-04   7.5268e-04
   1.1600e+02   6.8230e-04   5.2667e-04   1.7854e-04   6.7777e-04
   1.1800e+02   6.2866e-04   4.8503e-04   1.6388e-04   6.2275e-04
   1.2000e+02   5.8543e-04   4.5141e-04   1.4788e-04   5.6281e-04
   1.2200e+02   5.4902e-04   4.1000e-04   1.3781e-04   5.1144e-04
   1.2400e+02   5.0764e-04   3.8510e-04   1.2650e-04   4.6613e-04
   1.2600e+02   4.6857e-04   3.5423e-04   1.1648e-04   4.2169e-04
   1.2800e+02   4.3325e-04   3.2517e-04   1.0607e-04   3.8971e-04
   1.3000e+02   4.0816e-04   3.0482e-04   9.9704e-05   3.5420e-04
   1.3200e+02   3.7896e-04   2.8336e-04   9.2089e-05   3.2371e-04
   1.3400e+02   3.5586e-04   2.6320e-04   8.4651e-05   2.9508e-04
   1.3600e+02   3.3194e-04   2.4461e-04   7.7895e-05   2.7024e-04
   1.3800e+02   3.0883e-04   2.2763e-04   7.1643e-05   2.4583e-04
   1.4000e+02   2.8912e-04   2.1017e-04   6.6508e-05   2.3038e-04
   1.4200e+02   2.6770e-04   1.9540e-04   6.0921e-05   2.1025e-04
   1.4400e+02   2.5253e-04   1.8278e-04   5.7250e-05   1.9005e-04
   1.4600e+02   2.3693e-04   1.6957e-04   5.2625e-05   1.7626e-04
   1.4800e+02   2.2130e-04   1.5807e-04   4.8591e-05   1.6364e-04
   1.5000e+02   2.0951e-04   1.4722e-04   4.5226e-05   1.4825e-04
   1.5200e+02   1.9233e-04   1.3657e-04   4.1662e-05   1.3706e-04
   1.5400e+02   1.7957e-04   1.2676e-04   3.8833e-05   1.2786e-04
   1.5600e+02   1.6847e-04   1.1711e-04   3.6185e-05   1.1573e-04
   1.5800e+02   1.6041e-04   1.1070e-04   3.3373e-05   1.0738e-04
   1.6000e+02   1.4890e-04   1.0363e-04   3.1278e-05   9.9506e-05
   1.6200e+02   1.4085e-04   9.6893e-05   2.9104e-05   9.1444e-05
   1.6400e+02   1.3134e-04   8.9929e-05   2.7063e-05   8.4400e-05
   1.6600e+02   1.2206e-04   8.3478e-05   2.5071e-05   7.8737e-05
   1.6800e+02   1.1516e-04   7.8873e-05   2.3304e-05   7.2311e-05
   1.7000e+02   1.0852e-04   7.3548e-05   2.1731e-05   6.6152e-05
   1.7200e+02   1.0071e-04   6.8635e-05   2.0059e-05   6.1990e-05
   1.7400e+02   9.6506e-05   6.4577e-05   1.8808e-05   5.7155e-05
   1.7600e+02   9.0171e-05   5.9883e-05   1.7695e-05   5.3255e-05
   1.7800e+02   8.4321e-05   5.6042e-05   1.6364e-05   4.9586e-05
   1.8000e+02   7.9573e-05   5.1483e-05   1.5219e-05   4.6635e-05
   1.8200e+02   7.4902e-05   4.9372e-05   1.4219e-05   4.2663e-05
   1.8400e+02   6.9730e-05   4.5893e-05   1.3209e-05   3.9594e-05
   1.8600e+02   6.6178e-05   4.2929e-05   1.2455e-05   3.7292e-05
   1.8800e+02   6.1941e-05   3.9883e-05   1.1596e-05   3.4333e-05
   1.9000e+02   5.8436e-05   3.7908e-05   1.0735e-05   3.2120e-05
   1.9200e+02   5.5130e-05   3.5347e-05   1.0134e-05   3.0375e-05
   1.9400e+02   5.1538e-05   3.3247e-05   9.4125e-06   2.8054e-05
   1.9600e+02   4.8934e-05   3.1188e-05   8.7706e-06   2.6257e-05
   1.9800e+02   4.6220e-05   2.9398e-05   8.2447e-06   2.4515e-05
   2.0000e+02   4.2773e-05   2.7473e-05   7.6995e-06   2.2964e-05
   2.0200e+02   4.0669e-05   2.5689e-05   7.1598e-06   2.1493e-05
   2.0400e+02   3.8518e-05   2.4134e-05   6.7365e-06   2.0168e-05
   2.0600e+02   3.6225e-05   2.2832e-05   6.3344e-06   1.8862e-05
   2.0800e+02   3.3879e-05   2.1289e-05   5.9203e-06   1.7750e-05
   2.1000e+02   3.2238e-05   1.9917e-05   5.5934e-06   1.6663e-05
   2.1200e+02   3.0206e-05   1.8754e-05   5.1501e-06   1.5591e-05
   2.1400e+02   2.8304e-05   1.7742e-05   4.8244e-06   1.4701e-05
   2.1600e+02   2.6973e-05   1.6790e-05   4.5277e-06   1.3786e-05
   2.1800e+02   2.5255e-05   1.5703e-05   4.2485e-06   1.2968e-05
   2.2000e+02   2.3880e-05   1.4745e-05   4.0004e-06   1.2211e-05
   2.2200e+02   2.2541e-05   1.4035e-05   3.7354e-06   1.1532e-05
   2.2400e+02   2.1336e-05   1.3023e-05   3.5005e-06   1.0839e-05
   2.2600e+02   1.9948e-05   1.2355e-05   3.2728e-06   1.0253e-05
   2.2800e+02   1.8972e-05   1.1618e-05   3.0985e-06   9.6733e-06
   2.3000e+02   1.7913e-05   1.1004e-05   2.8897e-06   9.1683e-06
   2.3200e+02   1.6780e-05   1.0196e-05   2.6929e-06   8.5866e-06
   2.3400e+02   1.5973e-05   9.5900e-06   2.5533e-06   8.1611e-06
   2.3600e+02   1.5048e-05   9.0904e-06   2.3864e-06   7.7731e-06
   2.3800e+02   1.4231e-05   8.6543e-06   2.2507e-06   7.3446e-06
   2.4000e+02   1.3456e-05   8.1673e-06   2.1055e-06   6.9149e-06
   2.4200e+02   1.2791e-05   7.6918e-06   1.9710e-06   6.5724e-06
   2.4400e+02   1.1941e-05   7.2581e-06   1.8497e-06   6.2388e-06
   2.4600e+02   1.1421e-05   6.8300e-06   1.7549e-06   5.9811e-06
   2.4800e+02   1.0757e-05   6.4354e-06   1.6459e-06   5.6508e-06
   2.5000e+02   1.0216e-05   6.0525e-06   1.5405e-06   5.4002e-06
   2.5200e+02   9.6061e-06   5.7139e-06   1.4406e-06   5.0897e-06
   2.5400e+02   9.1408e-06   5.3957e-06   1.3708e-06   4.8562e-06
   2.5600e+02   8.6527e-06   5.1042e-06   1.2820e-06   4.6555e-06
   2.5800e+02   8.1572e-06   4.8536e-06   1.2020e-06   4.4464e-06
   2.6000e+02   7.6819e-06   4.5232e-06   1.1350e-06   4.2208e-06
   2.6200e+02   7.3877e-06   4.2760e-06   1.0658e-06   3.9973e-06
   2.6400e+02   6.9309e-06   4.0484e-06   1.0006e-06   3.8630e-06
   2.6600e+02   6.5063e-06   3.8118e-06   9.4060e-07   3.6751e-06
   2.6800e+02   6.2176e-06   3.6265e-06   8.9046e-07   3.5216e-06
   2.7000e+02   5.9008e-06   3.4367e-06   8.4016e-07   3.3862e-06
   2.7200e+02   5.5271e-06   3.2366e-06   7.8314e-07   3.2384e-06
   2.7400e+02   5.2497e-06   3.0450e-06   7.4454e-07   3.1247e-06
   2.7600e+02   5.0080e-06   2.8911e-06   7.0110e-07   2.9876e-06
   2.7800e+02   4.8033e-06   2.7333e-06   6.6212e-07   2.8754e-06
   2.8000e+02   4.5115e-06   2.5950e-06   6.2617e-07   2.7702e-06
   2.8200e+02   4.2563e-06   2.4473e-06   5.8712e-07   2.6266e-06
   2.8400e+02   4.0256e-06   2.3330e-06   5.4965e-07   2.5421e-06
   2.8600e+02   3.8180e-06   2.1919e-06   5.2277e-07   2.4700e-06
   2.8800e+02   3.6271e-06   2.0865e-06   4.8742e-07   2.3972e-06
   2.9000e+02   3.4592e-06   1.9823e-06   4.6269e-07   2.2840e-06
   2.9200e+02   3.2503e-06   1.8581e-06   4.3710e-07   2.2088e-06
   2.9400e+02   3.0824e-06   1.7529e-06   4.0942e-07   2.1591e-06
   2.9600e+02   2.9509e-06   1.6579e-06   3.8998e-07   2.1294e-06
   2.9800e+02   2.7656e-06   1.5863e-06   3.6670e-07   2.0416e-06
   3.0000e+02   2.6402e-06   1.4962e-06   3.4625e-07   2.0164e-06
   3.0200e+02   2.5065e-06   1.4323e-06   3.2929e-07   1.9591e-06
   3.0400e+02   2.3902e-06   1.3483e-06   3.0764e-07   1.8934e-06
   3.0600e+02   2.2484e-06   1.2810e-06   2.9358e-07   1.8758e-06
   3.0800e+02   2.1298e-06   1.2220e-06   2.7467e-07   1.8424e-06
   3.1000e+02   2.0314e-06   1.1474e-06   2.6124e-07   1.8254e-06
   3.1200e+02   1.9427e-06   1.0907e-06   2.4758e-07   1.8000e-06
   3.1400e+02   1.8450e-06   1.0336e-06   2.3332e-07   1.7603e-06
   3.1600e+02   1.7656e-06   9.9127e-07   2.2083e-07   1.7653e-06
   3.1800e+02   1.6682e-06   9.4693e-07   2.0935e-07   1.7591e-06
   3.2000e+02   1.5848e-06   8.9279e-07   1.9671e-07   1.7515e-06
   3.2200e+02   1.5119e-06   8.4721e-07   1.8746e-07   1.7401e-06
   3.2400e+02   1.4369e-06   8.1713e-07   1.7768e-07   1.7474e-06
   3.2600e+02   1.3731e-06   7.7636e-07   1.6925e-07   1.7654e-06
   3.2800e+02   1.3117e-06   7.4217e-07   1.6167e-07   1.7745e-06
   3.3000e+02   1.2568e-06   7.0958e-07   1.5431e-07   1.7959e-06
   3.3200e+02   1.1989e-06   6.7657e-07   1.4527e-07   1.8210e-06
   3.3400e+02   1.1579e-06   6.4990e-07   1.3950e-07   1.8464e-06
   3.3600e+02   1.1105e-06   6.2169e-07   1.3302e-07   1.8750e-06
   3.3800e+02   1.0543e-06   6.0276e-07   1.2736e-07   1.9098e-06
   3.4000e+02   1.0266e-06   5.7730e-07   1.2160e-07   1.9838e-06
   3.4200e+02   9.8884e-07   5.5075e-07   1.1592e-07   2.0207e-06
   3.4400e+02   9.5171e-07   5.3556e-07   1.1256e-07   2.0988e-06
   3.4600e+02   9.2349e-07   5.1758e-07   1.0912e-07   2.1508e-06
   3.4800e+02   8.9497e-07   5.0913e-07   1.0530e-07   2.2439e-06
   3.5000e+02   8.8203e-07   4.9037e-07   1.0200e-07   2.3521e-06
   3.5200e+02   8.5393e-07   4.8174e-07   9.9549e-08   2.4257e-06
   3.5400e+02   8.3805e-07   4.6965e-07   9.6758e-08   2.5691e-06
   3.5600e+02   8.3414e-07   4.6064e-07   9.5281e-08   2.6969e-06
   3.5800e+02   8.1960e-07   4.5708e-07   9.3560e-08   2.7998e-06
   3.6000e+02   8.0612e-07   4.5418e-07   9.1256e-08   3.0104e-06
   3.6200e+02   8.0980e-07   4.5356e-07   9.0007e-08   3.1610e-06
   3.6400e+02   8.1233e-07   4.5477e-07   8.9412e-08   3.3982e-06
   3.6600e+02   8.1356e-07   4.5977e-07   8.9340e-08   3.6309e-06
   3.6800e+02   8.2976e-07   4.6295e-07   8.9532e-08   3.8639e-06
   3.7000e+02   8.4287e-07   4.7416e-07   8.9366e-08   4.1684e-06
   3.7200e+02   8.5668e-07   4.7967e-07   9.0215e-08   4.4887e-06
   3.7400e+02   8.8048e-07   4.9367e-07   9.0943e-08   4.8795e-06
   3.7600e+02   9.2416e-07   5.1398e-07   9.3486e-08   5.2748e-06
   3.7800e+02   9.5578e-07   5.3137e-07   9.4383e-08   5.8117e-06
   3.8000e+02   9.8700e-07   5.4418e-07   9.6067e-08   6.2643e-06
   3.8200e+02   9.7373e-07   5.4338e-07   9.3908e-08   6.7662e-06
