# The data in this file was extracted from a direct numerical
# simulation of fully developed plane turbulent channel
# flow. Particulars are listed below. Note that some of the statistical
# quantities provided in this data set should be zero due to
# (statistical) symmetries in the flow. These quantities are reported
# here none-the-less as an indicator of the quality of the statistics.
# more statistics from this data set are available at 
# http://www.tam.uiuc.edu/Faculty/Moser/channel 
#
# Authors: Moser, Kim & Mansour
# Reference: DNS of Turbulent Channel Flow up to Re_tau=590, 1999,
#            Physics of Fluids, vol 11, 943-945.
# Numerical Method: Kim, Moin & Moser, 1987, J. Fluid Mech. vol 177, 133-166 
# Re_tau = 587.19
# Normalization: U_tau, h 
# Description: Streamwise (x) One-dimensional spectra of velocity and pressure at indicated y-location 
# Filename: chan590/spectra/chan590.xspec.30 
# Date File Created: Feb 29, 2000 
#
#---End of Header---
# 
# nx = 384,  Re = 587.19,  y = 0.05047,  y+ =  29.64
#
#     k_x          E_uu         E_vv         E_ww         E_pp
#
   0.0000e+00   1.0447e+00   2.7689e-02   9.5017e-02   1.2823e-01
   1.0000e+00   1.0612e+00   5.4542e-02   1.8882e-01   3.6264e-01
   2.0000e+00   6.6627e-01   4.7658e-02   1.4202e-01   4.3659e-01
   3.0000e+00   4.7359e-01   4.2333e-02   1.1981e-01   3.9631e-01
   4.0000e+00   3.7822e-01   3.8410e-02   1.0588e-01   3.7742e-01
   5.0000e+00   3.0580e-01   3.5021e-02   9.5600e-02   3.6707e-01
   6.0000e+00   2.4697e-01   3.1493e-02   8.4795e-02   3.3152e-01
   7.0000e+00   2.1113e-01   2.8918e-02   7.8502e-02   3.1918e-01
   8.0000e+00   1.7917e-01   2.6635e-02   7.4946e-02   2.8976e-01
   9.0000e+00   1.5421e-01   2.4722e-02   6.5103e-02   2.7851e-01
   1.0000e+01   1.3442e-01   2.2535e-02   6.1063e-02   2.5855e-01
   1.1000e+01   1.1794e-01   2.1068e-02   5.6070e-02   2.4756e-01
   1.2000e+01   1.0312e-01   1.9564e-02   5.1330e-02   2.3334e-01
   1.3000e+01   8.7232e-02   1.7957e-02   4.6256e-02   2.1487e-01
   1.4000e+01   7.8299e-02   1.6817e-02   4.3555e-02   2.0478e-01
   1.5000e+01   6.9927e-02   1.5627e-02   3.9889e-02   1.8882e-01
   1.6000e+01   6.2001e-02   1.4440e-02   3.6542e-02   1.7999e-01
   1.7000e+01   5.4595e-02   1.3802e-02   3.3837e-02   1.7192e-01
   1.8000e+01   4.9294e-02   1.2732e-02   3.0504e-02   1.5903e-01
   1.9000e+01   4.4589e-02   1.1947e-02   2.8561e-02   1.4884e-01
   2.0000e+01   3.9809e-02   1.1271e-02   2.5979e-02   1.3781e-01
   2.1000e+01   3.5347e-02   1.0765e-02   2.4476e-02   1.2751e-01
   2.2000e+01   3.2370e-02   9.9491e-03   2.1759e-02   1.2340e-01
   2.3000e+01   2.9228e-02   9.3858e-03   2.0731e-02   1.1410e-01
   2.4000e+01   2.6456e-02   8.9222e-03   1.9080e-02   1.0669e-01
   2.5000e+01   2.4027e-02   8.2872e-03   1.7605e-02   9.8606e-02
   2.6000e+01   2.1782e-02   7.7778e-03   1.6205e-02   9.2422e-02
   2.7000e+01   1.9934e-02   7.3172e-03   1.5149e-02   8.7360e-02
   2.8000e+01   1.8157e-02   6.9305e-03   1.3972e-02   8.0392e-02
   2.9000e+01   1.6733e-02   6.5584e-03   1.3104e-02   7.6470e-02
   3.0000e+01   1.5238e-02   6.0160e-03   1.2011e-02   6.9772e-02
   3.1000e+01   1.4094e-02   5.7847e-03   1.1033e-02   6.4894e-02
   3.2000e+01   1.2711e-02   5.4391e-03   1.0145e-02   6.0423e-02
   3.3000e+01   1.1751e-02   5.1374e-03   9.5447e-03   5.6333e-02
   3.4000e+01   1.0819e-02   4.9288e-03   8.6893e-03   5.3832e-02
   3.5000e+01   9.8791e-03   4.5720e-03   8.0887e-03   4.9877e-02
   3.6000e+01   9.1394e-03   4.3015e-03   7.4412e-03   4.6239e-02
   3.7000e+01   8.4346e-03   4.0469e-03   6.9573e-03   4.2838e-02
   3.8000e+01   7.7786e-03   3.7994e-03   6.3573e-03   3.9705e-02
   3.9000e+01   7.2818e-03   3.5577e-03   5.9504e-03   3.7570e-02
   4.0000e+01   6.7063e-03   3.4192e-03   5.6300e-03   3.5572e-02
   4.1000e+01   6.2269e-03   3.1920e-03   5.2743e-03   3.2502e-02
   4.2000e+01   5.6870e-03   3.0501e-03   4.8334e-03   3.0587e-02
   4.3000e+01   5.2840e-03   2.8713e-03   4.5049e-03   2.8269e-02
   4.4000e+01   4.8899e-03   2.6952e-03   4.1877e-03   2.6347e-02
   4.5000e+01   4.5915e-03   2.5347e-03   3.8431e-03   2.4523e-02
   4.6000e+01   4.2537e-03   2.4434e-03   3.6474e-03   2.3377e-02
   4.7000e+01   3.9536e-03   2.2977e-03   3.3965e-03   2.1745e-02
   4.8000e+01   3.6744e-03   2.1434e-03   3.1603e-03   1.9907e-02
   4.9000e+01   3.4553e-03   2.0552e-03   3.0039e-03   1.8855e-02
   5.0000e+01   3.2020e-03   1.9721e-03   2.7799e-03   1.7722e-02
   5.1000e+01   3.0151e-03   1.8122e-03   2.6479e-03   1.6329e-02
   5.2000e+01   2.8363e-03   1.7235e-03   2.4009e-03   1.5272e-02
   5.3000e+01   2.6274e-03   1.6197e-03   2.2727e-03   1.4332e-02
   5.4000e+01   2.4690e-03   1.5352e-03   2.1334e-03   1.3339e-02
   5.5000e+01   2.3157e-03   1.4637e-03   1.9926e-03   1.2490e-02
   5.6000e+01   2.1520e-03   1.3869e-03   1.8751e-03   1.1705e-02
   5.7000e+01   2.0497e-03   1.3106e-03   1.7764e-03   1.0899e-02
   5.8000e+01   1.8982e-03   1.2352e-03   1.6535e-03   1.0159e-02
   5.9000e+01   1.7843e-03   1.1723e-03   1.5480e-03   9.6838e-03
   6.0000e+01   1.6706e-03   1.1145e-03   1.4664e-03   8.8408e-03
   6.1000e+01   1.5810e-03   1.0510e-03   1.3696e-03   8.3496e-03
   6.2000e+01   1.4818e-03   9.9253e-04   1.2948e-03   7.8557e-03
   6.3000e+01   1.3879e-03   9.4446e-04   1.2158e-03   7.3957e-03
   6.4000e+01   1.3254e-03   9.0768e-04   1.1532e-03   6.9382e-03
   6.5000e+01   1.2377e-03   8.4070e-04   1.0736e-03   6.5303e-03
   6.6000e+01   1.1652e-03   8.1135e-04   1.0090e-03   6.0546e-03
   6.7000e+01   1.0956e-03   7.6793e-04   9.5622e-04   5.7042e-03
   6.8000e+01   1.0396e-03   7.2761e-04   8.9704e-04   5.3504e-03
   6.9000e+01   9.7344e-04   6.8994e-04   8.3999e-04   4.9797e-03
   7.0000e+01   9.2048e-04   6.5515e-04   8.0858e-04   4.7526e-03
   7.1000e+01   8.6700e-04   6.3014e-04   7.5003e-04   4.4391e-03
   7.2000e+01   8.2563e-04   5.8982e-04   7.1842e-04   4.1106e-03
   7.3000e+01   7.7414e-04   5.6325e-04   6.7428e-04   3.8924e-03
   7.4000e+01   7.3502e-04   5.4272e-04   6.3815e-04   3.7196e-03
   7.5000e+01   6.9922e-04   5.0139e-04   6.1158e-04   3.4000e-03
   7.6000e+01   6.6771e-04   4.8133e-04   5.7999e-04   3.2360e-03
   7.7000e+01   6.1909e-04   4.5761e-04   5.4166e-04   3.0641e-03
   7.8000e+01   5.9906e-04   4.3742e-04   5.0872e-04   2.9608e-03
   7.9000e+01   5.5953e-04   4.2076e-04   4.8152e-04   2.7356e-03
   8.0000e+01   5.2865e-04   3.9387e-04   4.5364e-04   2.5968e-03
   8.1000e+01   5.0380e-04   3.8073e-04   4.4155e-04   2.4420e-03
   8.2000e+01   4.7573e-04   3.5579e-04   4.1396e-04   2.2733e-03
   8.3000e+01   4.5545e-04   3.4634e-04   3.9097e-04   2.1725e-03
   8.4000e+01   4.2929e-04   3.2967e-04   3.7025e-04   2.0274e-03
   8.5000e+01   4.0847e-04   3.1160e-04   3.5876e-04   1.9130e-03
   8.6000e+01   3.9001e-04   2.9467e-04   3.3626e-04   1.7967e-03
   8.7000e+01   3.6623e-04   2.8055e-04   3.2026e-04   1.6842e-03
   8.8000e+01   3.5094e-04   2.6951e-04   3.0299e-04   1.6090e-03
   8.9000e+01   3.3392e-04   2.5663e-04   2.9075e-04   1.5292e-03
   9.0000e+01   3.1717e-04   2.4643e-04   2.7964e-04   1.4530e-03
   9.1000e+01   2.9926e-04   2.3374e-04   2.5645e-04   1.3636e-03
   9.2000e+01   2.8606e-04   2.2284e-04   2.4705e-04   1.2785e-03
   9.3000e+01   2.7291e-04   2.1212e-04   2.3396e-04   1.1972e-03
   9.4000e+01   2.6073e-04   2.0340e-04   2.2414e-04   1.1554e-03
   9.5000e+01   2.4732e-04   1.9453e-04   2.1135e-04   1.0978e-03
   9.6000e+01   2.3437e-04   1.8492e-04   2.0200e-04   1.0392e-03
   9.7000e+01   2.2208e-04   1.7623e-04   1.9617e-04   9.6541e-04
   9.8000e+01   2.1283e-04   1.6949e-04   1.8654e-04   9.1959e-04
   9.9000e+01   2.0216e-04   1.6255e-04   1.7596e-04   8.8059e-04
   1.0000e+02   1.9219e-04   1.5242e-04   1.6799e-04   8.2429e-04
   1.0100e+02   1.8345e-04   1.4643e-04   1.6119e-04   7.7998e-04
   1.0200e+02   1.7390e-04   1.4094e-04   1.5352e-04   7.4825e-04
   1.0300e+02   1.6694e-04   1.3367e-04   1.4895e-04   6.9688e-04
   1.0400e+02   1.6073e-04   1.2954e-04   1.3865e-04   6.6963e-04
   1.0500e+02   1.5254e-04   1.2263e-04   1.3420e-04   6.3052e-04
   1.0600e+02   1.4537e-04   1.1755e-04   1.2513e-04   6.0291e-04
   1.0700e+02   1.3874e-04   1.1395e-04   1.2253e-04   5.7177e-04
   1.0800e+02   1.3322e-04   1.0807e-04   1.1643e-04   5.4055e-04
   1.0900e+02   1.2753e-04   1.0356e-04   1.1292e-04   5.1047e-04
   1.1000e+02   1.2238e-04   9.8559e-05   1.0803e-04   4.8939e-04
   1.1100e+02   1.1537e-04   9.5409e-05   1.0278e-04   4.7188e-04
   1.1200e+02   1.1108e-04   9.1572e-05   9.8119e-05   4.4432e-04
   1.1300e+02   1.0653e-04   8.8092e-05   9.2979e-05   4.2702e-04
   1.1400e+02   1.0131e-04   8.3801e-05   8.9988e-05   4.0741e-04
   1.1500e+02   9.6424e-05   8.0328e-05   8.5895e-05   3.8305e-04
   1.1600e+02   9.3113e-05   7.7476e-05   8.2748e-05   3.6916e-04
   1.1700e+02   8.8232e-05   7.4248e-05   7.8778e-05   3.4884e-04
   1.1800e+02   8.4676e-05   7.1178e-05   7.5805e-05   3.3255e-04
   1.1900e+02   8.0965e-05   6.7637e-05   7.2731e-05   3.1733e-04
   1.2000e+02   7.7468e-05   6.4846e-05   6.9256e-05   3.0022e-04
   1.2100e+02   7.4798e-05   6.2692e-05   6.7005e-05   2.8411e-04
   1.2200e+02   7.2158e-05   6.0089e-05   6.3885e-05   2.7171e-04
   1.2300e+02   6.8767e-05   5.7612e-05   6.1066e-05   2.6181e-04
   1.2400e+02   6.5827e-05   5.5256e-05   5.8004e-05   2.5044e-04
   1.2500e+02   6.2640e-05   5.2724e-05   5.6466e-05   2.3526e-04
   1.2600e+02   6.1145e-05   5.1019e-05   5.4247e-05   2.2526e-04
   1.2700e+02   5.8454e-05   4.8921e-05   5.2206e-05   2.1802e-04
   1.2800e+02   5.5726e-05   4.7298e-05   5.0336e-05   2.0775e-04
   1.2900e+02   5.3464e-05   4.4831e-05   4.8272e-05   1.9846e-04
   1.3000e+02   5.1514e-05   4.3377e-05   4.6428e-05   1.9059e-04
   1.3100e+02   5.0022e-05   4.1655e-05   4.4898e-05   1.8338e-04
   1.3200e+02   4.7552e-05   4.0564e-05   4.3303e-05   1.7681e-04
   1.3300e+02   4.5659e-05   3.9019e-05   4.1311e-05   1.6946e-04
   1.3400e+02   4.3827e-05   3.7532e-05   4.0102e-05   1.6474e-04
   1.3500e+02   4.2286e-05   3.6317e-05   3.8357e-05   1.5617e-04
   1.3600e+02   4.0592e-05   3.5028e-05   3.6821e-05   1.5035e-04
   1.3700e+02   3.9024e-05   3.3531e-05   3.5630e-05   1.4545e-04
   1.3800e+02   3.7784e-05   3.2358e-05   3.3955e-05   1.3867e-04
   1.3900e+02   3.5785e-05   3.0956e-05   3.2641e-05   1.3272e-04
   1.4000e+02   3.4988e-05   2.9918e-05   3.2106e-05   1.2936e-04
   1.4100e+02   3.3820e-05   2.8933e-05   3.0826e-05   1.2431e-04
   1.4200e+02   3.2510e-05   2.7850e-05   2.9614e-05   1.2037e-04
   1.4300e+02   3.1144e-05   2.6750e-05   2.8678e-05   1.1444e-04
   1.4400e+02   2.9915e-05   2.6130e-05   2.7660e-05   1.1162e-04
   1.4500e+02   2.9164e-05   2.4928e-05   2.6533e-05   1.0772e-04
   1.4600e+02   2.8061e-05   2.4251e-05   2.5978e-05   1.0473e-04
   1.4700e+02   2.7090e-05   2.3278e-05   2.4886e-05   1.0174e-04
   1.4800e+02   2.6171e-05   2.2778e-05   2.4123e-05   9.8335e-05
   1.4900e+02   2.4885e-05   2.2065e-05   2.3188e-05   9.6162e-05
   1.5000e+02   2.4260e-05   2.1386e-05   2.2390e-05   9.3482e-05
   1.5100e+02   2.3259e-05   2.0570e-05   2.1819e-05   9.1483e-05
   1.5200e+02   2.2811e-05   1.9885e-05   2.1354e-05   8.8881e-05
   1.5300e+02   2.1885e-05   1.9162e-05   2.0617e-05   8.7382e-05
   1.5400e+02   2.1377e-05   1.8591e-05   1.9963e-05   8.5786e-05
   1.5500e+02   2.0397e-05   1.8024e-05   1.9407e-05   8.4172e-05
   1.5600e+02   1.9970e-05   1.7705e-05   1.8894e-05   8.3015e-05
   1.5700e+02   1.9534e-05   1.7237e-05   1.8318e-05   8.0905e-05
   1.5800e+02   1.8790e-05   1.6746e-05   1.7631e-05   7.9949e-05
   1.5900e+02   1.8335e-05   1.6196e-05   1.7386e-05   7.9361e-05
   1.6000e+02   1.7780e-05   1.5679e-05   1.6840e-05   7.7569e-05
   1.6100e+02   1.7229e-05   1.5307e-05   1.6218e-05   7.6650e-05
   1.6200e+02   1.6925e-05   1.5050e-05   1.5671e-05   7.6388e-05
   1.6300e+02   1.6538e-05   1.4321e-05   1.5596e-05   7.6091e-05
   1.6400e+02   1.6147e-05   1.4122e-05   1.4829e-05   7.5706e-05
   1.6500e+02   1.5619e-05   1.3850e-05   1.4691e-05   7.5567e-05
   1.6600e+02   1.5343e-05   1.3648e-05   1.4359e-05   7.6264e-05
   1.6700e+02   1.4918e-05   1.3153e-05   1.4165e-05   7.6469e-05
   1.6800e+02   1.4571e-05   1.2905e-05   1.3786e-05   7.6601e-05
   1.6900e+02   1.4215e-05   1.2640e-05   1.3386e-05   7.6357e-05
   1.7000e+02   1.4121e-05   1.2327e-05   1.3151e-05   7.7138e-05
   1.7100e+02   1.3870e-05   1.2142e-05   1.3145e-05   7.8305e-05
   1.7200e+02   1.3536e-05   1.1967e-05   1.2750e-05   7.9332e-05
   1.7300e+02   1.3422e-05   1.1737e-05   1.2577e-05   8.1260e-05
   1.7400e+02   1.3247e-05   1.1518e-05   1.2320e-05   8.2472e-05
   1.7500e+02   1.3122e-05   1.1368e-05   1.2159e-05   8.3979e-05
   1.7600e+02   1.3121e-05   1.1285e-05   1.1967e-05   8.5904e-05
   1.7700e+02   1.3034e-05   1.1048e-05   1.1835e-05   8.6965e-05
   1.7800e+02   1.3031e-05   1.0947e-05   1.1753e-05   8.9615e-05
   1.7900e+02   1.2998e-05   1.0924e-05   1.1593e-05   9.2879e-05
   1.8000e+02   1.2919e-05   1.0797e-05   1.1537e-05   9.5359e-05
   1.8100e+02   1.3061e-05   1.0863e-05   1.1439e-05   9.7661e-05
   1.8200e+02   1.3067e-05   1.0795e-05   1.1403e-05   1.0135e-04
   1.8300e+02   1.3152e-05   1.0857e-05   1.1311e-05   1.0546e-04
   1.8400e+02   1.3439e-05   1.0793e-05   1.1347e-05   1.0861e-04
   1.8500e+02   1.3472e-05   1.0763e-05   1.1381e-05   1.1304e-04
   1.8600e+02   1.3829e-05   1.0891e-05   1.1352e-05   1.1735e-04
   1.8700e+02   1.4032e-05   1.0908e-05   1.1274e-05   1.2233e-04
   1.8800e+02   1.4301e-05   1.0899e-05   1.1420e-05   1.2820e-04
   1.8900e+02   1.4945e-05   1.1213e-05   1.1630e-05   1.3469e-04
   1.9000e+02   1.5770e-05   1.1551e-05   1.2000e-05   1.4279e-04
   1.9100e+02   1.7948e-05   1.3045e-05   1.3810e-05   1.5150e-04
