# The data in this file was extracted from a direct numerical
# simulation of fully developed plane turbulent channel
# flow. Particulars are listed below. Note that some of the statistical
# quantities provided in this data set should be zero due to
# (statistical) symmetries in the flow. These quantities are reported
# here none-the-less as an indicator of the quality of the statistics.
# more statistics from this data set are available at 
# http://www.tam.uiuc.edu/Faculty/Moser/channel 
#
# Authors: Moser, Kim & Mansour
# Reference: DNS of Turbulent Channel Flow up to Re_tau=590, 1999,
#            Physics of Fluids, vol 11, 943-945.
# Numerical Method: Kim, Moin & Moser, 1987, J. Fluid Mech. vol 177, 133-166 
# Re_tau = 587.19
# Normalization: U_tau, h 
# Description: Streamwise (x) One-dimensional spectra of velocity and pressure at indicated y-location 
# Filename: chan590/spectra/chan590.xspec.587 
# Date File Created: Feb 29, 2000 
#
#---End of Header---
# 
# nx = 384,  Re = 587.19,  y = 1.00000,  y+ = 587.19
#
#     k_x          E_uu         E_vv         E_ww         E_pp
#
   0.0000e+00   1.0656e-01   1.0513e-02   1.6149e-02   1.5771e-02
   1.0000e+00   1.3067e-01   2.8026e-02   4.6153e-02   9.0993e-02
   2.0000e+00   8.0100e-02   4.2111e-02   4.8950e-02   6.8567e-02
   3.0000e+00   5.0714e-02   3.5753e-02   3.3348e-02   6.4787e-02
   4.0000e+00   4.3073e-02   3.6275e-02   2.9654e-02   4.7044e-02
   5.0000e+00   3.4161e-02   2.8241e-02   2.3910e-02   3.7121e-02
   6.0000e+00   2.5352e-02   2.3277e-02   2.4642e-02   3.1158e-02
   7.0000e+00   1.9712e-02   2.0080e-02   2.1161e-02   2.2903e-02
   8.0000e+00   1.6817e-02   1.9832e-02   1.8502e-02   1.9892e-02
   9.0000e+00   1.3610e-02   1.7356e-02   1.5419e-02   1.8635e-02
   1.0000e+01   1.1503e-02   1.3686e-02   1.2328e-02   1.3730e-02
   1.1000e+01   9.2261e-03   1.2454e-02   1.1024e-02   1.3149e-02
   1.2000e+01   7.4193e-03   1.0639e-02   1.0206e-02   1.1634e-02
   1.3000e+01   6.6107e-03   9.4161e-03   9.4465e-03   9.9044e-03
   1.4000e+01   5.7293e-03   8.9527e-03   7.9004e-03   9.1543e-03
   1.5000e+01   4.9229e-03   7.6932e-03   6.9321e-03   7.5544e-03
   1.6000e+01   4.0779e-03   7.1153e-03   6.1903e-03   6.9768e-03
   1.7000e+01   3.4592e-03   6.0022e-03   5.2821e-03   5.6991e-03
   1.8000e+01   3.0456e-03   5.3995e-03   4.7787e-03   5.2759e-03
   1.9000e+01   2.6292e-03   4.5406e-03   4.5521e-03   4.4249e-03
   2.0000e+01   2.3115e-03   4.2705e-03   3.9058e-03   4.0923e-03
   2.1000e+01   1.9642e-03   3.8488e-03   3.4187e-03   3.4231e-03
   2.2000e+01   1.8307e-03   3.4156e-03   3.2162e-03   3.1089e-03
   2.3000e+01   1.5586e-03   3.0814e-03   2.8306e-03   2.6545e-03
   2.4000e+01   1.4108e-03   2.6807e-03   2.5806e-03   2.4231e-03
   2.5000e+01   1.2009e-03   2.4904e-03   2.3023e-03   2.0922e-03
   2.6000e+01   1.0905e-03   2.1941e-03   2.0832e-03   1.9361e-03
   2.7000e+01   9.4365e-04   1.9161e-03   1.8715e-03   1.7445e-03
   2.8000e+01   8.3630e-04   1.6977e-03   1.6416e-03   1.4685e-03
   2.9000e+01   7.4911e-04   1.4541e-03   1.5388e-03   1.3595e-03
   3.0000e+01   6.4258e-04   1.3608e-03   1.4045e-03   1.1797e-03
   3.1000e+01   6.0662e-04   1.2740e-03   1.2441e-03   1.1058e-03
   3.2000e+01   5.1406e-04   1.1313e-03   1.1214e-03   9.5473e-04
   3.3000e+01   4.6768e-04   1.0290e-03   1.0262e-03   7.9153e-04
   3.4000e+01   4.1763e-04   9.7561e-04   9.2686e-04   7.4113e-04
   3.5000e+01   3.8710e-04   8.7342e-04   8.4505e-04   6.8173e-04
   3.6000e+01   3.3483e-04   7.9049e-04   7.8136e-04   5.7917e-04
   3.7000e+01   3.0957e-04   7.2503e-04   6.6899e-04   5.1855e-04
   3.8000e+01   2.8260e-04   6.5115e-04   6.1612e-04   4.6088e-04
   3.9000e+01   2.5330e-04   6.1115e-04   5.6895e-04   4.3679e-04
   4.0000e+01   2.2410e-04   5.4530e-04   5.1546e-04   3.7812e-04
   4.1000e+01   2.0392e-04   4.8809e-04   4.9437e-04   3.3662e-04
   4.2000e+01   1.8111e-04   4.5986e-04   4.4138e-04   3.0963e-04
   4.3000e+01   1.7238e-04   4.1501e-04   4.1315e-04   2.7430e-04
   4.4000e+01   1.5046e-04   3.8761e-04   3.5979e-04   2.5817e-04
   4.5000e+01   1.3743e-04   3.3755e-04   3.3589e-04   2.3196e-04
   4.6000e+01   1.2147e-04   3.2475e-04   3.0906e-04   2.0588e-04
   4.7000e+01   1.1434e-04   2.9436e-04   2.7617e-04   1.8577e-04
   4.8000e+01   1.0412e-04   2.6750e-04   2.6024e-04   1.6933e-04
   4.9000e+01   9.1550e-05   2.4073e-04   2.3691e-04   1.5470e-04
   5.0000e+01   8.6748e-05   2.2142e-04   2.2303e-04   1.3675e-04
   5.1000e+01   7.7064e-05   2.0733e-04   1.9869e-04   1.2548e-04
   5.2000e+01   6.8934e-05   1.9277e-04   1.8211e-04   1.1450e-04
   5.3000e+01   6.5978e-05   1.7333e-04   1.6550e-04   1.0303e-04
   5.4000e+01   5.8349e-05   1.6050e-04   1.5108e-04   9.3799e-05
   5.5000e+01   5.3857e-05   1.4956e-04   1.4432e-04   8.5434e-05
   5.6000e+01   4.8995e-05   1.3663e-04   1.3734e-04   7.7739e-05
   5.7000e+01   4.4645e-05   1.2845e-04   1.2057e-04   7.1671e-05
   5.8000e+01   4.1028e-05   1.1820e-04   1.1392e-04   6.4290e-05
   5.9000e+01   3.8770e-05   1.0651e-04   1.0526e-04   5.9428e-05
   6.0000e+01   3.4421e-05   9.5057e-05   9.5443e-05   5.3486e-05
   6.1000e+01   3.1484e-05   8.9454e-05   8.8797e-05   4.6964e-05
   6.2000e+01   2.8675e-05   8.2181e-05   8.3805e-05   4.4739e-05
   6.3000e+01   2.6334e-05   7.7789e-05   7.7694e-05   4.0356e-05
   6.4000e+01   2.4278e-05   7.3492e-05   6.9614e-05   3.6108e-05
   6.5000e+01   2.2851e-05   6.5955e-05   6.7139e-05   3.4105e-05
   6.6000e+01   2.0879e-05   6.0903e-05   6.0537e-05   3.0528e-05
   6.7000e+01   1.9087e-05   5.6180e-05   5.6098e-05   2.7614e-05
   6.8000e+01   1.7618e-05   5.2078e-05   5.1766e-05   2.4777e-05
   6.9000e+01   1.6473e-05   4.9469e-05   4.9080e-05   2.3265e-05
   7.0000e+01   1.5284e-05   4.5347e-05   4.5182e-05   2.1632e-05
   7.1000e+01   1.3703e-05   4.2639e-05   4.2035e-05   1.9822e-05
   7.2000e+01   1.3105e-05   3.9498e-05   3.8068e-05   1.8281e-05
   7.3000e+01   1.1668e-05   3.7473e-05   3.5336e-05   1.6260e-05
   7.4000e+01   1.0845e-05   3.3102e-05   3.2975e-05   1.5368e-05
   7.5000e+01   1.0313e-05   3.1578e-05   3.0857e-05   1.4143e-05
   7.6000e+01   9.2475e-06   2.8740e-05   2.9274e-05   1.2605e-05
   7.7000e+01   8.6894e-06   2.6527e-05   2.5856e-05   1.1848e-05
   7.8000e+01   8.0281e-06   2.5045e-05   2.5719e-05   1.0776e-05
   7.9000e+01   7.4390e-06   2.3498e-05   2.3816e-05   9.8688e-06
   8.0000e+01   6.8480e-06   2.2136e-05   2.1723e-05   8.9334e-06
   8.1000e+01   6.3710e-06   2.0086e-05   1.9775e-05   8.1685e-06
   8.2000e+01   5.9135e-06   1.8577e-05   1.8775e-05   7.6304e-06
   8.3000e+01   5.3780e-06   1.7593e-05   1.7201e-05   7.0952e-06
   8.4000e+01   5.1017e-06   1.6400e-05   1.6228e-05   6.5402e-06
   8.5000e+01   4.6389e-06   1.5301e-05   1.5430e-05   5.8891e-06
   8.6000e+01   4.4515e-06   1.4126e-05   1.4061e-05   5.5930e-06
   8.7000e+01   4.0745e-06   1.3415e-05   1.2973e-05   5.0749e-06
   8.8000e+01   3.8101e-06   1.2749e-05   1.2321e-05   4.7304e-06
   8.9000e+01   3.4994e-06   1.1572e-05   1.1276e-05   4.3845e-06
   9.0000e+01   3.2659e-06   1.0568e-05   1.0802e-05   4.0098e-06
   9.1000e+01   2.9790e-06   9.7711e-06   1.0040e-05   3.7489e-06
   9.2000e+01   2.8333e-06   9.0869e-06   9.5274e-06   3.5487e-06
   9.3000e+01   2.5876e-06   8.6261e-06   8.5140e-06   3.1944e-06
   9.4000e+01   2.3941e-06   7.9241e-06   8.3502e-06   2.9698e-06
   9.5000e+01   2.2341e-06   7.4008e-06   7.6243e-06   2.7098e-06
   9.6000e+01   2.0841e-06   6.7690e-06   7.2341e-06   2.5155e-06
   9.7000e+01   1.9197e-06   6.4835e-06   6.5027e-06   2.2934e-06
   9.8000e+01   1.7862e-06   6.0367e-06   6.2754e-06   2.1310e-06
   9.9000e+01   1.6651e-06   5.8282e-06   5.8093e-06   1.9913e-06
   1.0000e+02   1.5556e-06   5.4251e-06   5.2701e-06   1.7881e-06
   1.0100e+02   1.4567e-06   4.9083e-06   5.0633e-06   1.6526e-06
   1.0200e+02   1.3712e-06   4.7525e-06   4.7356e-06   1.5717e-06
   1.0300e+02   1.2698e-06   4.3741e-06   4.3797e-06   1.4727e-06
   1.0400e+02   1.1797e-06   4.1303e-06   4.1547e-06   1.3314e-06
   1.0500e+02   1.0878e-06   3.8511e-06   3.7705e-06   1.2279e-06
   1.0600e+02   1.0108e-06   3.5581e-06   3.4187e-06   1.1353e-06
   1.0700e+02   9.5606e-07   3.2868e-06   3.3232e-06   1.0764e-06
   1.0800e+02   8.8559e-07   3.0976e-06   3.1262e-06   1.0139e-06
   1.0900e+02   8.3223e-07   2.9090e-06   2.9080e-06   9.4156e-07
   1.1000e+02   7.7444e-07   2.7703e-06   2.7938e-06   8.7684e-07
   1.1100e+02   7.4883e-07   2.5335e-06   2.5993e-06   8.2435e-07
   1.1200e+02   6.6475e-07   2.4193e-06   2.4403e-06   7.7549e-07
   1.1300e+02   6.1565e-07   2.2568e-06   2.2839e-06   7.2432e-07
   1.1400e+02   5.8368e-07   2.0987e-06   2.1886e-06   6.6025e-07
   1.1500e+02   5.4504e-07   1.9558e-06   2.0532e-06   6.3081e-07
   1.1600e+02   5.1426e-07   1.8242e-06   1.8692e-06   5.9480e-07
   1.1700e+02   4.6474e-07   1.6758e-06   1.7439e-06   5.4943e-07
   1.1800e+02   4.4223e-07   1.5929e-06   1.6291e-06   5.1441e-07
   1.1900e+02   4.1119e-07   1.5101e-06   1.5314e-06   4.7799e-07
   1.2000e+02   3.8765e-07   1.4393e-06   1.4186e-06   4.5204e-07
   1.2100e+02   3.6033e-07   1.3063e-06   1.3053e-06   4.2576e-07
   1.2200e+02   3.3638e-07   1.2489e-06   1.2810e-06   3.9319e-07
   1.2300e+02   3.1639e-07   1.1692e-06   1.1810e-06   3.6012e-07
   1.2400e+02   2.9135e-07   1.0814e-06   1.0846e-06   3.4071e-07
   1.2500e+02   2.7223e-07   9.9691e-07   9.9771e-07   3.2225e-07
   1.2600e+02   2.5585e-07   9.3347e-07   9.5487e-07   2.9853e-07
   1.2700e+02   2.4359e-07   8.8456e-07   8.9329e-07   2.8743e-07
   1.2800e+02   2.2690e-07   8.2369e-07   8.4934e-07   2.6674e-07
   1.2900e+02   2.0885e-07   7.7343e-07   8.0549e-07   2.5051e-07
   1.3000e+02   1.9698e-07   7.0887e-07   7.5416e-07   2.3825e-07
   1.3100e+02   1.8328e-07   6.7966e-07   6.9516e-07   2.2337e-07
   1.3200e+02   1.7471e-07   6.3135e-07   6.6634e-07   2.1158e-07
   1.3300e+02   1.6113e-07   6.0159e-07   6.1228e-07   2.0107e-07
   1.3400e+02   1.4995e-07   5.5618e-07   5.8069e-07   1.8732e-07
   1.3500e+02   1.3923e-07   5.1833e-07   5.4411e-07   1.7831e-07
   1.3600e+02   1.3064e-07   4.9868e-07   5.0601e-07   1.6938e-07
   1.3700e+02   1.2245e-07   4.6469e-07   4.7622e-07   1.6309e-07
   1.3800e+02   1.1397e-07   4.3416e-07   4.5321e-07   1.5484e-07
   1.3900e+02   1.0781e-07   4.1038e-07   4.2286e-07   1.4782e-07
   1.4000e+02   1.0247e-07   3.9143e-07   4.0095e-07   1.4169e-07
   1.4100e+02   9.5581e-08   3.6081e-07   3.6810e-07   1.3219e-07
   1.4200e+02   8.8568e-08   3.3300e-07   3.4842e-07   1.2758e-07
   1.4300e+02   8.2226e-08   3.1591e-07   3.2803e-07   1.2384e-07
   1.4400e+02   7.7660e-08   2.9398e-07   3.0886e-07   1.2110e-07
   1.4500e+02   7.2874e-08   2.7358e-07   2.9632e-07   1.1177e-07
   1.4600e+02   6.9486e-08   2.6127e-07   2.8041e-07   1.0602e-07
   1.4700e+02   6.4924e-08   2.4659e-07   2.5313e-07   1.0359e-07
   1.4800e+02   6.0309e-08   2.3476e-07   2.4073e-07   1.0020e-07
   1.4900e+02   5.6899e-08   2.2136e-07   2.2181e-07   9.5724e-08
   1.5000e+02   5.3237e-08   2.0517e-07   2.1767e-07   9.2352e-08
   1.5100e+02   4.9472e-08   1.9438e-07   2.0215e-07   9.1156e-08
   1.5200e+02   4.5931e-08   1.8301e-07   1.8836e-07   8.7333e-08
   1.5300e+02   4.3341e-08   1.7163e-07   1.7384e-07   8.6574e-08
   1.5400e+02   4.0685e-08   1.5897e-07   1.6921e-07   8.3477e-08
   1.5500e+02   3.8768e-08   1.5184e-07   1.5729e-07   8.2143e-08
   1.5600e+02   3.6741e-08   1.4089e-07   1.5047e-07   8.1831e-08
   1.5700e+02   3.3954e-08   1.3216e-07   1.4127e-07   8.0089e-08
   1.5800e+02   3.2069e-08   1.2468e-07   1.3597e-07   7.8171e-08
   1.5900e+02   2.9975e-08   1.1922e-07   1.2608e-07   7.6501e-08
   1.6000e+02   2.8491e-08   1.0836e-07   1.1548e-07   7.6290e-08
   1.6100e+02   2.6962e-08   1.0521e-07   1.1277e-07   7.3791e-08
   1.6200e+02   2.4980e-08   1.0052e-07   1.0617e-07   7.3576e-08
   1.6300e+02   2.3439e-08   9.5474e-08   9.8924e-08   7.4130e-08
   1.6400e+02   2.2312e-08   8.7232e-08   9.2940e-08   7.4732e-08
   1.6500e+02   2.1230e-08   8.4303e-08   8.6705e-08   7.5530e-08
   1.6600e+02   2.0021e-08   7.9072e-08   8.3748e-08   7.4737e-08
   1.6700e+02   1.8644e-08   7.4401e-08   7.9654e-08   7.3635e-08
   1.6800e+02   1.7820e-08   7.0584e-08   7.4775e-08   7.3946e-08
   1.6900e+02   1.6940e-08   6.8211e-08   7.0797e-08   7.4216e-08
   1.7000e+02   1.6115e-08   6.3119e-08   6.8205e-08   7.6338e-08
   1.7100e+02   1.5214e-08   6.0720e-08   6.5160e-08   7.7688e-08
   1.7200e+02   1.4618e-08   5.8155e-08   6.2561e-08   8.0366e-08
   1.7300e+02   1.4292e-08   5.5394e-08   5.9617e-08   7.9907e-08
   1.7400e+02   1.3433e-08   5.2990e-08   5.7563e-08   8.2334e-08
   1.7500e+02   1.2902e-08   5.0378e-08   5.5168e-08   8.4362e-08
   1.7600e+02   1.2528e-08   5.0039e-08   5.2343e-08   8.6900e-08
   1.7700e+02   1.2138e-08   4.6873e-08   5.0571e-08   8.8821e-08
   1.7800e+02   1.1445e-08   4.5456e-08   4.9352e-08   9.2388e-08
   1.7900e+02   1.1033e-08   4.4572e-08   4.7444e-08   9.6938e-08
   1.8000e+02   1.0823e-08   4.3484e-08   4.5876e-08   1.0102e-07
   1.8100e+02   1.0655e-08   4.3326e-08   4.3889e-08   1.0559e-07
   1.8200e+02   1.0486e-08   4.2779e-08   4.4509e-08   1.1039e-07
   1.8300e+02   1.0107e-08   4.0672e-08   4.3185e-08   1.1443e-07
   1.8400e+02   9.9021e-09   3.9817e-08   4.2859e-08   1.2073e-07
   1.8500e+02   9.4548e-09   3.9310e-08   4.1595e-08   1.2675e-07
   1.8600e+02   9.3410e-09   3.8040e-08   4.1514e-08   1.3372e-07
   1.8700e+02   9.2532e-09   3.8816e-08   4.1267e-08   1.4020e-07
   1.8800e+02   9.2316e-09   4.0291e-08   4.1911e-08   1.4858e-07
   1.8900e+02   8.9283e-09   3.8264e-08   4.1506e-08   1.5883e-07
   1.9000e+02   8.5991e-09   3.7139e-08   4.0403e-08   1.7127e-07
   1.9100e+02   7.7910e-09   3.3914e-08   3.7717e-08   1.8250e-07
