# The data in this file was extracted from a direct numerical
# simulation of fully developed plane turbulent channel
# flow. Particulars are listed below. Note that some of the statistical
# quantities provided in this data set should be zero due to
# (statistical) symmetries in the flow. These quantities are reported
# here none-the-less as an indicator of the quality of the statistics.
# more statistics from this data set are available at 
# http://www.tam.uiuc.edu/Faculty/Moser/channel 
#
# Authors: Moser, Kim & Mansour
# Reference: DNS of Turbulent Channel Flow up to Re_tau=590, 1999,
#            Physics of Fluids, vol 11, 943-945.
# Numerical Method: Kim, Moin & Moser, 1987, J. Fluid Mech. vol 177, 133-166 
# Re_tau = 587.19
# Normalization: U_tau, h 
# Description: Streamwise (x) One-dimensional spectra of velocity and pressure at indicated y-location 
# Filename: chan590/spectra/chan590.xspec.152 
# Date File Created: Feb 29, 2000 
#
#---End of Header---
# 
# nx = 384,  Re = 587.19,  y = 0.25905,  y+ = 152.11
#
#     k_x          E_uu         E_vv         E_ww         E_pp
#
   0.0000e+00   7.0272e-01   4.4193e-02   3.4113e-02   9.0225e-02
   1.0000e+00   5.0766e-01   7.3141e-02   1.0761e-01   2.4471e-01
   2.0000e+00   3.6256e-01   6.9454e-02   1.5289e-01   3.2171e-01
   3.0000e+00   2.0085e-01   5.9114e-02   1.0634e-01   2.9370e-01
   4.0000e+00   1.4802e-01   5.4290e-02   9.9969e-02   2.6039e-01
   5.0000e+00   1.2177e-01   5.4162e-02   9.2271e-02   2.6461e-01
   6.0000e+00   9.0984e-02   4.6664e-02   7.3251e-02   2.3138e-01
   7.0000e+00   7.4386e-02   4.5085e-02   6.6536e-02   2.2179e-01
   8.0000e+00   6.0050e-02   4.0563e-02   5.9388e-02   1.7324e-01
   9.0000e+00   5.1355e-02   3.7601e-02   5.6372e-02   1.6801e-01
   1.0000e+01   4.2900e-02   3.4675e-02   4.9121e-02   1.5542e-01
   1.1000e+01   3.5580e-02   3.1343e-02   4.3321e-02   1.2867e-01
   1.2000e+01   3.1477e-02   2.9179e-02   3.8563e-02   1.1609e-01
   1.3000e+01   2.6091e-02   2.5789e-02   3.4421e-02   1.0491e-01
   1.4000e+01   2.3360e-02   2.4124e-02   3.1880e-02   9.5892e-02
   1.5000e+01   2.0116e-02   2.1814e-02   2.9297e-02   8.4835e-02
   1.6000e+01   1.7967e-02   2.0307e-02   2.6367e-02   7.9670e-02
   1.7000e+01   1.6371e-02   1.8830e-02   2.4080e-02   7.2010e-02
   1.8000e+01   1.4251e-02   1.7455e-02   2.2204e-02   6.5266e-02
   1.9000e+01   1.2468e-02   1.5676e-02   1.9877e-02   5.7995e-02
   2.0000e+01   1.1237e-02   1.4465e-02   1.8162e-02   5.3305e-02
   2.1000e+01   1.0146e-02   1.3513e-02   1.6198e-02   4.8478e-02
   2.2000e+01   9.1851e-03   1.2688e-02   1.5249e-02   4.3505e-02
   2.3000e+01   8.1758e-03   1.1588e-02   1.4118e-02   4.0315e-02
   2.4000e+01   7.5037e-03   1.0857e-02   1.2657e-02   3.6391e-02
   2.5000e+01   6.7498e-03   9.8630e-03   1.2038e-02   3.3469e-02
   2.6000e+01   6.1314e-03   9.1309e-03   1.0747e-02   3.0113e-02
   2.7000e+01   5.6559e-03   8.5835e-03   9.8494e-03   2.7539e-02
   2.8000e+01   5.1106e-03   7.8117e-03   9.2539e-03   2.4966e-02
   2.9000e+01   4.7055e-03   7.3888e-03   8.4859e-03   2.2862e-02
   3.0000e+01   4.2866e-03   7.0608e-03   7.8706e-03   2.1762e-02
   3.1000e+01   3.8394e-03   6.3006e-03   7.3072e-03   1.9055e-02
   3.2000e+01   3.5746e-03   5.8321e-03   6.7182e-03   1.7679e-02
   3.3000e+01   3.2973e-03   5.4095e-03   6.3051e-03   1.6284e-02
   3.4000e+01   3.0387e-03   5.1597e-03   5.7589e-03   1.4994e-02
   3.5000e+01   2.7887e-03   4.7795e-03   5.3364e-03   1.3716e-02
   3.6000e+01   2.5506e-03   4.4370e-03   4.9732e-03   1.2843e-02
   3.7000e+01   2.3902e-03   4.1845e-03   4.6656e-03   1.1610e-02
   3.8000e+01   2.1912e-03   3.8988e-03   4.2536e-03   1.0700e-02
   3.9000e+01   2.0707e-03   3.6514e-03   4.1290e-03   9.8638e-03
   4.0000e+01   1.8757e-03   3.3506e-03   3.6715e-03   9.1697e-03
   4.1000e+01   1.7353e-03   3.1515e-03   3.5625e-03   8.3300e-03
   4.2000e+01   1.6132e-03   2.9292e-03   3.2875e-03   7.5564e-03
   4.3000e+01   1.5048e-03   2.7579e-03   2.9766e-03   6.9841e-03
   4.4000e+01   1.3860e-03   2.5568e-03   2.7839e-03   6.5687e-03
   4.5000e+01   1.2890e-03   2.4216e-03   2.6364e-03   6.0850e-03
   4.6000e+01   1.1940e-03   2.2874e-03   2.4805e-03   5.6326e-03
   4.7000e+01   1.1155e-03   2.1109e-03   2.2920e-03   5.1495e-03
   4.8000e+01   1.0442e-03   2.0119e-03   2.1009e-03   4.8074e-03
   4.9000e+01   9.6416e-04   1.7955e-03   2.0196e-03   4.3694e-03
   5.0000e+01   9.0705e-04   1.7634e-03   1.8907e-03   4.1600e-03
   5.1000e+01   8.2723e-04   1.6487e-03   1.7601e-03   3.8475e-03
   5.2000e+01   7.7743e-04   1.5508e-03   1.6239e-03   3.6367e-03
   5.3000e+01   7.2582e-04   1.4420e-03   1.5420e-03   3.2435e-03
   5.4000e+01   6.6802e-04   1.3969e-03   1.4274e-03   3.0864e-03
   5.5000e+01   6.4006e-04   1.2718e-03   1.3677e-03   2.7977e-03
   5.6000e+01   5.9203e-04   1.2230e-03   1.2775e-03   2.6435e-03
   5.7000e+01   5.4335e-04   1.1259e-03   1.1846e-03   2.4522e-03
   5.8000e+01   5.1479e-04   1.0909e-03   1.1225e-03   2.3206e-03
   5.9000e+01   4.8129e-04   1.0062e-03   1.0798e-03   2.1655e-03
   6.0000e+01   4.5319e-04   9.6248e-04   1.0201e-03   1.9810e-03
   6.1000e+01   4.2121e-04   8.9539e-04   9.3757e-04   1.8445e-03
   6.2000e+01   4.0054e-04   8.3652e-04   8.8544e-04   1.7191e-03
   6.3000e+01   3.7182e-04   8.0408e-04   8.4439e-04   1.5714e-03
   6.4000e+01   3.4791e-04   7.4700e-04   7.8714e-04   1.4804e-03
   6.5000e+01   3.3049e-04   7.0414e-04   7.4079e-04   1.3961e-03
   6.6000e+01   3.0717e-04   6.6901e-04   7.1031e-04   1.2822e-03
   6.7000e+01   2.8877e-04   6.3977e-04   6.4959e-04   1.2279e-03
   6.8000e+01   2.7492e-04   5.9587e-04   6.2612e-04   1.1259e-03
   6.9000e+01   2.5390e-04   5.5982e-04   5.8546e-04   1.0792e-03
   7.0000e+01   2.4213e-04   5.4110e-04   5.5651e-04   9.8018e-04
   7.1000e+01   2.2772e-04   5.0847e-04   5.2231e-04   9.3602e-04
   7.2000e+01   2.1730e-04   4.7473e-04   5.0134e-04   8.7562e-04
   7.3000e+01   2.0193e-04   4.5240e-04   4.7026e-04   8.1383e-04
   7.4000e+01   1.8975e-04   4.2642e-04   4.4603e-04   7.6921e-04
   7.5000e+01   1.8311e-04   4.0347e-04   4.2253e-04   7.1141e-04
   7.6000e+01   1.7020e-04   3.8266e-04   3.9461e-04   6.6385e-04
   7.7000e+01   1.5762e-04   3.5502e-04   3.7185e-04   6.2217e-04
   7.8000e+01   1.4828e-04   3.4235e-04   3.5482e-04   5.7980e-04
   7.9000e+01   1.3968e-04   3.2070e-04   3.3584e-04   5.3260e-04
   8.0000e+01   1.3436e-04   3.0559e-04   3.2298e-04   5.1848e-04
   8.1000e+01   1.2508e-04   2.9143e-04   3.0662e-04   4.7549e-04
   8.2000e+01   1.1809e-04   2.7656e-04   2.8907e-04   4.5082e-04
   8.3000e+01   1.1110e-04   2.6292e-04   2.6857e-04   4.2442e-04
   8.4000e+01   1.0625e-04   2.4921e-04   2.5762e-04   3.8986e-04
   8.5000e+01   9.9459e-05   2.3479e-04   2.4238e-04   3.7282e-04
   8.6000e+01   9.5422e-05   2.2311e-04   2.3207e-04   3.5295e-04
   8.7000e+01   8.9045e-05   2.1347e-04   2.1781e-04   3.3162e-04
   8.8000e+01   8.5434e-05   2.0071e-04   2.0930e-04   3.0735e-04
   8.9000e+01   8.0505e-05   1.9211e-04   1.9882e-04   2.9066e-04
   9.0000e+01   7.5699e-05   1.8272e-04   1.8636e-04   2.7514e-04
   9.1000e+01   7.1274e-05   1.7277e-04   1.7808e-04   2.6137e-04
   9.2000e+01   6.7486e-05   1.6308e-04   1.7113e-04   2.4641e-04
   9.3000e+01   6.3286e-05   1.5646e-04   1.6185e-04   2.3088e-04
   9.4000e+01   6.0208e-05   1.5042e-04   1.5310e-04   2.1534e-04
   9.5000e+01   5.8409e-05   1.4012e-04   1.4529e-04   2.0278e-04
   9.6000e+01   5.4370e-05   1.3607e-04   1.3613e-04   1.9087e-04
   9.7000e+01   5.1664e-05   1.2613e-04   1.3361e-04   1.7899e-04
   9.8000e+01   4.8955e-05   1.2354e-04   1.2660e-04   1.6908e-04
   9.9000e+01   4.6620e-05   1.1629e-04   1.1802e-04   1.5973e-04
   1.0000e+02   4.4132e-05   1.1018e-04   1.1321e-04   1.5014e-04
   1.0100e+02   4.1931e-05   1.0493e-04   1.0591e-04   1.3988e-04
   1.0200e+02   3.9524e-05   9.9485e-05   1.0353e-04   1.3459e-04
   1.0300e+02   3.7982e-05   9.4526e-05   9.7475e-05   1.2651e-04
   1.0400e+02   3.5557e-05   9.0554e-05   9.4411e-05   1.1652e-04
   1.0500e+02   3.4405e-05   8.7264e-05   8.8263e-05   1.1401e-04
   1.0600e+02   3.2903e-05   8.3003e-05   8.4451e-05   1.0508e-04
   1.0700e+02   3.0595e-05   7.7882e-05   7.9841e-05   9.9939e-05
   1.0800e+02   2.9106e-05   7.4313e-05   7.6325e-05   9.2909e-05
   1.0900e+02   2.7559e-05   7.2032e-05   7.3905e-05   8.9629e-05
   1.1000e+02   2.6304e-05   6.8206e-05   7.0058e-05   8.3284e-05
   1.1100e+02   2.4894e-05   6.4964e-05   6.5937e-05   7.8631e-05
   1.1200e+02   2.3980e-05   6.2189e-05   6.3331e-05   7.6193e-05
   1.1300e+02   2.2172e-05   5.9316e-05   6.0456e-05   7.0478e-05
   1.1400e+02   2.1723e-05   5.5004e-05   5.8786e-05   6.5597e-05
   1.1500e+02   2.0600e-05   5.3124e-05   5.4967e-05   6.3403e-05
   1.1600e+02   1.9599e-05   5.1135e-05   5.2738e-05   6.0132e-05
   1.1700e+02   1.8459e-05   4.9256e-05   5.0709e-05   5.6231e-05
   1.1800e+02   1.7675e-05   4.6727e-05   4.8391e-05   5.4229e-05
   1.1900e+02   1.6788e-05   4.4293e-05   4.5530e-05   5.0304e-05
   1.2000e+02   1.5836e-05   4.2227e-05   4.4166e-05   4.7798e-05
   1.2100e+02   1.5156e-05   4.0132e-05   4.1029e-05   4.4889e-05
   1.2200e+02   1.4472e-05   3.8650e-05   3.9680e-05   4.3415e-05
   1.2300e+02   1.3623e-05   3.6541e-05   3.8165e-05   4.0740e-05
   1.2400e+02   1.3220e-05   3.5528e-05   3.5675e-05   3.8954e-05
   1.2500e+02   1.2561e-05   3.3523e-05   3.5290e-05   3.6648e-05
   1.2600e+02   1.1947e-05   3.2207e-05   3.3021e-05   3.4616e-05
   1.2700e+02   1.1429e-05   3.0958e-05   3.1875e-05   3.2686e-05
   1.2800e+02   1.0908e-05   2.9625e-05   3.0224e-05   3.1647e-05
   1.2900e+02   1.0388e-05   2.8351e-05   2.8609e-05   2.9604e-05
   1.3000e+02   9.9491e-06   2.6903e-05   2.7700e-05   2.8520e-05
   1.3100e+02   9.4543e-06   2.5712e-05   2.6161e-05   2.7099e-05
   1.3200e+02   9.1212e-06   2.4585e-05   2.5588e-05   2.5190e-05
   1.3300e+02   8.5566e-06   2.3535e-05   2.4208e-05   2.4486e-05
   1.3400e+02   8.2722e-06   2.2546e-05   2.3354e-05   2.3718e-05
   1.3500e+02   7.8030e-06   2.1402e-05   2.2156e-05   2.2399e-05
   1.3600e+02   7.5775e-06   2.0834e-05   2.1110e-05   2.1007e-05
   1.3700e+02   7.2423e-06   1.9587e-05   2.0300e-05   2.0368e-05
   1.3800e+02   6.9394e-06   1.9041e-05   1.9990e-05   1.9424e-05
   1.3900e+02   6.6003e-06   1.8244e-05   1.8934e-05   1.8617e-05
   1.4000e+02   6.3085e-06   1.7488e-05   1.7823e-05   1.7702e-05
   1.4100e+02   6.0159e-06   1.6783e-05   1.7033e-05   1.6851e-05
   1.4200e+02   5.8429e-06   1.5897e-05   1.6358e-05   1.6012e-05
   1.4300e+02   5.5338e-06   1.5251e-05   1.5696e-05   1.5329e-05
   1.4400e+02   5.2891e-06   1.4693e-05   1.5055e-05   1.4932e-05
   1.4500e+02   5.0423e-06   1.3972e-05   1.4623e-05   1.4316e-05
   1.4600e+02   4.7914e-06   1.3510e-05   1.3908e-05   1.3959e-05
   1.4700e+02   4.6578e-06   1.2944e-05   1.3409e-05   1.3448e-05
   1.4800e+02   4.4415e-06   1.2436e-05   1.2832e-05   1.2972e-05
   1.4900e+02   4.3286e-06   1.1966e-05   1.2333e-05   1.2515e-05
   1.5000e+02   4.0768e-06   1.1461e-05   1.1847e-05   1.2288e-05
   1.5100e+02   3.9065e-06   1.1190e-05   1.1526e-05   1.1984e-05
   1.5200e+02   3.7451e-06   1.0686e-05   1.0899e-05   1.1513e-05
   1.5300e+02   3.6364e-06   1.0217e-05   1.0563e-05   1.1179e-05
   1.5400e+02   3.5073e-06   9.7934e-06   1.0257e-05   1.0941e-05
   1.5500e+02   3.3640e-06   9.5779e-06   9.8608e-06   1.0792e-05
   1.5600e+02   3.2373e-06   9.2399e-06   9.4970e-06   1.0450e-05
   1.5700e+02   3.1287e-06   8.8498e-06   9.1292e-06   1.0327e-05
   1.5800e+02   2.9924e-06   8.4505e-06   8.9387e-06   1.0236e-05
   1.5900e+02   2.9175e-06   8.1840e-06   8.6000e-06   1.0120e-05
   1.6000e+02   2.8104e-06   7.9838e-06   8.2478e-06   9.9760e-06
   1.6100e+02   2.6735e-06   7.6760e-06   7.9065e-06   9.9903e-06
   1.6200e+02   2.6074e-06   7.5660e-06   7.7443e-06   9.9049e-06
   1.6300e+02   2.5158e-06   7.2390e-06   7.4590e-06   9.8719e-06
   1.6400e+02   2.4446e-06   7.0376e-06   7.1761e-06   9.9572e-06
   1.6500e+02   2.3575e-06   6.7438e-06   6.9466e-06   9.9894e-06
   1.6600e+02   2.2803e-06   6.5412e-06   6.7866e-06   9.9908e-06
   1.6700e+02   2.1888e-06   6.3313e-06   6.4591e-06   1.0159e-05
   1.6800e+02   2.1267e-06   6.2010e-06   6.4104e-06   1.0162e-05
   1.6900e+02   2.0885e-06   6.1208e-06   6.2003e-06   1.0473e-05
   1.7000e+02   2.0353e-06   5.8731e-06   6.0337e-06   1.0511e-05
   1.7100e+02   1.9809e-06   5.6595e-06   5.9192e-06   1.0774e-05
   1.7200e+02   1.9275e-06   5.5251e-06   5.7932e-06   1.0935e-05
   1.7300e+02   1.8601e-06   5.4630e-06   5.6185e-06   1.1166e-05
   1.7400e+02   1.8542e-06   5.3845e-06   5.4608e-06   1.1611e-05
   1.7500e+02   1.8111e-06   5.3034e-06   5.3688e-06   1.1855e-05
   1.7600e+02   1.7492e-06   5.1749e-06   5.2599e-06   1.2327e-05
   1.7700e+02   1.7562e-06   5.1394e-06   5.2622e-06   1.2367e-05
   1.7800e+02   1.7212e-06   5.0354e-06   5.1775e-06   1.2857e-05
   1.7900e+02   1.6949e-06   4.9423e-06   5.1059e-06   1.3560e-05
   1.8000e+02   1.6822e-06   4.9157e-06   5.0935e-06   1.3746e-05
   1.8100e+02   1.6824e-06   4.9412e-06   5.0317e-06   1.4361e-05
   1.8200e+02   1.6533e-06   4.9049e-06   5.0434e-06   1.4977e-05
   1.8300e+02   1.6481e-06   4.9008e-06   4.9793e-06   1.5872e-05
   1.8400e+02   1.6565e-06   4.9375e-06   5.0348e-06   1.6479e-05
   1.8500e+02   1.6364e-06   4.8964e-06   5.0084e-06   1.7424e-05
   1.8600e+02   1.6365e-06   4.9924e-06   5.0822e-06   1.8272e-05
   1.8700e+02   1.6210e-06   4.9737e-06   5.0977e-06   1.9032e-05
   1.8800e+02   1.6134e-06   4.9874e-06   5.0888e-06   2.0208e-05
   1.8900e+02   1.5992e-06   5.0381e-06   5.0681e-06   2.1045e-05
   1.9000e+02   1.6166e-06   5.1793e-06   5.2246e-06   2.2441e-05
   1.9100e+02   1.6624e-06   5.3807e-06   5.4592e-06   2.3988e-05
