# The data in this file was extracted from a direct numerical
# simulation of fully developed plane turbulent channel
# flow. Particulars are listed below. Note that some of the statistical
# quantities provided in this data set should be zero due to
# (statistical) symmetries in the flow. These quantities are reported
# here none-the-less as an indicator of the quality of the statistics.
# more statistics from this data set are available at 
# http://www.tam.uiuc.edu/Faculty/Moser/channel 
#
# Authors: Moser, Kim & Mansour
# Reference: DNS of Turbulent Channel Flow up to Re_tau=590, 1999,
#            Physics of Fluids, vol 11, 943-945.
# Numerical Method: Kim, Moin & Moser, 1987, J. Fluid Mech. vol 177, 133-166 
# Re_tau = 587.19
# Normalization: U_tau, h 
# Description: Spanwise (z) One-dimensional spectra of velocity and pressure at indicated y-location 
# Filename: chan590/spectra/chan590.zspec.19 
# Date File Created: Feb 29, 2000 
#
#---End of Header---
# 
# nz = 384,  Re = 587.19,  y = 0.03302,  y+ =  19.39
#
#     k_z          E_uu         E_vv         E_ww         E_pp
#
   0.0000e+00   8.8813e-02   1.6988e-03   4.9611e-02   4.8100e-01
   2.0000e+00   2.8557e-01   3.4391e-03   1.0542e-01   7.0631e-01
   4.0000e+00   4.1401e-01   3.7140e-03   1.2719e-01   5.7257e-01
   6.0000e+00   3.8899e-01   4.2667e-03   1.2460e-01   4.6194e-01
   8.0000e+00   3.8837e-01   4.8791e-03   1.1621e-01   4.0900e-01
   1.0000e+01   3.6130e-01   5.5498e-03   1.0382e-01   3.6037e-01
   1.2000e+01   3.3969e-01   6.2647e-03   9.6313e-02   3.3054e-01
   1.4000e+01   3.5641e-01   7.3441e-03   8.8056e-02   3.0150e-01
   1.6000e+01   3.4148e-01   8.2678e-03   8.1756e-02   2.7470e-01
   1.8000e+01   3.1351e-01   9.2542e-03   7.3755e-02   2.5441e-01
   2.0000e+01   3.1495e-01   9.8875e-03   6.5540e-02   2.3068e-01
   2.2000e+01   3.0294e-01   1.0693e-02   5.9837e-02   2.1531e-01
   2.4000e+01   2.7324e-01   1.1570e-02   5.5265e-02   1.9719e-01
   2.6000e+01   2.5756e-01   1.2100e-02   4.9567e-02   1.8260e-01
   2.8000e+01   2.4208e-01   1.2493e-02   4.4716e-02   1.6505e-01
   3.0000e+01   2.3003e-01   1.3135e-02   4.0632e-02   1.5185e-01
   3.2000e+01   2.0595e-01   1.3189e-02   3.6118e-02   1.3935e-01
   3.4000e+01   1.9316e-01   1.3558e-02   3.2628e-02   1.2874e-01
   3.6000e+01   1.7539e-01   1.3594e-02   2.8999e-02   1.1679e-01
   3.8000e+01   1.5709e-01   1.3270e-02   2.5882e-02   1.1007e-01
   4.0000e+01   1.4256e-01   1.2923e-02   2.2780e-02   9.9941e-02
   4.2000e+01   1.3340e-01   1.3113e-02   2.0973e-02   9.2140e-02
   4.4000e+01   1.2103e-01   1.2697e-02   1.8956e-02   8.3816e-02
   4.6000e+01   1.1062e-01   1.2107e-02   1.6581e-02   7.6957e-02
   4.8000e+01   9.8071e-02   1.1715e-02   1.4779e-02   7.0857e-02
   5.0000e+01   9.0414e-02   1.1349e-02   1.3294e-02   6.5238e-02
   5.2000e+01   8.1733e-02   1.0661e-02   1.1913e-02   5.8630e-02
   5.4000e+01   7.6101e-02   1.0350e-02   1.0784e-02   5.3995e-02
   5.6000e+01   6.7648e-02   9.7921e-03   9.5986e-03   4.9598e-02
   5.8000e+01   6.1664e-02   9.1283e-03   8.7464e-03   4.5444e-02
   6.0000e+01   5.7095e-02   8.7936e-03   7.9791e-03   4.1571e-02
   6.2000e+01   5.2318e-02   8.2775e-03   7.1885e-03   3.8569e-02
   6.4000e+01   4.6604e-02   7.8048e-03   6.3358e-03   3.5332e-02
   6.6000e+01   4.3137e-02   7.3739e-03   5.6729e-03   3.2596e-02
   6.8000e+01   3.9195e-02   6.8228e-03   5.2221e-03   3.0350e-02
   7.0000e+01   3.5908e-02   6.5647e-03   4.8281e-03   2.8076e-02
   7.2000e+01   3.2963e-02   6.1780e-03   4.2800e-03   2.5574e-02
   7.4000e+01   3.0786e-02   5.7582e-03   3.8891e-03   2.3527e-02
   7.6000e+01   2.8024e-02   5.4206e-03   3.5204e-03   2.1732e-02
   7.8000e+01   2.5942e-02   5.1162e-03   3.2204e-03   2.0168e-02
   8.0000e+01   2.3795e-02   4.7147e-03   2.9020e-03   1.8359e-02
   8.2000e+01   2.1460e-02   4.5069e-03   2.6603e-03   1.7088e-02
   8.4000e+01   2.0082e-02   4.2443e-03   2.4602e-03   1.5832e-02
   8.6000e+01   1.8933e-02   4.0044e-03   2.2513e-03   1.4652e-02
   8.8000e+01   1.7262e-02   3.6894e-03   2.0183e-03   1.3511e-02
   9.0000e+01   1.5814e-02   3.4247e-03   1.8534e-03   1.2446e-02
   9.2000e+01   1.4593e-02   3.2172e-03   1.7004e-03   1.1388e-02
   9.4000e+01   1.3948e-02   3.0292e-03   1.5659e-03   1.0587e-02
   9.6000e+01   1.2730e-02   2.8591e-03   1.4523e-03   9.7024e-03
   9.8000e+01   1.1985e-02   2.6753e-03   1.3234e-03   9.0886e-03
   1.0000e+02   1.1281e-02   2.5006e-03   1.2059e-03   8.4489e-03
   1.0200e+02   1.0213e-02   2.3413e-03   1.1125e-03   7.8620e-03
   1.0400e+02   9.7436e-03   2.1804e-03   1.0288e-03   7.2048e-03
   1.0600e+02   8.8177e-03   2.0644e-03   9.3801e-04   6.6085e-03
   1.0800e+02   8.3287e-03   1.9356e-03   8.6016e-04   6.1957e-03
   1.1000e+02   7.7934e-03   1.8434e-03   7.9731e-04   5.6480e-03
   1.1200e+02   7.1985e-03   1.6982e-03   7.3467e-04   5.2546e-03
   1.1400e+02   6.7407e-03   1.5783e-03   6.8150e-04   4.8597e-03
   1.1600e+02   6.3603e-03   1.4970e-03   6.2562e-04   4.4751e-03
   1.1800e+02   5.9559e-03   1.3928e-03   5.7531e-04   4.1779e-03
   1.2000e+02   5.5268e-03   1.3141e-03   5.3585e-04   3.9159e-03
   1.2200e+02   5.1396e-03   1.2297e-03   4.9188e-04   3.5951e-03
   1.2400e+02   4.7996e-03   1.1608e-03   4.5961e-04   3.3257e-03
   1.2600e+02   4.5557e-03   1.0840e-03   4.2236e-04   3.0609e-03
   1.2800e+02   4.2540e-03   1.0319e-03   3.8994e-04   2.8545e-03
   1.3000e+02   4.0308e-03   9.5559e-04   3.6389e-04   2.6499e-03
   1.3200e+02   3.7804e-03   8.8584e-04   3.4018e-04   2.4645e-03
   1.3400e+02   3.5356e-03   8.3234e-04   3.1364e-04   2.2649e-03
   1.3600e+02   3.3219e-03   7.8895e-04   2.9267e-04   2.0921e-03
   1.3800e+02   3.1410e-03   7.4686e-04   2.6977e-04   1.9243e-03
   1.4000e+02   2.9069e-03   6.9584e-04   2.5131e-04   1.8333e-03
   1.4200e+02   2.7726e-03   6.5504e-04   2.3333e-04   1.6804e-03
   1.4400e+02   2.6133e-03   6.0814e-04   2.1688e-04   1.5420e-03
   1.4600e+02   2.4661e-03   5.8050e-04   2.0212e-04   1.4476e-03
   1.4800e+02   2.3075e-03   5.4277e-04   1.8504e-04   1.3340e-03
   1.5000e+02   2.1957e-03   5.0714e-04   1.7539e-04   1.2540e-03
   1.5200e+02   2.0555e-03   4.7970e-04   1.6354e-04   1.1673e-03
   1.5400e+02   1.9309e-03   4.5138e-04   1.5084e-04   1.0743e-03
   1.5600e+02   1.8291e-03   4.1800e-04   1.4078e-04   9.9738e-04
   1.5800e+02   1.7074e-03   3.9853e-04   1.3033e-04   9.2904e-04
   1.6000e+02   1.6236e-03   3.7181e-04   1.2148e-04   8.7945e-04
   1.6200e+02   1.5266e-03   3.5599e-04   1.1365e-04   8.0266e-04
   1.6400e+02   1.4496e-03   3.3457e-04   1.0678e-04   7.4904e-04
   1.6600e+02   1.3682e-03   3.1181e-04   9.9796e-05   6.8998e-04
   1.6800e+02   1.2763e-03   2.9276e-04   9.3682e-05   6.4180e-04
   1.7000e+02   1.2091e-03   2.7712e-04   8.7489e-05   6.0464e-04
   1.7200e+02   1.1603e-03   2.6125e-04   8.2863e-05   5.5426e-04
   1.7400e+02   1.0970e-03   2.4663e-04   7.6550e-05   5.2499e-04
   1.7600e+02   1.0420e-03   2.3152e-04   7.1741e-05   4.8794e-04
   1.7800e+02   9.7312e-04   2.1880e-04   6.6799e-05   4.5679e-04
   1.8000e+02   9.1310e-04   2.0596e-04   6.2485e-05   4.2263e-04
   1.8200e+02   8.7569e-04   1.9065e-04   5.8732e-05   3.9214e-04
   1.8400e+02   8.2620e-04   1.8066e-04   5.5264e-05   3.6778e-04
   1.8600e+02   7.6832e-04   1.7439e-04   5.1658e-05   3.4264e-04
   1.8800e+02   7.2448e-04   1.6266e-04   4.8525e-05   3.1923e-04
   1.9000e+02   6.9436e-04   1.5248e-04   4.5413e-05   3.0079e-04
   1.9200e+02   6.5913e-04   1.4479e-04   4.2705e-05   2.7798e-04
   1.9400e+02   6.2657e-04   1.3495e-04   3.9852e-05   2.5835e-04
   1.9600e+02   5.8828e-04   1.2895e-04   3.7478e-05   2.4314e-04
   1.9800e+02   5.5647e-04   1.2144e-04   3.5519e-05   2.2590e-04
   2.0000e+02   5.2961e-04   1.1416e-04   3.3032e-05   2.1170e-04
   2.0200e+02   5.0319e-04   1.0802e-04   3.1300e-05   1.9778e-04
   2.0400e+02   4.7563e-04   1.0120e-04   2.9655e-05   1.8445e-04
   2.0600e+02   4.5124e-04   9.6403e-05   2.7821e-05   1.7145e-04
   2.0800e+02   4.2835e-04   9.1463e-05   2.5719e-05   1.6268e-04
   2.1000e+02   4.0318e-04   8.5899e-05   2.4352e-05   1.5303e-04
   2.1200e+02   3.8437e-04   8.1876e-05   2.2908e-05   1.4371e-04
   2.1400e+02   3.6094e-04   7.7067e-05   2.1498e-05   1.3370e-04
   2.1600e+02   3.4165e-04   7.2329e-05   2.0419e-05   1.2583e-04
   2.1800e+02   3.2472e-04   6.7920e-05   1.9060e-05   1.1794e-04
   2.2000e+02   3.0908e-04   6.5028e-05   1.8076e-05   1.1036e-04
   2.2200e+02   2.9369e-04   6.1100e-05   1.7019e-05   1.0545e-04
   2.2400e+02   2.7794e-04   5.7900e-05   1.6125e-05   9.9418e-05
   2.2600e+02   2.6256e-04   5.4796e-05   1.5314e-05   9.2299e-05
   2.2800e+02   2.5055e-04   5.1282e-05   1.4281e-05   8.7371e-05
   2.3000e+02   2.4128e-04   4.8623e-05   1.3548e-05   8.2051e-05
   2.3200e+02   2.2837e-04   4.6065e-05   1.2649e-05   7.7104e-05
   2.3400e+02   2.1399e-04   4.3749e-05   1.2075e-05   7.2270e-05
   2.3600e+02   2.0136e-04   4.1712e-05   1.1327e-05   6.9764e-05
   2.3800e+02   1.9148e-04   3.9270e-05   1.0760e-05   6.5930e-05
   2.4000e+02   1.8426e-04   3.6899e-05   1.0089e-05   6.1642e-05
   2.4200e+02   1.7499e-04   3.5025e-05   9.6038e-06   5.8872e-05
   2.4400e+02   1.6401e-04   3.3061e-05   8.9871e-06   5.5628e-05
   2.4600e+02   1.5652e-04   3.1403e-05   8.5322e-06   5.3099e-05
   2.4800e+02   1.4987e-04   2.9798e-05   8.0512e-06   5.0545e-05
   2.5000e+02   1.4153e-04   2.8163e-05   7.5497e-06   4.8038e-05
   2.5200e+02   1.3438e-04   2.6929e-05   7.1679e-06   4.5654e-05
   2.5400e+02   1.2936e-04   2.5309e-05   6.8284e-06   4.3878e-05
   2.5600e+02   1.2436e-04   2.4004e-05   6.5044e-06   4.1831e-05
   2.5800e+02   1.1478e-04   2.2632e-05   6.1008e-06   4.0487e-05
   2.6000e+02   1.1135e-04   2.1427e-05   5.7519e-06   3.8740e-05
   2.6200e+02   1.0501e-04   2.0382e-05   5.5090e-06   3.7030e-05
   2.6400e+02   9.9188e-05   1.9616e-05   5.1828e-06   3.5721e-05
   2.6600e+02   9.5749e-05   1.8428e-05   4.9302e-06   3.5315e-05
   2.6800e+02   8.9359e-05   1.7494e-05   4.6308e-06   3.4019e-05
   2.7000e+02   8.5859e-05   1.6605e-05   4.4071e-06   3.2788e-05
   2.7200e+02   8.0860e-05   1.5711e-05   4.1434e-06   3.2156e-05
   2.7400e+02   7.7207e-05   1.4863e-05   3.9481e-06   3.1287e-05
   2.7600e+02   7.3914e-05   1.4132e-05   3.7327e-06   3.0735e-05
   2.7800e+02   7.0545e-05   1.3424e-05   3.5848e-06   2.9905e-05
   2.8000e+02   6.6604e-05   1.2719e-05   3.3808e-06   2.9512e-05
   2.8200e+02   6.3932e-05   1.1971e-05   3.2255e-06   2.9057e-05
   2.8400e+02   6.0621e-05   1.1652e-05   3.0387e-06   2.9035e-05
   2.8600e+02   5.7877e-05   1.0798e-05   2.8810e-06   2.8736e-05
   2.8800e+02   5.5217e-05   1.0363e-05   2.7615e-06   2.8632e-05
   2.9000e+02   5.2607e-05   9.9606e-06   2.6223e-06   2.8995e-05
   2.9200e+02   5.0184e-05   9.4061e-06   2.4763e-06   2.8886e-05
   2.9400e+02   4.7253e-05   8.9841e-06   2.3369e-06   2.8883e-05
   2.9600e+02   4.5466e-05   8.5246e-06   2.2505e-06   2.9198e-05
   2.9800e+02   4.3297e-05   8.0312e-06   2.1317e-06   2.9475e-05
   3.0000e+02   4.1233e-05   7.7272e-06   2.0244e-06   3.0009e-05
   3.0200e+02   3.9276e-05   7.3505e-06   1.9295e-06   3.0623e-05
   3.0400e+02   3.8112e-05   6.9457e-06   1.8425e-06   3.1154e-05
   3.0600e+02   3.5549e-05   6.6507e-06   1.7561e-06   3.1992e-05
   3.0800e+02   3.4533e-05   6.2974e-06   1.6656e-06   3.2689e-05
   3.1000e+02   3.2897e-05   6.0576e-06   1.5937e-06   3.3654e-05
   3.1200e+02   3.1079e-05   5.7754e-06   1.5127e-06   3.4769e-05
   3.1400e+02   2.9857e-05   5.5213e-06   1.4488e-06   3.5416e-05
   3.1600e+02   2.9018e-05   5.2818e-06   1.3855e-06   3.7190e-05
   3.1800e+02   2.7643e-05   5.0836e-06   1.3240e-06   3.8095e-05
   3.2000e+02   2.6437e-05   4.8787e-06   1.2714e-06   3.9993e-05
   3.2200e+02   2.5311e-05   4.6567e-06   1.2134e-06   4.1143e-05
   3.2400e+02   2.4465e-05   4.4416e-06   1.1745e-06   4.3247e-05
   3.2600e+02   2.3549e-05   4.3015e-06   1.1178e-06   4.5280e-05
   3.2800e+02   2.2757e-05   4.0838e-06   1.0864e-06   4.7234e-05
   3.3000e+02   2.1756e-05   3.9667e-06   1.0450e-06   5.0084e-05
   3.3200e+02   2.0826e-05   3.8460e-06   9.9567e-07   5.2425e-05
   3.3400e+02   2.0102e-05   3.7052e-06   9.6365e-07   5.4882e-05
   3.3600e+02   1.9664e-05   3.5606e-06   9.3533e-07   5.8110e-05
   3.3800e+02   1.8873e-05   3.4592e-06   9.0032e-07   6.1731e-05
   3.4000e+02   1.8478e-05   3.3500e-06   8.7826e-07   6.5821e-05
   3.4200e+02   1.7966e-05   3.3134e-06   8.5322e-07   6.8811e-05
   3.4400e+02   1.7554e-05   3.1945e-06   8.3359e-07   7.4076e-05
   3.4600e+02   1.7333e-05   3.1361e-06   8.1511e-07   7.7246e-05
   3.4800e+02   1.6890e-05   3.0831e-06   7.9502e-07   8.2601e-05
   3.5000e+02   1.6746e-05   3.0155e-06   7.8591e-07   8.7593e-05
   3.5200e+02   1.6404e-05   3.0050e-06   7.6767e-07   9.4188e-05
   3.5400e+02   1.6188e-05   2.9437e-06   7.5764e-07   1.0080e-04
   3.5600e+02   1.5866e-05   2.9024e-06   7.4351e-07   1.0692e-04
   3.5800e+02   1.6006e-05   2.8995e-06   7.4027e-07   1.1377e-04
   3.6000e+02   1.5760e-05   2.8681e-06   7.2558e-07   1.2135e-04
   3.6200e+02   1.5938e-05   2.8930e-06   7.2423e-07   1.2898e-04
   3.6400e+02   1.5758e-05   2.8409e-06   7.1021e-07   1.3823e-04
   3.6600e+02   1.5705e-05   2.8504e-06   6.9196e-07   1.4653e-04
   3.6800e+02   1.5496e-05   2.8103e-06   6.8514e-07   1.5334e-04
   3.7000e+02   1.5469e-05   2.7635e-06   6.6694e-07   1.6382e-04
   3.7200e+02   1.5261e-05   2.7018e-06   6.4824e-07   1.7355e-04
   3.7400e+02   1.5056e-05   2.6396e-06   6.2461e-07   1.8190e-04
   3.7600e+02   1.4542e-05   2.5470e-06   6.0311e-07   1.9084e-04
   3.7800e+02   1.4175e-05   2.4652e-06   5.7794e-07   1.9967e-04
   3.8000e+02   1.3528e-05   2.3293e-06   5.4653e-07   2.0805e-04
   3.8200e+02   1.3008e-05   2.2482e-06   5.1468e-07   2.1519e-04
