# The data in this file was extracted from a direct numerical
# simulation of fully developed plane turbulent channel
# flow. Particulars are listed below. Note that some of the statistical
# quantities provided in this data set should be zero due to
# (statistical) symmetries in the flow. These quantities are reported
# here none-the-less as an indicator of the quality of the statistics.
# more statistics from this data set are available at 
# http://www.tam.uiuc.edu/Faculty/Moser/channel 
#
# Authors: Moser, Kim & Mansour
# Reference: DNS of Turbulent Channel Flow up to Re_tau=590, 1999,
#            Physics of Fluids, vol 11, 943-945.
# Numerical Method: Kim, Moin & Moser, 1987, J. Fluid Mech. vol 177, 133-166 
# Re_tau = 587.19
# Normalization: U_tau, h 
# Description: Spanwise (z) One-dimensional spectra of velocity and pressure at indicated y-location 
# Filename: chan590/spectra/chan590.zspec.501 
# Date File Created: Feb 29, 2000 
#
#---End of Header---
# 
# nz = 384,  Re = 587.19,  y = 0.85327,  y+ = 501.04
#
#     k_z          E_uu         E_vv         E_ww         E_pp
#
   0.0000e+00   6.6063e-02   4.0760e-02   5.1387e-02   1.8152e-01
   2.0000e+00   1.9486e-01   8.1747e-02   1.2320e-01   1.8867e-01
   4.0000e+00   1.6624e-01   6.6606e-02   9.0634e-02   1.0249e-01
   6.0000e+00   9.1021e-02   4.7739e-02   5.7192e-02   5.9173e-02
   8.0000e+00   6.5919e-02   3.6877e-02   3.7379e-02   4.1630e-02
   1.0000e+01   4.0492e-02   2.8373e-02   2.5536e-02   2.8306e-02
   1.2000e+01   3.0234e-02   2.2173e-02   1.7810e-02   2.1404e-02
   1.4000e+01   2.2793e-02   1.7879e-02   1.3110e-02   1.5553e-02
   1.6000e+01   1.6563e-02   1.4390e-02   9.5530e-03   1.2634e-02
   1.8000e+01   1.3128e-02   1.1832e-02   7.3817e-03   9.2117e-03
   2.0000e+01   1.0415e-02   9.8272e-03   5.6177e-03   7.4155e-03
   2.2000e+01   8.2780e-03   7.7757e-03   4.3465e-03   5.8447e-03
   2.4000e+01   6.6666e-03   6.4218e-03   3.3394e-03   4.7414e-03
   2.6000e+01   5.1516e-03   5.1891e-03   2.6081e-03   3.7664e-03
   2.8000e+01   4.3793e-03   4.3116e-03   2.0808e-03   2.9118e-03
   3.0000e+01   3.5650e-03   3.5523e-03   1.6463e-03   2.3763e-03
   3.2000e+01   2.8955e-03   2.9818e-03   1.3302e-03   1.9315e-03
   3.4000e+01   2.4313e-03   2.4556e-03   1.0782e-03   1.5753e-03
   3.6000e+01   2.0039e-03   2.0266e-03   8.6132e-04   1.2768e-03
   3.8000e+01   1.6706e-03   1.7107e-03   7.1080e-04   1.0551e-03
   4.0000e+01   1.3909e-03   1.4236e-03   5.7501e-04   8.4940e-04
   4.2000e+01   1.1596e-03   1.1874e-03   4.7124e-04   7.2073e-04
   4.4000e+01   9.6611e-04   1.0114e-03   3.9827e-04   5.8150e-04
   4.6000e+01   8.3260e-04   8.4759e-04   3.2398e-04   4.9062e-04
   4.8000e+01   7.1383e-04   7.1812e-04   2.7083e-04   4.0171e-04
   5.0000e+01   5.9973e-04   6.1380e-04   2.2385e-04   3.3427e-04
   5.2000e+01   5.1104e-04   5.1463e-04   1.9033e-04   2.7214e-04
   5.4000e+01   4.3777e-04   4.4418e-04   1.5653e-04   2.2684e-04
   5.6000e+01   3.6949e-04   3.7719e-04   1.3260e-04   1.8673e-04
   5.8000e+01   3.2449e-04   3.2333e-04   1.1217e-04   1.5789e-04
   6.0000e+01   2.7713e-04   2.8032e-04   9.5247e-05   1.3224e-04
   6.2000e+01   2.3722e-04   2.4058e-04   8.1621e-05   1.1039e-04
   6.4000e+01   2.0281e-04   2.1019e-04   6.8401e-05   9.1057e-05
   6.6000e+01   1.7788e-04   1.8104e-04   5.8786e-05   7.6518e-05
   6.8000e+01   1.5676e-04   1.5612e-04   5.0421e-05   6.5320e-05
   7.0000e+01   1.3505e-04   1.3351e-04   4.3055e-05   5.6244e-05
   7.2000e+01   1.1640e-04   1.1697e-04   3.6877e-05   4.7449e-05
   7.4000e+01   1.0159e-04   1.0159e-04   3.1294e-05   3.9311e-05
   7.6000e+01   8.9449e-05   8.9482e-05   2.7056e-05   3.3912e-05
   7.8000e+01   7.7233e-05   7.7682e-05   2.2990e-05   2.8663e-05
   8.0000e+01   6.8547e-05   6.7724e-05   2.0047e-05   2.4696e-05
   8.2000e+01   5.9309e-05   5.8926e-05   1.7585e-05   2.1294e-05
   8.4000e+01   5.1551e-05   5.1146e-05   1.5108e-05   1.7862e-05
   8.6000e+01   4.6032e-05   4.5060e-05   1.3144e-05   1.5419e-05
   8.8000e+01   4.0328e-05   3.9379e-05   1.1379e-05   1.3109e-05
   9.0000e+01   3.5378e-05   3.4653e-05   9.9523e-06   1.1221e-05
   9.2000e+01   3.1373e-05   3.0770e-05   8.7433e-06   9.6442e-06
   9.4000e+01   2.7753e-05   2.7123e-05   7.5427e-06   8.2503e-06
   9.6000e+01   2.4702e-05   2.4151e-05   6.6621e-06   7.1577e-06
   9.8000e+01   2.1736e-05   2.0956e-05   5.7846e-06   6.1009e-06
   1.0000e+02   1.9204e-05   1.8668e-05   5.0945e-06   5.2930e-06
   1.0200e+02   1.7058e-05   1.6449e-05   4.4546e-06   4.5785e-06
   1.0400e+02   1.4980e-05   1.4536e-05   3.9591e-06   4.0240e-06
   1.0600e+02   1.3537e-05   1.2833e-05   3.5287e-06   3.4586e-06
   1.0800e+02   1.1854e-05   1.1451e-05   3.0653e-06   3.0141e-06
   1.1000e+02   1.0453e-05   1.0155e-05   2.6723e-06   2.6450e-06
   1.1200e+02   9.4652e-06   9.1296e-06   2.3801e-06   2.2892e-06
   1.1400e+02   8.4111e-06   8.1742e-06   2.0736e-06   1.9757e-06
   1.1600e+02   7.5281e-06   7.2321e-06   1.8262e-06   1.7558e-06
   1.1800e+02   6.7159e-06   6.4023e-06   1.6126e-06   1.4939e-06
   1.2000e+02   6.0151e-06   5.6987e-06   1.4406e-06   1.3399e-06
   1.2200e+02   5.3106e-06   5.0798e-06   1.2669e-06   1.1800e-06
   1.2400e+02   4.7724e-06   4.5790e-06   1.1254e-06   1.0439e-06
   1.2600e+02   4.2959e-06   4.0842e-06   1.0064e-06   9.1442e-07
   1.2800e+02   3.8498e-06   3.6518e-06   8.8418e-07   8.1817e-07
   1.3000e+02   3.3954e-06   3.2796e-06   7.8971e-07   7.2795e-07
   1.3200e+02   3.1205e-06   2.9301e-06   6.9827e-07   6.4721e-07
   1.3400e+02   2.8143e-06   2.6333e-06   6.1989e-07   5.7172e-07
   1.3600e+02   2.5008e-06   2.3843e-06   5.5382e-07   5.1868e-07
   1.3800e+02   2.2531e-06   2.1190e-06   4.8889e-07   4.6194e-07
   1.4000e+02   2.0125e-06   1.9266e-06   4.3864e-07   4.1743e-07
   1.4200e+02   1.8013e-06   1.7053e-06   3.9183e-07   3.6835e-07
   1.4400e+02   1.6369e-06   1.5552e-06   3.5202e-07   3.2678e-07
   1.4600e+02   1.4602e-06   1.3932e-06   3.1170e-07   2.9388e-07
   1.4800e+02   1.3145e-06   1.2542e-06   2.7639e-07   2.6738e-07
   1.5000e+02   1.1910e-06   1.1120e-06   2.4655e-07   2.4088e-07
   1.5200e+02   1.0698e-06   1.0075e-06   2.2198e-07   2.1759e-07
   1.5400e+02   9.6423e-07   9.1357e-07   1.9733e-07   1.9674e-07
   1.5600e+02   8.5998e-07   8.2872e-07   1.7829e-07   1.7868e-07
   1.5800e+02   7.8705e-07   7.3537e-07   1.6010e-07   1.6233e-07
   1.6000e+02   7.1810e-07   6.7068e-07   1.4443e-07   1.4901e-07
   1.6200e+02   6.5213e-07   6.0025e-07   1.2938e-07   1.3686e-07
   1.6400e+02   5.8494e-07   5.3939e-07   1.1600e-07   1.2587e-07
   1.6600e+02   5.3038e-07   4.8717e-07   1.0330e-07   1.1675e-07
   1.6800e+02   4.8033e-07   4.4400e-07   9.2937e-08   1.0659e-07
   1.7000e+02   4.3936e-07   3.9678e-07   8.4079e-08   9.9031e-08
   1.7200e+02   3.9531e-07   3.6373e-07   7.5546e-08   9.1269e-08
   1.7400e+02   3.5530e-07   3.2884e-07   6.7413e-08   8.4560e-08
   1.7600e+02   3.2463e-07   2.9551e-07   6.1198e-08   7.8060e-08
   1.7800e+02   2.9591e-07   2.6748e-07   5.4695e-08   7.3271e-08
   1.8000e+02   2.6542e-07   2.4214e-07   4.8942e-08   6.8605e-08
   1.8200e+02   2.4011e-07   2.2025e-07   4.4574e-08   6.3488e-08
   1.8400e+02   2.1780e-07   2.0015e-07   3.9976e-08   6.0061e-08
   1.8600e+02   1.9739e-07   1.8002e-07   3.6357e-08   5.6319e-08
   1.8800e+02   1.8087e-07   1.6425e-07   3.2957e-08   5.3033e-08
   1.9000e+02   1.6526e-07   1.4641e-07   2.9697e-08   5.0359e-08
   1.9200e+02   1.4940e-07   1.3386e-07   2.6930e-08   4.7464e-08
   1.9400e+02   1.3748e-07   1.2387e-07   2.4172e-08   4.4929e-08
   1.9600e+02   1.2355e-07   1.1172e-07   2.1875e-08   4.2109e-08
   1.9800e+02   1.1267e-07   1.0020e-07   1.9753e-08   4.0032e-08
   2.0000e+02   1.0233e-07   9.2212e-08   1.7809e-08   3.7777e-08
   2.0200e+02   9.1943e-08   8.2996e-08   1.6319e-08   3.5515e-08
   2.0400e+02   8.4758e-08   7.7316e-08   1.4739e-08   3.4058e-08
   2.0600e+02   7.7202e-08   6.9729e-08   1.3518e-08   3.2197e-08
   2.0800e+02   7.0220e-08   6.3967e-08   1.2299e-08   3.0920e-08
   2.1000e+02   6.4742e-08   5.7045e-08   1.1069e-08   2.9209e-08
   2.1200e+02   5.8638e-08   5.2204e-08   1.0054e-08   2.7937e-08
   2.1400e+02   5.3774e-08   4.8028e-08   9.1296e-09   2.6931e-08
   2.1600e+02   4.8981e-08   4.3785e-08   8.2161e-09   2.5649e-08
   2.1800e+02   4.4560e-08   3.9965e-08   7.4898e-09   2.4845e-08
   2.2000e+02   4.0121e-08   3.6522e-08   6.8285e-09   2.3762e-08
   2.2200e+02   3.7118e-08   3.3608e-08   6.2601e-09   2.2574e-08
   2.2400e+02   3.3887e-08   3.0678e-08   5.6957e-09   2.1923e-08
   2.2600e+02   3.1057e-08   2.7887e-08   5.2080e-09   2.1112e-08
   2.2800e+02   2.8505e-08   2.5266e-08   4.7093e-09   2.0358e-08
   2.3000e+02   2.6185e-08   2.3145e-08   4.2548e-09   1.9487e-08
   2.3200e+02   2.4031e-08   2.1218e-08   3.8988e-09   1.8663e-08
   2.3400e+02   2.1760e-08   1.8917e-08   3.5725e-09   1.7928e-08
   2.3600e+02   1.9897e-08   1.7554e-08   3.2701e-09   1.7329e-08
   2.3800e+02   1.8273e-08   1.6190e-08   2.9923e-09   1.6686e-08
   2.4000e+02   1.6725e-08   1.4741e-08   2.7580e-09   1.6084e-08
   2.4200e+02   1.5345e-08   1.3478e-08   2.5165e-09   1.5537e-08
   2.4400e+02   1.3981e-08   1.2326e-08   2.2983e-09   1.4945e-08
   2.4600e+02   1.2887e-08   1.1283e-08   2.1249e-09   1.4553e-08
   2.4800e+02   1.1713e-08   1.0322e-08   1.9401e-09   1.4036e-08
   2.5000e+02   1.0742e-08   9.5405e-09   1.7872e-09   1.3661e-08
   2.5200e+02   9.9246e-09   8.8730e-09   1.6297e-09   1.2976e-08
   2.5400e+02   9.0445e-09   8.0776e-09   1.5035e-09   1.2658e-08
   2.5600e+02   8.3385e-09   7.4353e-09   1.3819e-09   1.2249e-08
   2.5800e+02   7.6490e-09   6.9151e-09   1.2723e-09   1.1766e-08
   2.6000e+02   7.0820e-09   6.3425e-09   1.1673e-09   1.1485e-08
   2.6200e+02   6.5067e-09   5.8351e-09   1.0675e-09   1.1173e-08
   2.6400e+02   5.9788e-09   5.2740e-09   9.8511e-10   1.0756e-08
   2.6600e+02   5.4841e-09   4.8994e-09   9.1426e-10   1.0408e-08
   2.6800e+02   5.0183e-09   4.4774e-09   8.4086e-10   1.0024e-08
   2.7000e+02   4.5906e-09   4.1560e-09   7.8020e-10   9.7960e-09
   2.7200e+02   4.2477e-09   3.8357e-09   7.1295e-10   9.3869e-09
   2.7400e+02   3.9124e-09   3.4934e-09   6.5369e-10   9.1362e-09
   2.7600e+02   3.6445e-09   3.2028e-09   6.1429e-10   8.8645e-09
   2.7800e+02   3.3760e-09   2.9677e-09   5.6492e-10   8.7146e-09
   2.8000e+02   3.1281e-09   2.7059e-09   5.2619e-10   8.3189e-09
   2.8200e+02   2.8705e-09   2.5102e-09   4.9233e-10   8.1693e-09
   2.8400e+02   2.6419e-09   2.3163e-09   4.5458e-10   7.9147e-09
   2.8600e+02   2.4221e-09   2.1391e-09   4.2080e-10   7.6834e-09
   2.8800e+02   2.2392e-09   1.9915e-09   3.8900e-10   7.5209e-09
   2.9000e+02   2.0604e-09   1.8446e-09   3.6275e-10   7.2005e-09
   2.9200e+02   1.9156e-09   1.7010e-09   3.3885e-10   7.1526e-09
   2.9400e+02   1.7757e-09   1.5733e-09   3.1506e-10   6.8566e-09
   2.9600e+02   1.6489e-09   1.4449e-09   2.9359e-10   6.6811e-09
   2.9800e+02   1.5162e-09   1.3408e-09   2.7257e-10   6.5037e-09
   3.0000e+02   1.3985e-09   1.2363e-09   2.5713e-10   6.3770e-09
   3.0200e+02   1.2969e-09   1.1498e-09   2.4263e-10   6.1798e-09
   3.0400e+02   1.1937e-09   1.0647e-09   2.2578e-10   6.0978e-09
   3.0600e+02   1.1070e-09   9.8773e-10   2.1046e-10   5.8780e-09
   3.0800e+02   1.0249e-09   9.1240e-10   1.9956e-10   5.7100e-09
   3.1000e+02   9.5304e-10   8.5056e-10   1.8674e-10   5.5793e-09
   3.1200e+02   8.8418e-10   7.8829e-10   1.7644e-10   5.4787e-09
   3.1400e+02   8.0787e-10   7.2966e-10   1.6522e-10   5.2459e-09
   3.1600e+02   7.5625e-10   6.7789e-10   1.5603e-10   5.1242e-09
   3.1800e+02   6.9898e-10   6.3631e-10   1.4670e-10   4.9874e-09
   3.2000e+02   6.5067e-10   5.9293e-10   1.3890e-10   4.8835e-09
   3.2200e+02   5.9571e-10   5.5551e-10   1.3188e-10   4.7794e-09
   3.2400e+02   5.5460e-10   5.1648e-10   1.2469e-10   4.6277e-09
   3.2600e+02   5.1878e-10   4.8239e-10   1.1749e-10   4.5071e-09
   3.2800e+02   4.8371e-10   4.4849e-10   1.1167e-10   4.4288e-09
   3.3000e+02   4.5490e-10   4.1997e-10   1.0545e-10   4.3397e-09
   3.3200e+02   4.2427e-10   3.9404e-10   9.9877e-11   4.1942e-09
   3.3400e+02   3.9452e-10   3.6773e-10   9.6082e-11   4.0973e-09
   3.3600e+02   3.7084e-10   3.4674e-10   9.0106e-11   3.9687e-09
   3.3800e+02   3.4528e-10   3.2694e-10   8.6707e-11   3.8798e-09
   3.4000e+02   3.2137e-10   3.0931e-10   8.2520e-11   3.7785e-09
   3.4200e+02   3.0369e-10   2.9424e-10   7.9068e-11   3.6971e-09
   3.4400e+02   2.8511e-10   2.7446e-10   7.5369e-11   3.5970e-09
   3.4600e+02   2.7247e-10   2.6190e-10   7.1223e-11   3.4772e-09
   3.4800e+02   2.5845e-10   2.4839e-10   6.8780e-11   3.4000e-09
   3.5000e+02   2.4549e-10   2.3482e-10   6.6101e-11   3.3184e-09
   3.5200e+02   2.2781e-10   2.2483e-10   6.3057e-11   3.2040e-09
   3.5400e+02   2.1491e-10   2.1173e-10   6.0787e-11   3.1183e-09
   3.5600e+02   2.0538e-10   2.0214e-10   5.8279e-11   3.0328e-09
   3.5800e+02   1.9232e-10   1.9361e-10   5.5728e-11   2.9488e-09
   3.6000e+02   1.8473e-10   1.8405e-10   5.3140e-11   2.8635e-09
   3.6200e+02   1.7969e-10   1.7690e-10   5.0846e-11   2.7833e-09
   3.6400e+02   1.7077e-10   1.6993e-10   4.8921e-11   2.6829e-09
   3.6600e+02   1.6586e-10   1.6583e-10   4.7568e-11   2.6291e-09
   3.6800e+02   1.6366e-10   1.6422e-10   4.6040e-11   2.5666e-09
   3.7000e+02   1.6182e-10   1.6513e-10   4.5313e-11   2.5190e-09
   3.7200e+02   1.6079e-10   1.6506e-10   4.4075e-11   2.4463e-09
   3.7400e+02   1.6346e-10   1.6861e-10   4.3117e-11   2.4238e-09
   3.7600e+02   1.6753e-10   1.7055e-10   4.1939e-11   2.3420e-09
   3.7800e+02   1.7881e-10   1.7759e-10   4.1342e-11   2.3071e-09
   3.8000e+02   1.9492e-10   1.8576e-10   4.1168e-11   2.3023e-09
   3.8200e+02   2.1314e-10   1.9481e-10   3.9912e-11   2.3472e-09
