# The data in this file was extracted from a direct numerical
# simulation of fully developed plane turbulent channel
# flow. Particulars are listed below. Note that some of the statistical
# quantities provided in this data set should be zero due to
# (statistical) symmetries in the flow. These quantities are reported
# here none-the-less as an indicator of the quality of the statistics.
# more statistics from this data set are available at 
# http://www.tam.uiuc.edu/Faculty/Moser/channel 
#
# Authors: Moser, Kim & Mansour
# Reference: DNS of Turbulent Channel Flow up to Re_tau=590, 1999,
#            Physics of Fluids, vol 11, 943-945.
# Numerical Method: Kim, Moin & Moser, 1987, J. Fluid Mech. vol 177, 133-166 
# Re_tau = 587.19
# Normalization: U_tau, h 
# Description: Streamwise (x) One-dimensional spectra of velocity and pressure at indicated y-location 
# Filename: chan590/spectra/chan590.xspec.39 
# Date File Created: Feb 29, 2000 
#
#---End of Header---
# 
# nx = 384,  Re = 587.19,  y = 0.06701,  y+ =  39.35
#
#     k_x          E_uu         E_vv         E_ww         E_pp
#
   0.0000e+00   9.3388e-01   3.5249e-02   8.4840e-02   1.3094e-01
   1.0000e+00   8.8061e-01   6.7819e-02   1.7709e-01   3.6825e-01
   2.0000e+00   5.4772e-01   5.7292e-02   1.4280e-01   4.3718e-01
   3.0000e+00   3.9251e-01   5.0757e-02   1.2112e-01   3.9342e-01
   4.0000e+00   3.0701e-01   4.5670e-02   1.0714e-01   3.7363e-01
   5.0000e+00   2.5031e-01   4.1572e-02   9.9396e-02   3.6503e-01
   6.0000e+00   1.9817e-01   3.7204e-02   8.6558e-02   3.2533e-01
   7.0000e+00   1.7156e-01   3.4657e-02   8.0271e-02   3.1650e-01
   8.0000e+00   1.4255e-01   3.2378e-02   7.5902e-02   2.8186e-01
   9.0000e+00   1.2458e-01   2.9843e-02   6.7142e-02   2.6970e-01
   1.0000e+01   1.0741e-01   2.7712e-02   6.2615e-02   2.4789e-01
   1.1000e+01   9.4381e-02   2.5864e-02   5.6996e-02   2.3724e-01
   1.2000e+01   8.2396e-02   2.3993e-02   5.3127e-02   2.2274e-01
   1.3000e+01   7.0918e-02   2.2219e-02   4.7352e-02   2.0376e-01
   1.4000e+01   6.4616e-02   2.0885e-02   4.4847e-02   1.9372e-01
   1.5000e+01   5.6881e-02   1.9677e-02   4.0054e-02   1.7851e-01
   1.6000e+01   5.0435e-02   1.8270e-02   3.7838e-02   1.7051e-01
   1.7000e+01   4.5047e-02   1.7278e-02   3.5096e-02   1.6287e-01
   1.8000e+01   4.0970e-02   1.6022e-02   3.1766e-02   1.5145e-01
   1.9000e+01   3.7156e-02   1.5171e-02   3.0123e-02   1.4083e-01
   2.0000e+01   3.3126e-02   1.4118e-02   2.7341e-02   1.2975e-01
   2.1000e+01   2.9997e-02   1.3602e-02   2.5969e-02   1.2302e-01
   2.2000e+01   2.7431e-02   1.2603e-02   2.2891e-02   1.1739e-01
   2.3000e+01   2.5199e-02   1.2011e-02   2.1957e-02   1.1030e-01
   2.4000e+01   2.2836e-02   1.1291e-02   2.0184e-02   1.0139e-01
   2.5000e+01   2.0522e-02   1.0484e-02   1.8897e-02   9.4654e-02
   2.6000e+01   1.8634e-02   9.9253e-03   1.7261e-02   8.8652e-02
   2.7000e+01   1.7342e-02   9.4678e-03   1.6427e-02   8.3850e-02
   2.8000e+01   1.5860e-02   8.8954e-03   1.5099e-02   7.8774e-02
   2.9000e+01   1.4455e-02   8.4611e-03   1.4119e-02   7.3932e-02
   3.0000e+01   1.3184e-02   7.6992e-03   1.3283e-02   6.7393e-02
   3.1000e+01   1.2258e-02   7.5691e-03   1.2159e-02   6.2401e-02
   3.2000e+01   1.1298e-02   6.9772e-03   1.1296e-02   5.9327e-02
   3.3000e+01   1.0442e-02   6.6817e-03   1.0543e-02   5.5360e-02
   3.4000e+01   9.6402e-03   6.2987e-03   9.7034e-03   5.2761e-02
   3.5000e+01   8.9038e-03   5.8279e-03   8.9863e-03   4.8982e-02
   3.6000e+01   8.1617e-03   5.4808e-03   8.4071e-03   4.5623e-02
   3.7000e+01   7.5976e-03   5.1711e-03   7.8035e-03   4.2865e-02
   3.8000e+01   7.0566e-03   4.9081e-03   7.1950e-03   3.9401e-02
   3.9000e+01   6.5710e-03   4.6109e-03   6.7653e-03   3.7339e-02
   4.0000e+01   6.0513e-03   4.4006e-03   6.3679e-03   3.5199e-02
   4.1000e+01   5.6871e-03   4.1771e-03   6.0031e-03   3.2739e-02
   4.2000e+01   5.3256e-03   3.9399e-03   5.6929e-03   3.0934e-02
   4.3000e+01   4.9493e-03   3.6771e-03   5.1902e-03   2.8553e-02
   4.4000e+01   4.6031e-03   3.4673e-03   4.8682e-03   2.6938e-02
   4.5000e+01   4.2800e-03   3.2397e-03   4.5274e-03   2.4669e-02
   4.6000e+01   3.9323e-03   3.1238e-03   4.2880e-03   2.3767e-02
   4.7000e+01   3.7334e-03   2.9266e-03   4.0872e-03   2.2166e-02
   4.8000e+01   3.4640e-03   2.7525e-03   3.7622e-03   2.0541e-02
   4.9000e+01   3.2399e-03   2.6416e-03   3.5429e-03   1.9137e-02
   5.0000e+01   3.0786e-03   2.5207e-03   3.3474e-03   1.8207e-02
   5.1000e+01   2.8695e-03   2.3294e-03   3.1381e-03   1.6945e-02
   5.2000e+01   2.6830e-03   2.2082e-03   2.9244e-03   1.6014e-02
   5.3000e+01   2.5442e-03   2.0849e-03   2.7681e-03   1.4795e-02
   5.4000e+01   2.3496e-03   1.9594e-03   2.5919e-03   1.3916e-02
   5.5000e+01   2.2191e-03   1.8655e-03   2.4484e-03   1.3087e-02
   5.6000e+01   2.0940e-03   1.7915e-03   2.2800e-03   1.2340e-02
   5.7000e+01   1.9830e-03   1.6906e-03   2.1822e-03   1.1497e-02
   5.8000e+01   1.8481e-03   1.6050e-03   2.0571e-03   1.0622e-02
   5.9000e+01   1.7302e-03   1.5065e-03   1.9091e-03   1.0173e-02
   6.0000e+01   1.6371e-03   1.4403e-03   1.7999e-03   9.4458e-03
   6.1000e+01   1.5381e-03   1.3749e-03   1.7200e-03   8.9385e-03
   6.2000e+01   1.4717e-03   1.2876e-03   1.6177e-03   8.3483e-03
   6.3000e+01   1.3708e-03   1.2211e-03   1.5070e-03   7.8942e-03
   6.4000e+01   1.2956e-03   1.1757e-03   1.4353e-03   7.3861e-03
   6.5000e+01   1.2189e-03   1.1007e-03   1.3697e-03   6.9021e-03
   6.6000e+01   1.1518e-03   1.0474e-03   1.2796e-03   6.5316e-03
   6.7000e+01   1.0917e-03   1.0010e-03   1.2286e-03   6.1306e-03
   6.8000e+01   1.0454e-03   9.5261e-04   1.1453e-03   5.8382e-03
   6.9000e+01   9.7253e-04   9.0672e-04   1.0729e-03   5.5106e-03
   7.0000e+01   9.2552e-04   8.4885e-04   1.0499e-03   5.1448e-03
   7.1000e+01   8.6896e-04   8.1746e-04   9.6118e-04   4.8092e-03
   7.2000e+01   8.3390e-04   7.7367e-04   9.0485e-04   4.5147e-03
   7.3000e+01   7.8605e-04   7.3607e-04   8.6563e-04   4.2764e-03
   7.4000e+01   7.4473e-04   7.0330e-04   8.2947e-04   4.0612e-03
   7.5000e+01   6.9617e-04   6.6808e-04   7.7596e-04   3.7636e-03
   7.6000e+01   6.7052e-04   6.3630e-04   7.4258e-04   3.6092e-03
   7.7000e+01   6.4462e-04   6.0460e-04   7.0437e-04   3.3747e-03
   7.8000e+01   6.0366e-04   5.7872e-04   6.6380e-04   3.2409e-03
   7.9000e+01   5.7115e-04   5.4842e-04   6.2356e-04   3.0109e-03
   8.0000e+01   5.4420e-04   5.1694e-04   5.9324e-04   2.8918e-03
   8.1000e+01   5.1757e-04   5.0058e-04   5.7207e-04   2.6825e-03
   8.2000e+01   4.9152e-04   4.7300e-04   5.4541e-04   2.5552e-03
   8.3000e+01   4.6970e-04   4.5951e-04   5.1903e-04   2.4416e-03
   8.4000e+01   4.4175e-04   4.3511e-04   4.9213e-04   2.2595e-03
   8.5000e+01   4.2089e-04   4.1195e-04   4.7203e-04   2.1400e-03
   8.6000e+01   4.0216e-04   3.9358e-04   4.5108e-04   2.0313e-03
   8.7000e+01   3.7783e-04   3.7246e-04   4.2345e-04   1.9056e-03
   8.8000e+01   3.6622e-04   3.5655e-04   3.9947e-04   1.8171e-03
   8.9000e+01   3.4459e-04   3.4565e-04   3.8301e-04   1.7149e-03
   9.0000e+01   3.3360e-04   3.2625e-04   3.6450e-04   1.6196e-03
   9.1000e+01   3.1667e-04   3.1347e-04   3.4542e-04   1.5388e-03
   9.2000e+01   3.0182e-04   2.9909e-04   3.3402e-04   1.4463e-03
   9.3000e+01   2.8991e-04   2.8489e-04   3.1765e-04   1.3699e-03
   9.4000e+01   2.7348e-04   2.7165e-04   3.0079e-04   1.3145e-03
   9.5000e+01   2.6250e-04   2.5869e-04   2.8524e-04   1.2414e-03
   9.6000e+01   2.4694e-04   2.4873e-04   2.7451e-04   1.1613e-03
   9.7000e+01   2.3997e-04   2.3546e-04   2.6210e-04   1.1028e-03
   9.8000e+01   2.2618e-04   2.2317e-04   2.5186e-04   1.0381e-03
   9.9000e+01   2.1562e-04   2.1662e-04   2.3802e-04   1.0062e-03
   1.0000e+02   2.0825e-04   2.0630e-04   2.2570e-04   9.4225e-04
   1.0100e+02   1.9693e-04   1.9435e-04   2.1559e-04   8.9278e-04
   1.0200e+02   1.8596e-04   1.8869e-04   2.0767e-04   8.4972e-04
   1.0300e+02   1.7936e-04   1.7823e-04   2.0025e-04   8.0822e-04
   1.0400e+02   1.7077e-04   1.7397e-04   1.9104e-04   7.6176e-04
   1.0500e+02   1.6475e-04   1.6469e-04   1.8205e-04   7.1949e-04
   1.0600e+02   1.5642e-04   1.5849e-04   1.7392e-04   6.9536e-04
   1.0700e+02   1.4919e-04   1.5181e-04   1.6497e-04   6.6520e-04
   1.0800e+02   1.4255e-04   1.4488e-04   1.5962e-04   6.2749e-04
   1.0900e+02   1.3717e-04   1.4044e-04   1.5256e-04   5.9929e-04
   1.1000e+02   1.3096e-04   1.3450e-04   1.4603e-04   5.7043e-04
   1.1100e+02   1.2572e-04   1.2921e-04   1.4006e-04   5.3661e-04
   1.1200e+02   1.2022e-04   1.2323e-04   1.3336e-04   5.1710e-04
   1.1300e+02   1.1683e-04   1.1804e-04   1.2891e-04   4.8589e-04
   1.1400e+02   1.0953e-04   1.1371e-04   1.2234e-04   4.6616e-04
   1.1500e+02   1.0565e-04   1.0813e-04   1.2026e-04   4.4606e-04
   1.1600e+02   1.0158e-04   1.0423e-04   1.1382e-04   4.2446e-04
   1.1700e+02   9.7493e-05   9.9580e-05   1.0971e-04   4.0968e-04
   1.1800e+02   9.3571e-05   9.5113e-05   1.0601e-04   3.8414e-04
   1.1900e+02   8.9677e-05   9.1699e-05   1.0132e-04   3.6380e-04
   1.2000e+02   8.4746e-05   8.8591e-05   9.6732e-05   3.4896e-04
   1.2100e+02   8.2226e-05   8.4501e-05   9.3316e-05   3.2956e-04
   1.2200e+02   7.9582e-05   8.1361e-05   8.9874e-05   3.1499e-04
   1.2300e+02   7.5204e-05   7.7735e-05   8.5501e-05   3.0196e-04
   1.2400e+02   7.2796e-05   7.5466e-05   8.1394e-05   2.8870e-04
   1.2500e+02   6.9641e-05   7.2092e-05   7.8261e-05   2.7616e-04
   1.2600e+02   6.6859e-05   7.0346e-05   7.5541e-05   2.6566e-04
   1.2700e+02   6.4424e-05   6.6983e-05   7.3333e-05   2.5239e-04
   1.2800e+02   6.1798e-05   6.4008e-05   7.0641e-05   2.4019e-04
   1.2900e+02   5.9745e-05   6.1503e-05   6.7860e-05   2.2906e-04
   1.3000e+02   5.7298e-05   5.9491e-05   6.5029e-05   2.2131e-04
   1.3100e+02   5.5053e-05   5.6235e-05   6.2874e-05   2.1364e-04
   1.3200e+02   5.2342e-05   5.5263e-05   5.9991e-05   2.0658e-04
   1.3300e+02   5.0691e-05   5.3123e-05   5.7583e-05   1.9833e-04
   1.3400e+02   4.8460e-05   5.1067e-05   5.4937e-05   1.9011e-04
   1.3500e+02   4.6574e-05   4.9567e-05   5.3431e-05   1.8061e-04
   1.3600e+02   4.5474e-05   4.7985e-05   5.2486e-05   1.7509e-04
   1.3700e+02   4.3816e-05   4.5651e-05   4.9626e-05   1.6705e-04
   1.3800e+02   4.2160e-05   4.4420e-05   4.8829e-05   1.6023e-04
   1.3900e+02   4.0603e-05   4.2986e-05   4.6843e-05   1.5173e-04
   1.4000e+02   3.8807e-05   4.1221e-05   4.4894e-05   1.4733e-04
   1.4100e+02   3.7799e-05   3.9462e-05   4.3725e-05   1.4301e-04
   1.4200e+02   3.6629e-05   3.8987e-05   4.1971e-05   1.3788e-04
   1.4300e+02   3.5242e-05   3.7415e-05   4.0387e-05   1.3409e-04
   1.4400e+02   3.3944e-05   3.5970e-05   3.9201e-05   1.2893e-04
   1.4500e+02   3.2616e-05   3.4763e-05   3.8162e-05   1.2441e-04
   1.4600e+02   3.1558e-05   3.3464e-05   3.6935e-05   1.2277e-04
   1.4700e+02   3.0697e-05   3.2283e-05   3.5645e-05   1.1765e-04
   1.4800e+02   2.9530e-05   3.0994e-05   3.4192e-05   1.1374e-04
   1.4900e+02   2.8407e-05   3.0177e-05   3.3013e-05   1.1189e-04
   1.5000e+02   2.7611e-05   2.9247e-05   3.2365e-05   1.0842e-04
   1.5100e+02   2.6620e-05   2.8408e-05   3.0988e-05   1.0595e-04
   1.5200e+02   2.6024e-05   2.7328e-05   3.0384e-05   1.0257e-04
   1.5300e+02   2.5435e-05   2.6625e-05   2.9675e-05   1.0035e-04
   1.5400e+02   2.4341e-05   2.5797e-05   2.8410e-05   9.8545e-05
   1.5500e+02   2.3753e-05   2.5035e-05   2.7811e-05   9.6950e-05
   1.5600e+02   2.2882e-05   2.4303e-05   2.6926e-05   9.5928e-05
   1.5700e+02   2.2374e-05   2.3857e-05   2.6138e-05   9.3876e-05
   1.5800e+02   2.1778e-05   2.3074e-05   2.5504e-05   9.2405e-05
   1.5900e+02   2.1176e-05   2.2361e-05   2.4663e-05   9.0843e-05
   1.6000e+02   2.0750e-05   2.1945e-05   2.4084e-05   8.9049e-05
   1.6100e+02   1.9849e-05   2.1528e-05   2.3557e-05   8.7903e-05
   1.6200e+02   1.9595e-05   2.0801e-05   2.2625e-05   8.7774e-05
   1.6300e+02   1.9120e-05   2.0431e-05   2.2301e-05   8.8535e-05
   1.6400e+02   1.8797e-05   1.9866e-05   2.1730e-05   8.7360e-05
   1.6500e+02   1.8249e-05   1.9325e-05   2.1031e-05   8.8407e-05
   1.6600e+02   1.7886e-05   1.8793e-05   2.0445e-05   8.7562e-05
   1.6700e+02   1.7521e-05   1.8572e-05   2.0151e-05   8.7623e-05
   1.6800e+02   1.7162e-05   1.8043e-05   1.9835e-05   8.7755e-05
   1.6900e+02   1.6714e-05   1.7577e-05   1.9378e-05   8.8478e-05
   1.7000e+02   1.6655e-05   1.7471e-05   1.8893e-05   8.8762e-05
   1.7100e+02   1.6307e-05   1.7117e-05   1.8724e-05   8.9405e-05
   1.7200e+02   1.6002e-05   1.6985e-05   1.8241e-05   9.0682e-05
   1.7300e+02   1.5843e-05   1.6539e-05   1.7997e-05   9.2435e-05
   1.7400e+02   1.5527e-05   1.6448e-05   1.7999e-05   9.3174e-05
   1.7500e+02   1.5571e-05   1.6111e-05   1.7778e-05   9.5356e-05
   1.7600e+02   1.5362e-05   1.5937e-05   1.7600e-05   9.7240e-05
   1.7700e+02   1.5494e-05   1.5850e-05   1.7195e-05   9.9754e-05
   1.7800e+02   1.5225e-05   1.5517e-05   1.6942e-05   1.0207e-04
   1.7900e+02   1.5225e-05   1.5533e-05   1.6832e-05   1.0436e-04
   1.8000e+02   1.5290e-05   1.5601e-05   1.6756e-05   1.0761e-04
   1.8100e+02   1.5268e-05   1.5462e-05   1.6458e-05   1.1126e-04
   1.8200e+02   1.5546e-05   1.5544e-05   1.6631e-05   1.1364e-04
   1.8300e+02   1.5547e-05   1.5476e-05   1.6608e-05   1.1842e-04
   1.8400e+02   1.5742e-05   1.5528e-05   1.6599e-05   1.2352e-04
   1.8500e+02   1.5991e-05   1.5735e-05   1.6796e-05   1.2696e-04
   1.8600e+02   1.6310e-05   1.5859e-05   1.6703e-05   1.3157e-04
   1.8700e+02   1.6606e-05   1.6035e-05   1.6856e-05   1.3734e-04
   1.8800e+02   1.6972e-05   1.6074e-05   1.7116e-05   1.4531e-04
   1.8900e+02   1.7407e-05   1.6580e-05   1.7373e-05   1.5217e-04
   1.9000e+02   1.8255e-05   1.7292e-05   1.8086e-05   1.5960e-04
   1.9100e+02   2.0714e-05   1.9575e-05   2.0222e-05   1.6743e-04
