# The data in this file was extracted from a direct numerical
# simulation of fully developed plane turbulent channel
# flow. Particulars are listed below. Note that some of the statistical
# quantities provided in this data set should be zero due to
# (statistical) symmetries in the flow. These quantities are reported
# here none-the-less as an indicator of the quality of the statistics.
# more statistics from this data set are available at 
# http://www.tam.uiuc.edu/Faculty/Moser/channel 
#
# Authors: Moser, Kim & Mansour
# Reference: DNS of Turbulent Channel Flow up to Re_tau=590, 1999,
#            Physics of Fluids, vol 11, 943-945.
# Numerical Method: Kim, Moin & Moser, 1987, J. Fluid Mech. vol 177, 133-166 
# Re_tau = 587.19
# Normalization: U_tau, h 
# Description: Spanwise (z) One-dimensional spectra of velocity and pressure at indicated y-location 
# Filename: chan590/spectra/chan590.zspec.30 
# Date File Created: Feb 29, 2000 
#
#---End of Header---
# 
# nz = 384,  Re = 587.19,  y = 0.05047,  y+ =  29.64
#
#     k_z          E_uu         E_vv         E_ww         E_pp
#
   0.0000e+00   9.8501e-02   4.0673e-03   7.0708e-02   4.9722e-01
   2.0000e+00   3.0749e-01   8.2507e-03   1.5311e-01   7.5004e-01
   4.0000e+00   4.3930e-01   9.3286e-03   1.7656e-01   6.1601e-01
   6.0000e+00   4.0803e-01   1.1205e-02   1.6425e-01   5.0374e-01
   8.0000e+00   3.9596e-01   1.3038e-02   1.4678e-01   4.4833e-01
   1.0000e+01   3.4990e-01   1.4872e-02   1.2668e-01   3.9701e-01
   1.2000e+01   3.1721e-01   1.6788e-02   1.1324e-01   3.5997e-01
   1.4000e+01   3.1417e-01   1.9162e-02   9.7837e-02   3.3212e-01
   1.6000e+01   2.8340e-01   2.1087e-02   8.6901e-02   3.0149e-01
   1.8000e+01   2.6445e-01   2.2385e-02   7.7087e-02   2.7702e-01
   2.0000e+01   2.5024e-01   2.3168e-02   6.7202e-02   2.5048e-01
   2.2000e+01   2.2836e-01   2.4411e-02   5.8879e-02   2.2962e-01
   2.4000e+01   2.0409e-01   2.5278e-02   5.2848e-02   2.1023e-01
   2.6000e+01   1.8907e-01   2.5556e-02   4.7682e-02   1.9196e-01
   2.8000e+01   1.7106e-01   2.5630e-02   4.1950e-02   1.7229e-01
   3.0000e+01   1.5705e-01   2.5610e-02   3.7027e-02   1.5957e-01
   3.2000e+01   1.4044e-01   2.4696e-02   3.3094e-02   1.4532e-01
   3.4000e+01   1.3043e-01   2.4605e-02   2.9721e-02   1.3384e-01
   3.6000e+01   1.1600e-01   2.3682e-02   2.6115e-02   1.2147e-01
   3.8000e+01   1.0345e-01   2.2707e-02   2.3381e-02   1.1180e-01
   4.0000e+01   9.3181e-02   2.1599e-02   2.0669e-02   1.0224e-01
   4.2000e+01   8.7683e-02   2.1164e-02   1.8824e-02   9.3708e-02
   4.4000e+01   7.8780e-02   1.9902e-02   1.6748e-02   8.5269e-02
   4.6000e+01   7.0954e-02   1.8526e-02   1.4897e-02   7.8055e-02
   4.8000e+01   6.2919e-02   1.7446e-02   1.3226e-02   7.0957e-02
   5.0000e+01   5.7636e-02   1.6377e-02   1.1947e-02   6.5006e-02
   5.2000e+01   5.3057e-02   1.5248e-02   1.0631e-02   5.8317e-02
   5.4000e+01   4.8870e-02   1.4283e-02   9.7514e-03   5.3191e-02
   5.6000e+01   4.3146e-02   1.3390e-02   8.6725e-03   4.9194e-02
   5.8000e+01   3.9478e-02   1.2425e-02   7.7256e-03   4.4379e-02
   6.0000e+01   3.6933e-02   1.1705e-02   7.1489e-03   4.0842e-02
   6.2000e+01   3.3375e-02   1.0898e-02   6.3720e-03   3.7681e-02
   6.4000e+01   3.0505e-02   9.9016e-03   5.7155e-03   3.4450e-02
   6.6000e+01   2.7723e-02   9.2373e-03   5.0909e-03   3.1343e-02
   6.8000e+01   2.5325e-02   8.6187e-03   4.6017e-03   2.9086e-02
   7.0000e+01   2.3385e-02   8.1647e-03   4.1481e-03   2.6640e-02
   7.2000e+01   2.1861e-02   7.4725e-03   3.7632e-03   2.4135e-02
   7.4000e+01   1.9750e-02   6.8575e-03   3.4199e-03   2.2111e-02
   7.6000e+01   1.8573e-02   6.4483e-03   3.1271e-03   2.0309e-02
   7.8000e+01   1.7080e-02   6.0127e-03   2.8415e-03   1.8535e-02
   8.0000e+01   1.5797e-02   5.5508e-03   2.5721e-03   1.7174e-02
   8.2000e+01   1.4355e-02   5.1848e-03   2.3293e-03   1.5598e-02
   8.4000e+01   1.3125e-02   4.8161e-03   2.1648e-03   1.4478e-02
   8.6000e+01   1.2535e-02   4.5384e-03   1.9837e-03   1.3239e-02
   8.8000e+01   1.1545e-02   4.1472e-03   1.7836e-03   1.2092e-02
   9.0000e+01   1.0491e-02   3.8346e-03   1.6378e-03   1.1164e-02
   9.2000e+01   9.8386e-03   3.5717e-03   1.4931e-03   1.0113e-02
   9.4000e+01   9.4002e-03   3.3360e-03   1.3685e-03   9.2705e-03
   9.6000e+01   8.5778e-03   3.1407e-03   1.2623e-03   8.4986e-03
   9.8000e+01   7.9641e-03   2.9255e-03   1.1651e-03   7.8486e-03
   1.0000e+02   7.5618e-03   2.6913e-03   1.0558e-03   7.2291e-03
   1.0200e+02   6.9940e-03   2.5156e-03   9.6585e-04   6.7105e-03
   1.0400e+02   6.5281e-03   2.3377e-03   8.9145e-04   6.1138e-03
   1.0600e+02   6.1045e-03   2.1603e-03   8.2961e-04   5.6366e-03
   1.0800e+02   5.6961e-03   2.0053e-03   7.6289e-04   5.1549e-03
   1.1000e+02   5.3611e-03   1.9147e-03   7.0483e-04   4.7332e-03
   1.1200e+02   5.0131e-03   1.7405e-03   6.4305e-04   4.3457e-03
   1.1400e+02   4.6588e-03   1.6451e-03   5.9243e-04   4.0278e-03
   1.1600e+02   4.4128e-03   1.5228e-03   5.4903e-04   3.6830e-03
   1.1800e+02   4.1384e-03   1.4205e-03   5.0970e-04   3.4023e-03
   1.2000e+02   3.8727e-03   1.3397e-03   4.6798e-04   3.1669e-03
   1.2200e+02   3.6186e-03   1.2505e-03   4.3602e-04   2.8682e-03
   1.2400e+02   3.3840e-03   1.1762e-03   4.0158e-04   2.6305e-03
   1.2600e+02   3.2535e-03   1.0939e-03   3.7199e-04   2.4458e-03
   1.2800e+02   2.9857e-03   1.0266e-03   3.4267e-04   2.2775e-03
   1.3000e+02   2.8393e-03   9.4516e-04   3.1748e-04   2.1128e-03
   1.3200e+02   2.6237e-03   8.9109e-04   2.9249e-04   1.9198e-03
   1.3400e+02   2.5161e-03   8.3447e-04   2.7625e-04   1.7772e-03
   1.3600e+02   2.3743e-03   7.7827e-04   2.5914e-04   1.6270e-03
   1.3800e+02   2.2317e-03   7.3412e-04   2.4186e-04   1.5150e-03
   1.4000e+02   2.0986e-03   6.9111e-04   2.2290e-04   1.4010e-03
   1.4200e+02   1.9795e-03   6.4046e-04   2.0627e-04   1.2825e-03
   1.4400e+02   1.8990e-03   5.9969e-04   1.9106e-04   1.1768e-03
   1.4600e+02   1.8034e-03   5.6269e-04   1.7903e-04   1.0901e-03
   1.4800e+02   1.6902e-03   5.3176e-04   1.6851e-04   1.0167e-03
   1.5000e+02   1.5850e-03   4.9243e-04   1.5838e-04   9.4072e-04
   1.5200e+02   1.4986e-03   4.6617e-04   1.4582e-04   8.7049e-04
   1.5400e+02   1.4095e-03   4.3350e-04   1.3619e-04   7.9729e-04
   1.5600e+02   1.3421e-03   4.0390e-04   1.2710e-04   7.3107e-04
   1.5800e+02   1.2482e-03   3.8052e-04   1.1900e-04   6.8322e-04
   1.6000e+02   1.1907e-03   3.6225e-04   1.1047e-04   6.3931e-04
   1.6200e+02   1.1286e-03   3.3922e-04   1.0425e-04   5.9057e-04
   1.6400e+02   1.0755e-03   3.2085e-04   9.7342e-05   5.4995e-04
   1.6600e+02   1.0067e-03   2.9902e-04   9.0818e-05   5.1070e-04
   1.6800e+02   9.5786e-04   2.8065e-04   8.5480e-05   4.6917e-04
   1.7000e+02   9.0882e-04   2.6417e-04   8.0361e-05   4.4133e-04
   1.7200e+02   8.5141e-04   2.4804e-04   7.5835e-05   4.0819e-04
   1.7400e+02   8.1214e-04   2.3453e-04   7.0272e-05   3.8081e-04
   1.7600e+02   7.6678e-04   2.2182e-04   6.6284e-05   3.5517e-04
   1.7800e+02   7.2683e-04   2.0627e-04   6.2070e-05   3.3202e-04
   1.8000e+02   6.9121e-04   1.9392e-04   5.8584e-05   3.0475e-04
   1.8200e+02   6.4744e-04   1.8214e-04   5.4027e-05   2.8487e-04
   1.8400e+02   6.1523e-04   1.7279e-04   5.1180e-05   2.6677e-04
   1.8600e+02   5.8539e-04   1.6389e-04   4.8533e-05   2.4575e-04
   1.8800e+02   5.5301e-04   1.5436e-04   4.5306e-05   2.3391e-04
   1.9000e+02   5.3207e-04   1.4430e-04   4.2444e-05   2.1621e-04
   1.9200e+02   4.9662e-04   1.3564e-04   3.9666e-05   2.0066e-04
   1.9400e+02   4.7129e-04   1.2826e-04   3.7643e-05   1.8779e-04
   1.9600e+02   4.5236e-04   1.2054e-04   3.5273e-05   1.7638e-04
   1.9800e+02   4.2514e-04   1.1321e-04   3.3206e-05   1.6598e-04
   2.0000e+02   4.0691e-04   1.0640e-04   3.1292e-05   1.5304e-04
   2.0200e+02   3.8371e-04   1.0115e-04   2.9637e-05   1.4395e-04
   2.0400e+02   3.6250e-04   9.6084e-05   2.7753e-05   1.3551e-04
   2.0600e+02   3.4581e-04   9.0857e-05   2.6309e-05   1.2655e-04
   2.0800e+02   3.2839e-04   8.5362e-05   2.4669e-05   1.1911e-04
   2.1000e+02   3.1016e-04   8.0750e-05   2.3227e-05   1.1138e-04
   2.1200e+02   2.9569e-04   7.5843e-05   2.2038e-05   1.0438e-04
   2.1400e+02   2.8396e-04   7.2126e-05   2.0677e-05   9.8263e-05
   2.1600e+02   2.6545e-04   6.7540e-05   1.9628e-05   9.2757e-05
   2.1800e+02   2.5190e-04   6.4113e-05   1.8496e-05   8.6659e-05
   2.2000e+02   2.3937e-04   6.0646e-05   1.7507e-05   8.1765e-05
   2.2200e+02   2.2962e-04   5.7920e-05   1.6471e-05   7.7907e-05
   2.2400e+02   2.1637e-04   5.4699e-05   1.5546e-05   7.3308e-05
   2.2600e+02   2.0685e-04   5.1436e-05   1.4713e-05   6.9505e-05
   2.2800e+02   1.9701e-04   4.8500e-05   1.3972e-05   6.5589e-05
   2.3000e+02   1.8661e-04   4.5867e-05   1.3127e-05   6.1760e-05
   2.3200e+02   1.7713e-04   4.3447e-05   1.2504e-05   5.8748e-05
   2.3400e+02   1.6836e-04   4.1458e-05   1.1782e-05   5.5661e-05
   2.3600e+02   1.5786e-04   3.9069e-05   1.1111e-05   5.2879e-05
   2.3800e+02   1.5235e-04   3.6948e-05   1.0507e-05   4.9882e-05
   2.4000e+02   1.4582e-04   3.5139e-05   9.8799e-06   4.7760e-05
   2.4200e+02   1.3935e-04   3.3102e-05   9.4255e-06   4.5437e-05
   2.4400e+02   1.3208e-04   3.1672e-05   8.9197e-06   4.3256e-05
   2.4600e+02   1.2559e-04   2.9860e-05   8.4101e-06   4.1152e-05
   2.4800e+02   1.1909e-04   2.8506e-05   8.0059e-06   3.9620e-05
   2.5000e+02   1.1201e-04   2.6787e-05   7.5277e-06   3.8171e-05
   2.5200e+02   1.0808e-04   2.5552e-05   7.1367e-06   3.6252e-05
   2.5400e+02   1.0251e-04   2.4305e-05   6.8011e-06   3.4923e-05
   2.5600e+02   9.7947e-05   2.2672e-05   6.4128e-06   3.3848e-05
   2.5800e+02   9.3585e-05   2.1686e-05   6.0516e-06   3.2413e-05
   2.6000e+02   8.8411e-05   2.0482e-05   5.7863e-06   3.1243e-05
   2.6200e+02   8.4304e-05   1.9642e-05   5.4444e-06   3.0392e-05
   2.6400e+02   8.0454e-05   1.8556e-05   5.2087e-06   2.9194e-05
   2.6600e+02   7.5948e-05   1.7697e-05   4.9677e-06   2.8573e-05
   2.6800e+02   7.2594e-05   1.6673e-05   4.6571e-06   2.7674e-05
   2.7000e+02   6.9477e-05   1.5844e-05   4.4321e-06   2.6987e-05
   2.7200e+02   6.6923e-05   1.4930e-05   4.2211e-06   2.6389e-05
   2.7400e+02   6.3166e-05   1.4214e-05   3.9684e-06   2.5688e-05
   2.7600e+02   6.0321e-05   1.3801e-05   3.8082e-06   2.5359e-05
   2.7800e+02   5.7525e-05   1.2944e-05   3.6442e-06   2.4692e-05
   2.8000e+02   5.4718e-05   1.2344e-05   3.4220e-06   2.4340e-05
   2.8200e+02   5.2286e-05   1.1695e-05   3.2546e-06   2.4155e-05
   2.8400e+02   4.9795e-05   1.1250e-05   3.0904e-06   2.3889e-05
   2.8600e+02   4.7606e-05   1.0646e-05   2.9315e-06   2.3656e-05
   2.8800e+02   4.4805e-05   1.0018e-05   2.7806e-06   2.3562e-05
   2.9000e+02   4.2796e-05   9.5411e-06   2.6360e-06   2.3411e-05
   2.9200e+02   4.0999e-05   9.0945e-06   2.5110e-06   2.3365e-05
   2.9400e+02   3.9069e-05   8.6747e-06   2.4202e-06   2.3336e-05
   2.9600e+02   3.7077e-05   8.2145e-06   2.2790e-06   2.3413e-05
   2.9800e+02   3.5285e-05   7.8656e-06   2.1642e-06   2.3628e-05
   3.0000e+02   3.4376e-05   7.5022e-06   2.0591e-06   2.3793e-05
   3.0200e+02   3.2602e-05   7.1045e-06   1.9590e-06   2.4175e-05
   3.0400e+02   3.1248e-05   6.8484e-06   1.8674e-06   2.4468e-05
   3.0600e+02   2.9742e-05   6.4907e-06   1.7842e-06   2.5135e-05
   3.0800e+02   2.8335e-05   6.1659e-06   1.7074e-06   2.5509e-05
   3.1000e+02   2.7129e-05   5.9115e-06   1.6320e-06   2.5876e-05
   3.1200e+02   2.5938e-05   5.6804e-06   1.5504e-06   2.6433e-05
   3.1400e+02   2.5009e-05   5.4042e-06   1.4893e-06   2.7071e-05
   3.1600e+02   2.3822e-05   5.1875e-06   1.4199e-06   2.7867e-05
   3.1800e+02   2.2756e-05   4.9613e-06   1.3479e-06   2.8604e-05
   3.2000e+02   2.1692e-05   4.7443e-06   1.2851e-06   2.9454e-05
   3.2200e+02   2.0960e-05   4.5902e-06   1.2353e-06   3.0777e-05
   3.2400e+02   2.0344e-05   4.3749e-06   1.1936e-06   3.1820e-05
   3.2600e+02   1.9539e-05   4.2259e-06   1.1512e-06   3.2992e-05
   3.2800e+02   1.8573e-05   4.0343e-06   1.0966e-06   3.4252e-05
   3.3000e+02   1.7895e-05   3.9196e-06   1.0512e-06   3.5744e-05
   3.3200e+02   1.7337e-05   3.7475e-06   1.0098e-06   3.7240e-05
   3.3400e+02   1.6756e-05   3.6282e-06   9.8413e-07   3.8868e-05
   3.3600e+02   1.6251e-05   3.5220e-06   9.4127e-07   4.1052e-05
   3.3800e+02   1.5725e-05   3.4096e-06   9.1277e-07   4.3032e-05
   3.4000e+02   1.5242e-05   3.3228e-06   8.9803e-07   4.5238e-05
   3.4200e+02   1.4897e-05   3.2126e-06   8.6712e-07   4.7677e-05
   3.4400e+02   1.4580e-05   3.1474e-06   8.3980e-07   5.0682e-05
   3.4600e+02   1.4147e-05   3.0751e-06   8.1748e-07   5.2873e-05
   3.4800e+02   1.3799e-05   3.0055e-06   8.0178e-07   5.6506e-05
   3.5000e+02   1.3653e-05   2.9408e-06   7.8225e-07   5.9410e-05
   3.5200e+02   1.3518e-05   2.9117e-06   7.7483e-07   6.3361e-05
   3.5400e+02   1.3214e-05   2.8839e-06   7.5125e-07   6.6914e-05
   3.5600e+02   1.3151e-05   2.8509e-06   7.4369e-07   7.1622e-05
   3.5800e+02   1.3116e-05   2.8416e-06   7.3323e-07   7.5886e-05
   3.6000e+02   1.2998e-05   2.8439e-06   7.2187e-07   8.0765e-05
   3.6200e+02   1.2902e-05   2.8118e-06   7.2503e-07   8.6507e-05
   3.6400e+02   1.2892e-05   2.8400e-06   7.1698e-07   9.2092e-05
   3.6600e+02   1.3153e-05   2.8598e-06   7.1742e-07   9.7902e-05
   3.6800e+02   1.3156e-05   2.8409e-06   7.0673e-07   1.0573e-04
   3.7000e+02   1.3322e-05   2.8575e-06   7.0814e-07   1.1201e-04
   3.7200e+02   1.3336e-05   2.8677e-06   6.9316e-07   1.1986e-04
   3.7400e+02   1.3403e-05   2.8590e-06   6.9325e-07   1.2764e-04
   3.7600e+02   1.3565e-05   2.8352e-06   6.8005e-07   1.3460e-04
   3.7800e+02   1.3363e-05   2.8161e-06   6.6049e-07   1.4328e-04
   3.8000e+02   1.3002e-05   2.7496e-06   6.3234e-07   1.4980e-04
   3.8200e+02   1.2673e-05   2.6283e-06   6.0355e-07   1.5725e-04
