# The data in this file was extracted from a direct numerical
# simulation of fully developed plane turbulent channel
# flow. Particulars are listed below. Note that some of the statistical
# quantities provided in this data set should be zero due to
# (statistical) symmetries in the flow. These quantities are reported
# here none-the-less as an indicator of the quality of the statistics.
# more statistics from this data set are available at 
# http://www.tam.uiuc.edu/Faculty/Moser/channel 
#
# Authors: Moser, Kim & Mansour
# Reference: DNS of Turbulent Channel Flow up to Re_tau=590, 1999,
#            Physics of Fluids, vol 11, 943-945.
# Numerical Method: Kim, Moin & Moser, 1987, J. Fluid Mech. vol 177, 133-166 
# Re_tau = 587.19
# Normalization: U_tau, h 
# Description: Streamwise (x) One-dimensional spectra of velocity and pressure at indicated y-location 
# Filename: chan590/spectra/chan590.xspec.349 
# Date File Created: Feb 29, 2000 
#
#---End of Header---
# 
# nx = 384,  Re = 587.19,  y = 0.59476,  y+ = 349.24
#
#     k_x          E_uu         E_vv         E_ww         E_pp
#
   0.0000e+00   3.4600e-01   2.6595e-02   2.4778e-02   4.5641e-02
   1.0000e+00   3.0921e-01   4.9558e-02   8.1306e-02   1.4937e-01
   2.0000e+00   2.1991e-01   6.8049e-02   1.1246e-01   2.1435e-01
   3.0000e+00   1.3220e-01   5.2946e-02   7.6771e-02   1.7048e-01
   4.0000e+00   9.0212e-02   4.5248e-02   6.7260e-02   1.5166e-01
   5.0000e+00   5.9021e-02   4.1133e-02   5.4880e-02   1.2546e-01
   6.0000e+00   4.4851e-02   3.6700e-02   4.5953e-02   1.1113e-01
   7.0000e+00   3.4655e-02   3.1851e-02   4.0467e-02   9.0745e-02
   8.0000e+00   2.8884e-02   2.7340e-02   3.3386e-02   7.2972e-02
   9.0000e+00   2.2337e-02   2.4912e-02   2.9169e-02   6.3246e-02
   1.0000e+01   1.9731e-02   2.1587e-02   2.5831e-02   5.5602e-02
   1.1000e+01   1.6444e-02   1.9211e-02   2.2331e-02   4.7211e-02
   1.2000e+01   1.3703e-02   1.7158e-02   1.9694e-02   4.1982e-02
   1.3000e+01   1.1737e-02   1.5138e-02   1.7308e-02   3.3016e-02
   1.4000e+01   9.9080e-03   1.3553e-02   1.4813e-02   2.9756e-02
   1.5000e+01   8.4284e-03   1.1744e-02   1.3420e-02   2.6931e-02
   1.6000e+01   7.3374e-03   1.0758e-02   1.2390e-02   2.2786e-02
   1.7000e+01   6.3715e-03   9.6879e-03   1.0749e-02   1.9723e-02
   1.8000e+01   5.6604e-03   8.4185e-03   9.5107e-03   1.7121e-02
   1.9000e+01   4.9406e-03   7.7565e-03   8.4590e-03   1.5274e-02
   2.0000e+01   4.4018e-03   6.8693e-03   7.5977e-03   1.3549e-02
   2.1000e+01   3.9110e-03   6.5466e-03   7.2119e-03   1.2139e-02
   2.2000e+01   3.4470e-03   5.7821e-03   6.2177e-03   1.1098e-02
   2.3000e+01   3.0425e-03   5.3182e-03   5.6792e-03   9.7760e-03
   2.4000e+01   2.7665e-03   4.8335e-03   5.0060e-03   8.7133e-03
   2.5000e+01   2.3841e-03   4.3100e-03   4.4940e-03   7.4871e-03
   2.6000e+01   2.1768e-03   3.8829e-03   4.1647e-03   6.8278e-03
   2.7000e+01   1.9593e-03   3.6090e-03   3.7376e-03   6.2238e-03
   2.8000e+01   1.7674e-03   3.3472e-03   3.6218e-03   5.4289e-03
   2.9000e+01   1.5850e-03   2.9501e-03   3.2534e-03   5.0259e-03
   3.0000e+01   1.4373e-03   2.7519e-03   2.9445e-03   4.4443e-03
   3.1000e+01   1.3122e-03   2.5086e-03   2.5923e-03   3.9775e-03
   3.2000e+01   1.1516e-03   2.2509e-03   2.3386e-03   3.5613e-03
   3.3000e+01   1.0665e-03   2.0663e-03   2.2163e-03   3.2089e-03
   3.4000e+01   9.5140e-04   1.8879e-03   1.9915e-03   2.9320e-03
   3.5000e+01   8.6084e-04   1.7161e-03   1.8501e-03   2.6167e-03
   3.6000e+01   7.8559e-04   1.6001e-03   1.6794e-03   2.3656e-03
   3.7000e+01   7.1974e-04   1.4794e-03   1.5273e-03   2.1081e-03
   3.8000e+01   6.4751e-04   1.3254e-03   1.3777e-03   1.9045e-03
   3.9000e+01   5.9450e-04   1.2451e-03   1.2875e-03   1.7584e-03
   4.0000e+01   5.4216e-04   1.1289e-03   1.1927e-03   1.5983e-03
   4.1000e+01   5.0045e-04   1.0716e-03   1.0871e-03   1.4419e-03
   4.2000e+01   4.5877e-04   9.7810e-04   1.0052e-03   1.2967e-03
   4.3000e+01   4.1455e-04   8.8674e-04   9.4877e-04   1.1649e-03
   4.4000e+01   3.8013e-04   8.4653e-04   8.6693e-04   1.0505e-03
   4.5000e+01   3.4786e-04   7.5869e-04   7.9085e-04   9.6731e-04
   4.6000e+01   3.1929e-04   7.0406e-04   7.2081e-04   8.7882e-04
   4.7000e+01   2.9856e-04   6.5784e-04   6.6695e-04   7.9731e-04
   4.8000e+01   2.6963e-04   6.1417e-04   6.2912e-04   7.2348e-04
   4.9000e+01   2.4916e-04   5.6677e-04   5.6914e-04   6.5755e-04
   5.0000e+01   2.3340e-04   5.1968e-04   5.3596e-04   5.9249e-04
   5.1000e+01   2.1429e-04   4.8482e-04   4.9239e-04   5.6221e-04
   5.2000e+01   1.9551e-04   4.5774e-04   4.5654e-04   4.9696e-04
   5.3000e+01   1.8043e-04   4.2154e-04   4.2796e-04   4.5735e-04
   5.4000e+01   1.6432e-04   3.8832e-04   3.9900e-04   4.1325e-04
   5.5000e+01   1.5402e-04   3.5949e-04   3.6772e-04   3.7377e-04
   5.6000e+01   1.4160e-04   3.3624e-04   3.3811e-04   3.5356e-04
   5.7000e+01   1.2950e-04   3.1269e-04   3.1995e-04   3.2275e-04
   5.8000e+01   1.1999e-04   2.8560e-04   2.8857e-04   2.9685e-04
   5.9000e+01   1.1173e-04   2.6820e-04   2.7753e-04   2.7602e-04
   6.0000e+01   1.0354e-04   2.5205e-04   2.4946e-04   2.4920e-04
   6.1000e+01   9.6590e-05   2.3835e-04   2.3573e-04   2.3201e-04
   6.2000e+01   8.7751e-05   2.1788e-04   2.2265e-04   2.1064e-04
   6.3000e+01   8.3285e-05   2.0442e-04   2.0339e-04   1.9204e-04
   6.4000e+01   7.7003e-05   1.9209e-04   1.9270e-04   1.8084e-04
   6.5000e+01   7.1768e-05   1.7972e-04   1.7768e-04   1.6663e-04
   6.6000e+01   6.6479e-05   1.6508e-04   1.7048e-04   1.5562e-04
   6.7000e+01   6.1349e-05   1.5513e-04   1.5742e-04   1.3942e-04
   6.8000e+01   5.7682e-05   1.4441e-04   1.4564e-04   1.3016e-04
   6.9000e+01   5.2720e-05   1.3343e-04   1.3738e-04   1.2030e-04
   7.0000e+01   4.9556e-05   1.2860e-04   1.2627e-04   1.1124e-04
   7.1000e+01   4.5762e-05   1.1848e-04   1.2227e-04   1.0245e-04
   7.2000e+01   4.2549e-05   1.1270e-04   1.1351e-04   9.4588e-05
   7.3000e+01   4.0097e-05   1.0462e-04   1.0473e-04   8.7698e-05
   7.4000e+01   3.7050e-05   9.7788e-05   9.8859e-05   8.0086e-05
   7.5000e+01   3.5081e-05   9.0676e-05   9.2176e-05   7.3419e-05
   7.6000e+01   3.2179e-05   8.6947e-05   8.4248e-05   6.8374e-05
   7.7000e+01   3.0002e-05   7.8132e-05   8.0218e-05   6.3432e-05
   7.8000e+01   2.8560e-05   7.4667e-05   7.7624e-05   5.8122e-05
   7.9000e+01   2.6771e-05   7.0138e-05   7.0918e-05   5.3184e-05
   8.0000e+01   2.4938e-05   6.5560e-05   6.5689e-05   4.9441e-05
   8.1000e+01   2.2895e-05   6.2090e-05   6.3232e-05   4.5115e-05
   8.2000e+01   2.1748e-05   5.8393e-05   5.8317e-05   4.2654e-05
   8.3000e+01   1.9933e-05   5.5050e-05   5.4197e-05   3.9259e-05
   8.4000e+01   1.8821e-05   5.1775e-05   5.2060e-05   3.6252e-05
   8.5000e+01   1.7693e-05   4.8071e-05   4.9669e-05   3.3333e-05
   8.6000e+01   1.6761e-05   4.5320e-05   4.5871e-05   3.1087e-05
   8.7000e+01   1.5405e-05   4.2714e-05   4.4086e-05   2.8794e-05
   8.8000e+01   1.4435e-05   4.0041e-05   4.0276e-05   2.6965e-05
   8.9000e+01   1.3568e-05   3.7705e-05   3.8396e-05   2.4560e-05
   9.0000e+01   1.2719e-05   3.4890e-05   3.5807e-05   2.3009e-05
   9.1000e+01   1.1872e-05   3.3798e-05   3.3600e-05   2.1492e-05
   9.2000e+01   1.1110e-05   3.1745e-05   3.1655e-05   1.9918e-05
   9.3000e+01   1.0446e-05   2.9230e-05   2.9799e-05   1.8443e-05
   9.4000e+01   9.9424e-06   2.8193e-05   2.8521e-05   1.7134e-05
   9.5000e+01   9.1023e-06   2.6306e-05   2.5772e-05   1.6138e-05
   9.6000e+01   8.6830e-06   2.4610e-05   2.4852e-05   1.4785e-05
   9.7000e+01   8.0076e-06   2.3178e-05   2.3642e-05   1.3770e-05
   9.8000e+01   7.7308e-06   2.1490e-05   2.2334e-05   1.3003e-05
   9.9000e+01   7.0856e-06   2.0370e-05   2.0789e-05   1.2262e-05
   1.0000e+02   6.6503e-06   1.9402e-05   1.9663e-05   1.1415e-05
   1.0100e+02   6.3333e-06   1.8475e-05   1.9033e-05   1.0524e-05
   1.0200e+02   6.0179e-06   1.7287e-05   1.7532e-05   9.7892e-06
   1.0300e+02   5.5474e-06   1.6335e-05   1.6823e-05   9.1569e-06
   1.0400e+02   5.1885e-06   1.5144e-05   1.5319e-05   8.5972e-06
   1.0500e+02   4.9405e-06   1.4285e-05   1.4588e-05   8.0371e-06
   1.0600e+02   4.6711e-06   1.3723e-05   1.3911e-05   7.4104e-06
   1.0700e+02   4.3669e-06   1.2840e-05   1.2878e-05   6.9721e-06
   1.0800e+02   4.0928e-06   1.2027e-05   1.2241e-05   6.4813e-06
   1.0900e+02   3.8559e-06   1.1447e-05   1.1588e-05   6.1286e-06
   1.1000e+02   3.6807e-06   1.0794e-05   1.0991e-05   5.6942e-06
   1.1100e+02   3.3700e-06   1.0108e-05   1.0450e-05   5.2700e-06
   1.1200e+02   3.1796e-06   9.4847e-06   9.8562e-06   4.8619e-06
   1.1300e+02   3.0163e-06   9.0442e-06   9.1805e-06   4.5441e-06
   1.1400e+02   2.8273e-06   8.4487e-06   8.8275e-06   4.2833e-06
   1.1500e+02   2.6809e-06   8.1402e-06   8.2254e-06   4.0299e-06
   1.1600e+02   2.4771e-06   7.6075e-06   7.7674e-06   3.7117e-06
   1.1700e+02   2.3787e-06   7.3115e-06   7.4381e-06   3.5151e-06
   1.1800e+02   2.2413e-06   6.8086e-06   6.9343e-06   3.2656e-06
   1.1900e+02   2.1272e-06   6.3572e-06   6.5319e-06   3.0614e-06
   1.2000e+02   2.0035e-06   6.1873e-06   6.2401e-06   2.8917e-06
   1.2100e+02   1.8723e-06   5.6722e-06   5.9607e-06   2.6893e-06
   1.2200e+02   1.7666e-06   5.3399e-06   5.5106e-06   2.5125e-06
   1.2300e+02   1.6822e-06   5.1025e-06   5.3074e-06   2.3900e-06
   1.2400e+02   1.5709e-06   4.8686e-06   4.9549e-06   2.2831e-06
   1.2500e+02   1.4656e-06   4.6106e-06   4.6768e-06   2.1244e-06
   1.2600e+02   1.4037e-06   4.2994e-06   4.5328e-06   1.9968e-06
   1.2700e+02   1.3104e-06   4.0876e-06   4.2481e-06   1.8659e-06
   1.2800e+02   1.2300e-06   3.8839e-06   3.9879e-06   1.7583e-06
   1.2900e+02   1.1497e-06   3.6224e-06   3.7689e-06   1.6485e-06
   1.3000e+02   1.1082e-06   3.4748e-06   3.6119e-06   1.5703e-06
   1.3100e+02   1.0636e-06   3.3272e-06   3.4364e-06   1.4531e-06
   1.3200e+02   9.8080e-07   3.1067e-06   3.1879e-06   1.3771e-06
   1.3300e+02   9.2717e-07   2.9868e-06   3.0453e-06   1.3094e-06
   1.3400e+02   8.7571e-07   2.8200e-06   2.8611e-06   1.2312e-06
   1.3500e+02   8.4090e-07   2.6755e-06   2.7402e-06   1.1610e-06
   1.3600e+02   7.8967e-07   2.4951e-06   2.6007e-06   1.1107e-06
   1.3700e+02   7.5032e-07   2.3698e-06   2.4665e-06   1.0492e-06
   1.3800e+02   6.9999e-07   2.2440e-06   2.3315e-06   9.9645e-07
   1.3900e+02   6.6270e-07   2.1356e-06   2.1988e-06   9.5210e-07
   1.4000e+02   6.1994e-07   1.9995e-06   2.0621e-06   9.0155e-07
   1.4100e+02   5.9679e-07   1.8913e-06   1.9627e-06   8.3503e-07
   1.4200e+02   5.6654e-07   1.7941e-06   1.8909e-06   8.1671e-07
   1.4300e+02   5.3624e-07   1.7159e-06   1.8017e-06   7.8152e-07
   1.4400e+02   5.0070e-07   1.6339e-06   1.6686e-06   7.3779e-07
   1.4500e+02   4.7756e-07   1.5413e-06   1.6090e-06   7.1630e-07
   1.4600e+02   4.5325e-07   1.4725e-06   1.5170e-06   6.8730e-07
   1.4700e+02   4.2805e-07   1.3784e-06   1.4463e-06   6.5676e-07
   1.4800e+02   4.0597e-07   1.3150e-06   1.3602e-06   6.3701e-07
   1.4900e+02   3.8576e-07   1.2287e-06   1.2996e-06   6.1601e-07
   1.5000e+02   3.6550e-07   1.1675e-06   1.2404e-06   5.9269e-07
   1.5100e+02   3.4522e-07   1.1133e-06   1.1701e-06   5.8211e-07
   1.5200e+02   3.2379e-07   1.0539e-06   1.1107e-06   5.6096e-07
   1.5300e+02   3.0797e-07   1.0075e-06   1.0466e-06   5.3975e-07
   1.5400e+02   2.9661e-07   9.6969e-07   1.0025e-06   5.2672e-07
   1.5500e+02   2.7407e-07   9.2078e-07   9.4241e-07   5.1808e-07
   1.5600e+02   2.6149e-07   8.7726e-07   9.0009e-07   5.0553e-07
   1.5700e+02   2.4835e-07   8.3599e-07   8.6417e-07   5.0771e-07
   1.5800e+02   2.3566e-07   7.8465e-07   8.2276e-07   4.9844e-07
   1.5900e+02   2.2713e-07   7.5226e-07   7.7916e-07   4.8937e-07
   1.6000e+02   2.1525e-07   7.1337e-07   7.3569e-07   4.8848e-07
   1.6100e+02   2.0299e-07   6.7854e-07   6.9873e-07   4.8826e-07
   1.6200e+02   1.9628e-07   6.5439e-07   6.8209e-07   4.8040e-07
   1.6300e+02   1.8456e-07   6.2313e-07   6.4777e-07   4.8680e-07
   1.6400e+02   1.8031e-07   5.9591e-07   6.1900e-07   4.8944e-07
   1.6500e+02   1.6898e-07   5.6052e-07   5.9436e-07   4.9243e-07
   1.6600e+02   1.6393e-07   5.4209e-07   5.7085e-07   5.0615e-07
   1.6700e+02   1.5740e-07   5.2078e-07   5.4765e-07   5.0243e-07
   1.6800e+02   1.5002e-07   4.9768e-07   5.1969e-07   5.2266e-07
   1.6900e+02   1.4428e-07   4.8554e-07   5.0246e-07   5.2726e-07
   1.7000e+02   1.3783e-07   4.6774e-07   4.8388e-07   5.3481e-07
   1.7100e+02   1.3405e-07   4.5112e-07   4.6320e-07   5.4637e-07
   1.7200e+02   1.2665e-07   4.2891e-07   4.4425e-07   5.6435e-07
   1.7300e+02   1.2353e-07   4.1447e-07   4.3123e-07   5.8403e-07
   1.7400e+02   1.1911e-07   4.0646e-07   4.2313e-07   5.9927e-07
   1.7500e+02   1.1439e-07   3.9135e-07   4.0216e-07   6.2258e-07
   1.7600e+02   1.1138e-07   3.8110e-07   3.8787e-07   6.5014e-07
   1.7700e+02   1.0969e-07   3.7038e-07   3.7948e-07   6.8513e-07
   1.7800e+02   1.0818e-07   3.5744e-07   3.6916e-07   7.0314e-07
   1.7900e+02   1.0296e-07   3.5077e-07   3.6125e-07   7.3708e-07
   1.8000e+02   1.0276e-07   3.4770e-07   3.6027e-07   7.6371e-07
   1.8100e+02   1.0128e-07   3.4285e-07   3.5555e-07   7.9898e-07
   1.8200e+02   9.9575e-08   3.4238e-07   3.5862e-07   8.4896e-07
   1.8300e+02   9.8961e-08   3.3534e-07   3.5151e-07   8.8827e-07
   1.8400e+02   9.7099e-08   3.3076e-07   3.4141e-07   9.3354e-07
   1.8500e+02   9.7501e-08   3.3596e-07   3.5033e-07   9.9982e-07
   1.8600e+02   9.5955e-08   3.3275e-07   3.5334e-07   1.0636e-06
   1.8700e+02   9.7630e-08   3.4157e-07   3.5249e-07   1.1210e-06
   1.8800e+02   9.7808e-08   3.4917e-07   3.5929e-07   1.1607e-06
   1.8900e+02   9.7741e-08   3.6007e-07   3.7156e-07   1.2677e-06
   1.9000e+02   1.0373e-07   3.8528e-07   3.9118e-07   1.3657e-06
   1.9100e+02   1.0108e-07   3.8498e-07   3.9546e-07   1.4683e-06
