# The data in this file was extracted from a direct numerical
# simulation of fully developed plane turbulent channel
# flow. Particulars are listed below. Note that some of the statistical
# quantities provided in this data set should be zero due to
# (statistical) symmetries in the flow. These quantities are reported
# here none-the-less as an indicator of the quality of the statistics.
# more statistics from this data set are available at 
# http://www.tam.uiuc.edu/Faculty/Moser/channel 
#
# Authors: Moser, Kim & Mansour
# Reference: DNS of Turbulent Channel Flow up to Re_tau=590, 1999,
#            Physics of Fluids, vol 11, 943-945.
# Numerical Method: Kim, Moin & Moser, 1987, J. Fluid Mech. vol 177, 133-166 
# Re_tau = 587.19
# Normalization: U_tau, h 
# Description: Streamwise (x) One-dimensional spectra of velocity and pressure at indicated y-location 
# Filename: chan590/spectra/chan590.xspec.59 
# Date File Created: Feb 29, 2000 
#
#---End of Header---
# 
# nx = 384,  Re = 587.19,  y = 0.10133,  y+ =  59.50
#
#     k_x          E_uu         E_vv         E_ww         E_pp
#
   0.0000e+00   8.1364e-01   4.3684e-02   6.2292e-02   1.2059e-01
   1.0000e+00   6.9734e-01   7.8583e-02   1.4935e-01   3.4215e-01
   2.0000e+00   4.2565e-01   6.3193e-02   1.4152e-01   4.0766e-01
   3.0000e+00   3.0399e-01   5.6728e-02   1.2080e-01   3.6540e-01
   4.0000e+00   2.3102e-01   5.0609e-02   1.0422e-01   3.4520e-01
   5.0000e+00   1.9322e-01   4.7123e-02   1.0081e-01   3.4420e-01
   6.0000e+00   1.4349e-01   4.1168e-02   8.4303e-02   2.9881e-01
   7.0000e+00   1.2509e-01   4.0353e-02   7.6461e-02   2.9531e-01
   8.0000e+00   1.0474e-01   3.7620e-02   7.3346e-02   2.5394e-01
   9.0000e+00   9.1107e-02   3.5022e-02   6.5905e-02   2.4308e-01
   1.0000e+01   7.9125e-02   3.3294e-02   6.0160e-02   2.2427e-01
   1.1000e+01   6.7542e-02   3.0712e-02   5.5293e-02   2.0681e-01
   1.2000e+01   6.0307e-02   2.9087e-02   5.1215e-02   1.9437e-01
   1.3000e+01   5.2271e-02   2.6631e-02   4.6656e-02   1.7457e-01
   1.4000e+01   4.7068e-02   2.5447e-02   4.3223e-02   1.6672e-01
   1.5000e+01   4.1105e-02   2.3639e-02   3.9330e-02   1.5388e-01
   1.6000e+01   3.7093e-02   2.2317e-02   3.6817e-02   1.4799e-01
   1.7000e+01   3.3626e-02   2.1092e-02   3.4291e-02   1.4213e-01
   1.8000e+01   3.0406e-02   1.9536e-02   3.1496e-02   1.3349e-01
   1.9000e+01   2.6679e-02   1.8452e-02   2.9636e-02   1.2031e-01
   2.0000e+01   2.4735e-02   1.7018e-02   2.7588e-02   1.1329e-01
   2.1000e+01   2.2505e-02   1.6610e-02   2.5435e-02   1.0711e-01
   2.2000e+01   2.0123e-02   1.5336e-02   2.3205e-02   1.0132e-01
   2.3000e+01   1.8690e-02   1.4570e-02   2.1631e-02   9.5089e-02
   2.4000e+01   1.6816e-02   1.3582e-02   2.0353e-02   8.4981e-02
   2.5000e+01   1.5268e-02   1.2853e-02   1.8964e-02   8.1179e-02
   2.6000e+01   1.3995e-02   1.1885e-02   1.7210e-02   7.5046e-02
   2.7000e+01   1.2674e-02   1.1364e-02   1.6396e-02   7.2373e-02
   2.8000e+01   1.1942e-02   1.0747e-02   1.5508e-02   6.7732e-02
   2.9000e+01   1.0683e-02   9.9924e-03   1.4186e-02   6.3861e-02
   3.0000e+01   1.0040e-02   9.3556e-03   1.3513e-02   5.8191e-02
   3.1000e+01   9.2418e-03   8.9480e-03   1.2775e-02   5.3750e-02
   3.2000e+01   8.4788e-03   8.3218e-03   1.1499e-02   5.0662e-02
   3.3000e+01   7.9218e-03   7.8738e-03   1.0868e-02   4.8507e-02
   3.4000e+01   7.3656e-03   7.4778e-03   1.0136e-02   4.4543e-02
   3.5000e+01   6.7063e-03   7.0281e-03   9.5030e-03   4.2021e-02
   3.6000e+01   6.2903e-03   6.5947e-03   9.1300e-03   3.9768e-02
   3.7000e+01   5.7752e-03   6.1603e-03   8.4297e-03   3.7927e-02
   3.8000e+01   5.3794e-03   5.8237e-03   7.7317e-03   3.4610e-02
   3.9000e+01   4.9167e-03   5.4139e-03   7.2391e-03   3.2384e-02
   4.0000e+01   4.6498e-03   5.1200e-03   6.8364e-03   3.0788e-02
   4.1000e+01   4.3437e-03   4.8694e-03   6.4233e-03   2.8339e-02
   4.2000e+01   4.0010e-03   4.6004e-03   6.1575e-03   2.7026e-02
   4.3000e+01   3.7480e-03   4.3820e-03   5.5734e-03   2.4496e-02
   4.4000e+01   3.5267e-03   4.1096e-03   5.3172e-03   2.3360e-02
   4.5000e+01   3.2726e-03   3.8978e-03   4.8527e-03   2.2026e-02
   4.6000e+01   3.0501e-03   3.6690e-03   4.6537e-03   2.0672e-02
   4.7000e+01   2.8577e-03   3.4215e-03   4.3086e-03   1.8589e-02
   4.8000e+01   2.6854e-03   3.2624e-03   4.0453e-03   1.7731e-02
   4.9000e+01   2.5302e-03   3.0639e-03   3.8329e-03   1.6666e-02
   5.0000e+01   2.3896e-03   2.9272e-03   3.6922e-03   1.6288e-02
   5.1000e+01   2.2142e-03   2.7337e-03   3.3737e-03   1.4996e-02
   5.2000e+01   2.1102e-03   2.5822e-03   3.2142e-03   1.3831e-02
   5.3000e+01   1.9673e-03   2.4624e-03   3.0262e-03   1.3028e-02
   5.4000e+01   1.8467e-03   2.3084e-03   2.8376e-03   1.2055e-02
   5.5000e+01   1.7504e-03   2.1701e-03   2.7173e-03   1.1250e-02
   5.6000e+01   1.6390e-03   2.0450e-03   2.5508e-03   1.0687e-02
   5.7000e+01   1.5442e-03   1.9647e-03   2.3752e-03   9.8617e-03
   5.8000e+01   1.4641e-03   1.8864e-03   2.2914e-03   9.3852e-03
   5.9000e+01   1.3720e-03   1.7571e-03   2.1066e-03   8.7870e-03
   6.0000e+01   1.2761e-03   1.7033e-03   2.0182e-03   8.2393e-03
   6.1000e+01   1.2294e-03   1.5882e-03   1.9324e-03   7.8744e-03
   6.2000e+01   1.1529e-03   1.4965e-03   1.8080e-03   7.3259e-03
   6.3000e+01   1.0964e-03   1.4356e-03   1.6994e-03   6.8964e-03
   6.4000e+01   1.0364e-03   1.3713e-03   1.6223e-03   6.4700e-03
   6.5000e+01   9.6966e-04   1.3052e-03   1.5334e-03   6.1743e-03
   6.6000e+01   9.1087e-04   1.2209e-03   1.4565e-03   5.7405e-03
   6.7000e+01   8.6665e-04   1.1714e-03   1.3722e-03   5.4933e-03
   6.8000e+01   8.1750e-04   1.1207e-03   1.3193e-03   5.0571e-03
   6.9000e+01   7.7643e-04   1.0529e-03   1.2472e-03   4.9094e-03
   7.0000e+01   7.4107e-04   1.0117e-03   1.1758e-03   4.6172e-03
   7.1000e+01   6.9799e-04   9.5779e-04   1.1155e-03   4.2411e-03
   7.2000e+01   6.6591e-04   8.9886e-04   1.0525e-03   3.9651e-03
   7.3000e+01   6.3430e-04   8.5493e-04   9.9611e-04   3.7637e-03
   7.4000e+01   5.9068e-04   8.3295e-04   9.2795e-04   3.6120e-03
   7.5000e+01   5.6453e-04   7.7358e-04   9.0073e-04   3.3404e-03
   7.6000e+01   5.3924e-04   7.5169e-04   8.5355e-04   3.1861e-03
   7.7000e+01   5.0978e-04   7.1207e-04   8.1355e-04   2.9940e-03
   7.8000e+01   4.8215e-04   6.8034e-04   7.7703e-04   2.8993e-03
   7.9000e+01   4.5771e-04   6.3475e-04   7.3920e-04   2.6746e-03
   8.0000e+01   4.4147e-04   6.1497e-04   6.9425e-04   2.5490e-03
   8.1000e+01   4.1432e-04   5.8263e-04   6.6195e-04   2.4299e-03
   8.2000e+01   3.9272e-04   5.5421e-04   6.4140e-04   2.2833e-03
   8.3000e+01   3.7358e-04   5.3731e-04   5.9088e-04   2.1797e-03
   8.4000e+01   3.5433e-04   5.0397e-04   5.7642e-04   2.0179e-03
   8.5000e+01   3.3943e-04   4.7234e-04   5.4480e-04   1.9539e-03
   8.6000e+01   3.2321e-04   4.5604e-04   5.1779e-04   1.8169e-03
   8.7000e+01   3.0391e-04   4.4152e-04   4.9051e-04   1.7228e-03
   8.8000e+01   2.9026e-04   4.1487e-04   4.7238e-04   1.6161e-03
   8.9000e+01   2.7600e-04   3.9922e-04   4.5069e-04   1.5263e-03
   9.0000e+01   2.6406e-04   3.7907e-04   4.2997e-04   1.4482e-03
   9.1000e+01   2.5284e-04   3.6889e-04   4.1060e-04   1.3799e-03
   9.2000e+01   2.4026e-04   3.4830e-04   3.9004e-04   1.3157e-03
   9.3000e+01   2.2874e-04   3.3038e-04   3.7163e-04   1.2482e-03
   9.4000e+01   2.1842e-04   3.1529e-04   3.5797e-04   1.1746e-03
   9.5000e+01   2.0793e-04   3.0351e-04   3.3846e-04   1.1231e-03
   9.6000e+01   1.9661e-04   2.9065e-04   3.2539e-04   1.0528e-03
   9.7000e+01   1.9099e-04   2.7631e-04   3.1810e-04   1.0141e-03
   9.8000e+01   1.8181e-04   2.6627e-04   2.9602e-04   9.4395e-04
   9.9000e+01   1.7348e-04   2.5260e-04   2.8681e-04   9.0603e-04
   1.0000e+02   1.6712e-04   2.4467e-04   2.7310e-04   8.6507e-04
   1.0100e+02   1.5836e-04   2.2922e-04   2.6101e-04   8.1312e-04
   1.0200e+02   1.5049e-04   2.1993e-04   2.4799e-04   7.7254e-04
   1.0300e+02   1.4433e-04   2.1154e-04   2.3512e-04   7.3094e-04
   1.0400e+02   1.3839e-04   2.0243e-04   2.2740e-04   7.0098e-04
   1.0500e+02   1.3205e-04   1.9593e-04   2.2028e-04   6.6260e-04
   1.0600e+02   1.2507e-04   1.8618e-04   2.0718e-04   6.3172e-04
   1.0700e+02   1.1949e-04   1.7971e-04   1.9944e-04   5.9393e-04
   1.0800e+02   1.1573e-04   1.7201e-04   1.9089e-04   5.7206e-04
   1.0900e+02   1.1072e-04   1.6411e-04   1.8585e-04   5.5164e-04
   1.1000e+02   1.0605e-04   1.5803e-04   1.7616e-04   5.2095e-04
   1.1100e+02   1.0122e-04   1.5054e-04   1.6557e-04   4.8874e-04
   1.1200e+02   9.6603e-05   1.4453e-04   1.6244e-04   4.6179e-04
   1.1300e+02   9.2672e-05   1.3732e-04   1.5368e-04   4.4074e-04
   1.1400e+02   8.8770e-05   1.3261e-04   1.4801e-04   4.2120e-04
   1.1500e+02   8.4857e-05   1.2652e-04   1.4104e-04   4.0095e-04
   1.1600e+02   8.2117e-05   1.2207e-04   1.3607e-04   3.7664e-04
   1.1700e+02   7.8241e-05   1.1722e-04   1.3036e-04   3.6386e-04
   1.1800e+02   7.4599e-05   1.1357e-04   1.2559e-04   3.5288e-04
   1.1900e+02   7.1737e-05   1.0912e-04   1.2161e-04   3.3305e-04
   1.2000e+02   6.9092e-05   1.0405e-04   1.1625e-04   3.1477e-04
   1.2100e+02   6.6374e-05   1.0067e-04   1.1061e-04   3.0347e-04
   1.2200e+02   6.3678e-05   9.7016e-05   1.0613e-04   2.8729e-04
   1.2300e+02   6.0894e-05   9.2555e-05   1.0176e-04   2.7727e-04
   1.2400e+02   5.8439e-05   8.9080e-05   9.8812e-05   2.6594e-04
   1.2500e+02   5.6269e-05   8.5664e-05   9.5010e-05   2.5127e-04
   1.2600e+02   5.4022e-05   8.1252e-05   9.0658e-05   2.4073e-04
   1.2700e+02   5.2101e-05   7.8212e-05   8.7430e-05   2.2980e-04
   1.2800e+02   4.9922e-05   7.5796e-05   8.4589e-05   2.1863e-04
   1.2900e+02   4.8002e-05   7.2486e-05   8.0591e-05   2.1049e-04
   1.3000e+02   4.6248e-05   6.9489e-05   7.7386e-05   2.0201e-04
   1.3100e+02   4.4461e-05   6.7690e-05   7.5056e-05   1.9106e-04
   1.3200e+02   4.2633e-05   6.4909e-05   7.2188e-05   1.8399e-04
   1.3300e+02   4.0653e-05   6.2337e-05   6.9318e-05   1.7932e-04
   1.3400e+02   3.9680e-05   6.0436e-05   6.7576e-05   1.7165e-04
   1.3500e+02   3.7799e-05   5.8560e-05   6.4887e-05   1.6359e-04
   1.3600e+02   3.6252e-05   5.7094e-05   6.1948e-05   1.5598e-04
   1.3700e+02   3.4965e-05   5.3977e-05   5.9492e-05   1.4997e-04
   1.3800e+02   3.4189e-05   5.1881e-05   5.8399e-05   1.4719e-04
   1.3900e+02   3.2905e-05   5.0736e-05   5.6226e-05   1.4010e-04
   1.4000e+02   3.1742e-05   4.8515e-05   5.2471e-05   1.3604e-04
   1.4100e+02   3.0730e-05   4.6911e-05   5.1290e-05   1.3155e-04
   1.4200e+02   2.9354e-05   4.6127e-05   4.9682e-05   1.2556e-04
   1.4300e+02   2.8303e-05   4.3496e-05   4.8179e-05   1.2052e-04
   1.4400e+02   2.7617e-05   4.2697e-05   4.6735e-05   1.1698e-04
   1.4500e+02   2.6485e-05   4.1476e-05   4.5876e-05   1.1236e-04
   1.4600e+02   2.5368e-05   3.9529e-05   4.3573e-05   1.0919e-04
   1.4700e+02   2.4752e-05   3.8189e-05   4.2660e-05   1.0471e-04
   1.4800e+02   2.3910e-05   3.6946e-05   4.0625e-05   1.0203e-04
   1.4900e+02   2.3335e-05   3.5995e-05   3.9686e-05   1.0000e-04
   1.5000e+02   2.2341e-05   3.4646e-05   3.8307e-05   9.6469e-05
   1.5100e+02   2.1604e-05   3.3899e-05   3.7493e-05   9.4421e-05
   1.5200e+02   2.1031e-05   3.2929e-05   3.5856e-05   9.2831e-05
   1.5300e+02   2.0278e-05   3.1588e-05   3.5163e-05   8.9920e-05
   1.5400e+02   1.9786e-05   3.0571e-05   3.4329e-05   8.7984e-05
   1.5500e+02   1.9017e-05   2.9290e-05   3.2859e-05   8.6043e-05
   1.5600e+02   1.8521e-05   2.9146e-05   3.1805e-05   8.3825e-05
   1.5700e+02   1.7991e-05   2.8311e-05   3.0978e-05   8.1980e-05
   1.5800e+02   1.7711e-05   2.7681e-05   2.9855e-05   8.1590e-05
   1.5900e+02   1.7065e-05   2.6791e-05   2.9236e-05   8.0739e-05
   1.6000e+02   1.6632e-05   2.6222e-05   2.8603e-05   7.9873e-05
   1.6100e+02   1.6017e-05   2.5449e-05   2.7700e-05   7.8238e-05
   1.6200e+02   1.5798e-05   2.4477e-05   2.7104e-05   7.8016e-05
   1.6300e+02   1.5308e-05   2.3808e-05   2.6534e-05   7.6521e-05
   1.6400e+02   1.4804e-05   2.3306e-05   2.5389e-05   7.6884e-05
   1.6500e+02   1.4707e-05   2.2719e-05   2.5021e-05   7.5078e-05
   1.6600e+02   1.4344e-05   2.2469e-05   2.4495e-05   7.6240e-05
   1.6700e+02   1.4100e-05   2.1672e-05   2.4169e-05   7.6043e-05
   1.6800e+02   1.3863e-05   2.1317e-05   2.3175e-05   7.6904e-05
   1.6900e+02   1.3481e-05   2.0964e-05   2.2831e-05   7.6964e-05
   1.7000e+02   1.3307e-05   2.0534e-05   2.2494e-05   7.7678e-05
   1.7100e+02   1.3058e-05   2.0106e-05   2.1969e-05   7.7569e-05
   1.7200e+02   1.2878e-05   1.9803e-05   2.1695e-05   7.8205e-05
   1.7300e+02   1.2846e-05   1.9679e-05   2.1424e-05   7.9956e-05
   1.7400e+02   1.2539e-05   1.9137e-05   2.0979e-05   8.0959e-05
   1.7500e+02   1.2359e-05   1.8839e-05   2.0659e-05   8.1121e-05
   1.7600e+02   1.2357e-05   1.8783e-05   2.0294e-05   8.3403e-05
   1.7700e+02   1.2107e-05   1.8280e-05   2.0225e-05   8.4161e-05
   1.7800e+02   1.2002e-05   1.8110e-05   1.9856e-05   8.6529e-05
   1.7900e+02   1.2020e-05   1.8321e-05   1.9884e-05   8.9002e-05
   1.8000e+02   1.2040e-05   1.8068e-05   1.9817e-05   9.1195e-05
   1.8100e+02   1.2042e-05   1.8059e-05   1.9699e-05   9.3382e-05
   1.8200e+02   1.1893e-05   1.8169e-05   1.9460e-05   9.6377e-05
   1.8300e+02   1.1991e-05   1.8079e-05   1.9421e-05   9.9165e-05
   1.8400e+02   1.2037e-05   1.8033e-05   1.9335e-05   1.0219e-04
   1.8500e+02   1.2253e-05   1.8356e-05   1.9623e-05   1.0561e-04
   1.8600e+02   1.2342e-05   1.8404e-05   1.9464e-05   1.0923e-04
   1.8700e+02   1.2364e-05   1.8670e-05   1.9578e-05   1.1481e-04
   1.8800e+02   1.2624e-05   1.8772e-05   1.9854e-05   1.1909e-04
   1.8900e+02   1.2982e-05   1.9337e-05   2.0083e-05   1.2369e-04
   1.9000e+02   1.3392e-05   1.9607e-05   2.0732e-05   1.3012e-04
   1.9100e+02   1.4598e-05   2.1826e-05   2.3013e-05   1.3658e-04
