# The data in this file was extracted from a direct numerical
# simulation of fully developed plane turbulent channel
# flow. Particulars are listed below. Note that some of the statistical
# quantities provided in this data set should be zero due to
# (statistical) symmetries in the flow. These quantities are reported
# here none-the-less as an indicator of the quality of the statistics.
# more statistics from this data set are available at 
# http://www.tam.uiuc.edu/Faculty/Moser/channel 
#
# Authors: Moser, Kim & Mansour
# Reference: DNS of Turbulent Channel Flow up to Re_tau=590, 1999,
#            Physics of Fluids, vol 11, 943-945.
# Numerical Method: Kim, Moin & Moser, 1987, J. Fluid Mech. vol 177, 133-166 
# Re_tau = 587.19
# Normalization: U_tau, h 
# Description: Spanwise (z) One-dimensional spectra of velocity and pressure at indicated y-location 
# Filename: chan590/spectra/chan590.zspec.198 
# Date File Created: Feb 29, 2000 
#
#---End of Header---
# 
# nz = 384,  Re = 587.19,  y = 0.33758,  y+ = 198.23
#
#     k_z          E_uu         E_vv         E_ww         E_pp
#
   0.0000e+00   8.1251e-02   3.8831e-02   9.9930e-02   4.5497e-01
   2.0000e+00   3.5215e-01   8.1642e-02   2.6923e-01   6.5065e-01
   4.0000e+00   6.7734e-01   1.0226e-01   2.2297e-01   4.9381e-01
   6.0000e+00   3.6115e-01   9.6101e-02   1.5485e-01   3.4895e-01
   8.0000e+00   2.2524e-01   8.7623e-02   1.1600e-01   2.5619e-01
   1.0000e+01   1.5174e-01   7.1038e-02   8.5506e-02   1.8639e-01
   1.2000e+01   1.0998e-01   6.0538e-02   6.3606e-02   1.4409e-01
   1.4000e+01   7.6908e-02   4.9749e-02   4.7369e-02   1.1306e-01
   1.6000e+01   6.3594e-02   4.3221e-02   3.5284e-02   9.0335e-02
   1.8000e+01   4.7674e-02   3.5555e-02   2.8275e-02   7.0222e-02
   2.0000e+01   3.8832e-02   3.0309e-02   2.2676e-02   5.8702e-02
   2.2000e+01   3.0861e-02   2.5987e-02   1.8304e-02   4.7798e-02
   2.4000e+01   2.5894e-02   2.2146e-02   1.4538e-02   3.9296e-02
   2.6000e+01   2.1261e-02   1.9121e-02   1.1832e-02   3.2873e-02
   2.8000e+01   1.7600e-02   1.6371e-02   9.7617e-03   2.7510e-02
   3.0000e+01   1.4739e-02   1.4314e-02   8.0179e-03   2.2709e-02
   3.2000e+01   1.2741e-02   1.2361e-02   6.6596e-03   1.8911e-02
   3.4000e+01   1.0695e-02   1.0727e-02   5.6214e-03   1.6045e-02
   3.6000e+01   9.2044e-03   9.2969e-03   4.7007e-03   1.3467e-02
   3.8000e+01   8.1009e-03   8.2762e-03   3.9561e-03   1.1706e-02
   4.0000e+01   6.8898e-03   7.0409e-03   3.3313e-03   9.8573e-03
   4.2000e+01   5.9316e-03   6.1787e-03   2.8224e-03   8.4999e-03
   4.4000e+01   5.1282e-03   5.2857e-03   2.3915e-03   7.1408e-03
   4.6000e+01   4.4121e-03   4.7529e-03   2.0571e-03   6.2440e-03
   4.8000e+01   3.9260e-03   4.1895e-03   1.7774e-03   5.2493e-03
   5.0000e+01   3.4539e-03   3.6785e-03   1.5573e-03   4.6016e-03
   5.2000e+01   3.0012e-03   3.1860e-03   1.3066e-03   3.9352e-03
   5.4000e+01   2.6955e-03   2.8214e-03   1.1540e-03   3.4076e-03
   5.6000e+01   2.3861e-03   2.4961e-03   1.0038e-03   2.9610e-03
   5.8000e+01   2.0733e-03   2.2376e-03   8.6712e-04   2.5626e-03
   6.0000e+01   1.8545e-03   1.9599e-03   7.5780e-04   2.2235e-03
   6.2000e+01   1.6357e-03   1.7673e-03   6.5712e-04   1.9072e-03
   6.4000e+01   1.4743e-03   1.5528e-03   5.7917e-04   1.6790e-03
   6.6000e+01   1.2995e-03   1.3775e-03   5.1473e-04   1.4560e-03
   6.8000e+01   1.1565e-03   1.2318e-03   4.4939e-04   1.2463e-03
   7.0000e+01   1.0351e-03   1.0812e-03   3.9557e-04   1.0981e-03
   7.2000e+01   9.2907e-04   9.6503e-04   3.5053e-04   9.7007e-04
   7.4000e+01   8.2865e-04   8.6483e-04   3.0518e-04   8.3115e-04
   7.6000e+01   7.4729e-04   7.8404e-04   2.7205e-04   7.3901e-04
   7.8000e+01   6.8116e-04   7.1285e-04   2.4063e-04   6.4588e-04
   8.0000e+01   5.9825e-04   6.3494e-04   2.1243e-04   5.6854e-04
   8.2000e+01   5.5182e-04   5.6474e-04   1.9173e-04   5.0144e-04
   8.4000e+01   4.8766e-04   5.0839e-04   1.6947e-04   4.4090e-04
   8.6000e+01   4.4330e-04   4.5825e-04   1.4991e-04   3.8741e-04
   8.8000e+01   4.0064e-04   4.1662e-04   1.3307e-04   3.3731e-04
   9.0000e+01   3.6191e-04   3.6859e-04   1.1906e-04   3.0040e-04
   9.2000e+01   3.2575e-04   3.3554e-04   1.0586e-04   2.6770e-04
   9.4000e+01   2.9943e-04   3.0574e-04   9.6139e-05   2.3704e-04
   9.6000e+01   2.7209e-04   2.7776e-04   8.5875e-05   2.0736e-04
   9.8000e+01   2.4439e-04   2.5086e-04   7.6980e-05   1.8558e-04
   1.0000e+02   2.2452e-04   2.2522e-04   6.9305e-05   1.6179e-04
   1.0200e+02   2.0317e-04   2.0267e-04   6.2461e-05   1.4696e-04
   1.0400e+02   1.8619e-04   1.8676e-04   5.5640e-05   1.2781e-04
   1.0600e+02   1.6493e-04   1.6780e-04   5.0641e-05   1.1426e-04
   1.0800e+02   1.5178e-04   1.5263e-04   4.5437e-05   1.0223e-04
   1.1000e+02   1.4011e-04   1.3765e-04   4.1114e-05   9.0622e-05
   1.1200e+02   1.2637e-04   1.2679e-04   3.6945e-05   7.9828e-05
   1.1400e+02   1.1546e-04   1.1258e-04   3.3204e-05   7.1388e-05
   1.1600e+02   1.0496e-04   1.0365e-04   2.9962e-05   6.3694e-05
   1.1800e+02   9.7963e-05   9.5171e-05   2.7571e-05   5.7138e-05
   1.2000e+02   8.8975e-05   8.5994e-05   2.4699e-05   5.0962e-05
   1.2200e+02   7.9771e-05   7.8973e-05   2.2457e-05   4.6173e-05
   1.2400e+02   7.4357e-05   7.1461e-05   2.0499e-05   4.1361e-05
   1.2600e+02   6.7843e-05   6.6186e-05   1.8599e-05   3.6767e-05
   1.2800e+02   6.1961e-05   6.0447e-05   1.6719e-05   3.3331e-05
   1.3000e+02   5.6190e-05   5.5205e-05   1.5244e-05   2.9951e-05
   1.3200e+02   5.1917e-05   5.0685e-05   1.3841e-05   2.6807e-05
   1.3400e+02   4.7946e-05   4.6265e-05   1.2576e-05   2.4353e-05
   1.3600e+02   4.3790e-05   4.2516e-05   1.1334e-05   2.1903e-05
   1.3800e+02   4.0350e-05   3.8969e-05   1.0447e-05   1.9666e-05
   1.4000e+02   3.7474e-05   3.5488e-05   9.5028e-06   1.7800e-05
   1.4200e+02   3.4147e-05   3.2957e-05   8.6675e-06   1.5897e-05
   1.4400e+02   3.1709e-05   3.0091e-05   7.8537e-06   1.4304e-05
   1.4600e+02   2.8986e-05   2.7606e-05   7.1653e-06   1.3180e-05
   1.4800e+02   2.6881e-05   2.5286e-05   6.5695e-06   1.1919e-05
   1.5000e+02   2.4656e-05   2.3490e-05   6.0024e-06   1.0771e-05
   1.5200e+02   2.2552e-05   2.1338e-05   5.5287e-06   9.9097e-06
   1.5400e+02   2.1034e-05   1.9708e-05   5.0067e-06   8.8318e-06
   1.5600e+02   1.9231e-05   1.8162e-05   4.5631e-06   8.0912e-06
   1.5800e+02   1.8086e-05   1.6724e-05   4.2325e-06   7.3538e-06
   1.6000e+02   1.6357e-05   1.5485e-05   3.8250e-06   6.7310e-06
   1.6200e+02   1.5405e-05   1.4157e-05   3.5458e-06   6.0813e-06
   1.6400e+02   1.4109e-05   1.2965e-05   3.2335e-06   5.6136e-06
   1.6600e+02   1.2907e-05   1.2014e-05   2.9741e-06   5.1336e-06
   1.6800e+02   1.2073e-05   1.1054e-05   2.7290e-06   4.6969e-06
   1.7000e+02   1.1015e-05   1.0295e-05   2.4749e-06   4.3018e-06
   1.7200e+02   1.0197e-05   9.5201e-06   2.2911e-06   3.9361e-06
   1.7400e+02   9.4357e-06   8.7188e-06   2.1022e-06   3.5896e-06
   1.7600e+02   8.8174e-06   8.0430e-06   1.9373e-06   3.3195e-06
   1.7800e+02   8.1742e-06   7.5524e-06   1.7718e-06   3.0553e-06
   1.8000e+02   7.5334e-06   6.9016e-06   1.6254e-06   2.8311e-06
   1.8200e+02   6.9895e-06   6.4239e-06   1.4964e-06   2.6105e-06
   1.8400e+02   6.4702e-06   5.9092e-06   1.3862e-06   2.3763e-06
   1.8600e+02   5.9817e-06   5.3930e-06   1.2667e-06   2.2368e-06
   1.8800e+02   5.6028e-06   5.0522e-06   1.1646e-06   2.0434e-06
   1.9000e+02   5.1874e-06   4.6795e-06   1.0729e-06   1.9037e-06
   1.9200e+02   4.8470e-06   4.2931e-06   9.9177e-07   1.7438e-06
   1.9400e+02   4.4488e-06   4.0061e-06   9.1585e-07   1.6128e-06
   1.9600e+02   4.1282e-06   3.7443e-06   8.3451e-07   1.4891e-06
   1.9800e+02   3.8604e-06   3.4417e-06   7.7452e-07   1.3919e-06
   2.0000e+02   3.6015e-06   3.1800e-06   7.0901e-07   1.2923e-06
   2.0200e+02   3.3329e-06   2.9498e-06   6.5513e-07   1.1999e-06
   2.0400e+02   3.0820e-06   2.7384e-06   6.0952e-07   1.1163e-06
   2.0600e+02   2.8238e-06   2.5416e-06   5.5908e-07   1.0374e-06
   2.0800e+02   2.6516e-06   2.3553e-06   5.1934e-07   9.7431e-07
   2.1000e+02   2.4618e-06   2.1958e-06   4.7577e-07   8.9937e-07
   2.1200e+02   2.2957e-06   2.0165e-06   4.4037e-07   8.4164e-07
   2.1400e+02   2.1357e-06   1.8917e-06   4.0508e-07   7.9589e-07
   2.1600e+02   1.9658e-06   1.7601e-06   3.7664e-07   7.4151e-07
   2.1800e+02   1.8730e-06   1.6277e-06   3.4886e-07   6.9401e-07
   2.2000e+02   1.7282e-06   1.5285e-06   3.2351e-07   6.4620e-07
   2.2200e+02   1.6151e-06   1.4046e-06   3.0026e-07   6.0828e-07
   2.2400e+02   1.4804e-06   1.3204e-06   2.7626e-07   5.7245e-07
   2.2600e+02   1.3906e-06   1.2216e-06   2.5633e-07   5.3293e-07
   2.2800e+02   1.3038e-06   1.1301e-06   2.3560e-07   4.9854e-07
   2.3000e+02   1.2108e-06   1.0484e-06   2.1798e-07   4.7014e-07
   2.3200e+02   1.1330e-06   9.9058e-07   2.0241e-07   4.4238e-07
   2.3400e+02   1.0495e-06   9.2030e-07   1.8669e-07   4.1847e-07
   2.3600e+02   9.8309e-07   8.5148e-07   1.7327e-07   3.9048e-07
   2.3800e+02   9.1734e-07   7.8916e-07   1.6140e-07   3.6803e-07
   2.4000e+02   8.5982e-07   7.3538e-07   1.4931e-07   3.4922e-07
   2.4200e+02   8.0039e-07   6.8948e-07   1.3812e-07   3.2511e-07
   2.4400e+02   7.4456e-07   6.4308e-07   1.2789e-07   3.0656e-07
   2.4600e+02   6.8936e-07   6.0071e-07   1.1813e-07   2.9269e-07
   2.4800e+02   6.5015e-07   5.5566e-07   1.1093e-07   2.7473e-07
   2.5000e+02   6.0079e-07   5.2212e-07   1.0178e-07   2.6014e-07
   2.5200e+02   5.7083e-07   4.8549e-07   9.5191e-08   2.4485e-07
   2.5400e+02   5.2916e-07   4.5166e-07   8.7943e-08   2.3345e-07
   2.5600e+02   4.9884e-07   4.2247e-07   8.1505e-08   2.1989e-07
   2.5800e+02   4.5963e-07   3.9644e-07   7.5469e-08   2.0838e-07
   2.6000e+02   4.3509e-07   3.6658e-07   7.0824e-08   1.9990e-07
   2.6200e+02   4.0426e-07   3.3922e-07   6.5397e-08   1.8837e-07
   2.6400e+02   3.7774e-07   3.2158e-07   6.0983e-08   1.7974e-07
   2.6600e+02   3.5483e-07   2.9886e-07   5.6637e-08   1.6914e-07
   2.6800e+02   3.2832e-07   2.7974e-07   5.2398e-08   1.6182e-07
   2.7000e+02   3.0651e-07   2.6186e-07   4.8551e-08   1.5421e-07
   2.7200e+02   2.9002e-07   2.4406e-07   4.5564e-08   1.4575e-07
   2.7400e+02   2.6733e-07   2.2726e-07   4.2048e-08   1.4031e-07
   2.7600e+02   2.5183e-07   2.1344e-07   3.9527e-08   1.3317e-07
   2.7800e+02   2.3677e-07   1.9869e-07   3.6582e-08   1.2676e-07
   2.8000e+02   2.1879e-07   1.8472e-07   3.4190e-08   1.2072e-07
   2.8200e+02   2.0582e-07   1.7342e-07   3.1544e-08   1.1579e-07
   2.8400e+02   1.9254e-07   1.6219e-07   2.9374e-08   1.0947e-07
   2.8600e+02   1.8040e-07   1.5115e-07   2.7567e-08   1.0475e-07
   2.8800e+02   1.7003e-07   1.4169e-07   2.5792e-08   1.0080e-07
   2.9000e+02   1.5886e-07   1.3343e-07   2.3724e-08   9.6186e-08
   2.9200e+02   1.4862e-07   1.2318e-07   2.2156e-08   9.1627e-08
   2.9400e+02   1.3940e-07   1.1628e-07   2.0664e-08   8.7907e-08
   2.9600e+02   1.3193e-07   1.0874e-07   1.9336e-08   8.5021e-08
   2.9800e+02   1.2164e-07   1.0164e-07   1.8011e-08   8.1317e-08
   3.0000e+02   1.1500e-07   9.5433e-08   1.6740e-08   7.7787e-08
   3.0200e+02   1.0843e-07   8.8911e-08   1.5648e-08   7.6020e-08
   3.0400e+02   1.0115e-07   8.2863e-08   1.4518e-08   7.3271e-08
   3.0600e+02   9.3892e-08   7.7749e-08   1.3482e-08   7.0785e-08
   3.0800e+02   8.8849e-08   7.3508e-08   1.2564e-08   6.8162e-08
   3.1000e+02   8.2747e-08   6.8631e-08   1.1757e-08   6.5989e-08
   3.1200e+02   7.8707e-08   6.4561e-08   1.0984e-08   6.3878e-08
   3.1400e+02   7.3600e-08   6.0581e-08   1.0287e-08   6.2039e-08
   3.1600e+02   6.8867e-08   5.6501e-08   9.5327e-09   6.1131e-08
   3.1800e+02   6.4534e-08   5.3370e-08   8.9010e-09   5.9509e-08
   3.2000e+02   6.0905e-08   4.9932e-08   8.3922e-09   5.7472e-08
   3.2200e+02   5.7534e-08   4.6468e-08   7.8241e-09   5.6809e-08
   3.2400e+02   5.3761e-08   4.4044e-08   7.3046e-09   5.5088e-08
   3.2600e+02   5.0756e-08   4.1656e-08   6.8930e-09   5.4863e-08
   3.2800e+02   4.7589e-08   3.8994e-08   6.4176e-09   5.4263e-08
   3.3000e+02   4.5439e-08   3.6359e-08   6.0575e-09   5.4031e-08
   3.3200e+02   4.2478e-08   3.4462e-08   5.6276e-09   5.3819e-08
   3.3400e+02   3.9872e-08   3.2673e-08   5.2533e-09   5.3210e-08
   3.3600e+02   3.7741e-08   3.0467e-08   5.0186e-09   5.3387e-08
   3.3800e+02   3.5655e-08   2.8969e-08   4.6869e-09   5.3383e-08
   3.4000e+02   3.3803e-08   2.7187e-08   4.3879e-09   5.3532e-08
   3.4200e+02   3.1906e-08   2.5887e-08   4.1802e-09   5.4394e-08
   3.4400e+02   3.0422e-08   2.4654e-08   3.9412e-09   5.5466e-08
   3.4600e+02   2.8738e-08   2.3558e-08   3.7387e-09   5.6299e-08
   3.4800e+02   2.7689e-08   2.2514e-08   3.5435e-09   5.6916e-08
   3.5000e+02   2.6292e-08   2.1455e-08   3.3648e-09   5.8749e-08
   3.5200e+02   2.5152e-08   2.0702e-08   3.2055e-09   6.0144e-08
   3.5400e+02   2.4247e-08   1.9730e-08   3.1056e-09   6.2780e-08
   3.5600e+02   2.3462e-08   1.9006e-08   2.9897e-09   6.4415e-08
   3.5800e+02   2.2602e-08   1.8396e-08   2.8617e-09   6.6960e-08
   3.6000e+02   2.2299e-08   1.8018e-08   2.8029e-09   6.9433e-08
   3.6200e+02   2.1600e-08   1.7586e-08   2.7125e-09   7.3264e-08
   3.6400e+02   2.1555e-08   1.7617e-08   2.6794e-09   7.7277e-08
   3.6600e+02   2.1611e-08   1.7527e-08   2.6751e-09   8.0938e-08
   3.6800e+02   2.1693e-08   1.7607e-08   2.6559e-09   8.5601e-08
   3.7000e+02   2.2090e-08   1.7821e-08   2.6253e-09   9.2053e-08
   3.7200e+02   2.2961e-08   1.8572e-08   2.6729e-09   1.0003e-07
   3.7400e+02   2.4123e-08   1.9405e-08   2.7583e-09   1.0827e-07
   3.7600e+02   2.5247e-08   2.0301e-08   2.8452e-09   1.1750e-07
   3.7800e+02   2.7138e-08   2.1562e-08   2.9548e-09   1.3163e-07
   3.8000e+02   2.9087e-08   2.3537e-08   3.0959e-09   1.4608e-07
   3.8200e+02   2.9868e-08   2.4484e-08   3.1213e-09   1.6919e-07
