# The data in this file was extracted from a direct numerical
# simulation of fully developed plane turbulent channel
# flow. Particulars are listed below. Note that some of the statistical
# quantities provided in this data set should be zero due to
# (statistical) symmetries in the flow. These quantities are reported
# here none-the-less as an indicator of the quality of the statistics.
# more statistics from this data set are available at 
# http://www.tam.uiuc.edu/Faculty/Moser/channel 
#
# Authors: Moser, Kim & Mansour
# Reference: DNS of Turbulent Channel Flow up to Re_tau=590, 1999,
#            Physics of Fluids, vol 11, 943-945.
# Numerical Method: Kim, Moin & Moser, 1987, J. Fluid Mech. vol 177, 133-166 
# Re_tau = 587.19
# Normalization: U_tau, h 
# Description: Streamwise (x) One-dimensional spectra of velocity and pressure at indicated y-location 
# Filename: chan590/spectra/chan590.xspec.10 
# Date File Created: Feb 29, 2000 
#
#---End of Header---
# 
# nx = 384,  Re = 587.19,  y = 0.01689,  y+ =   9.92
#
#     k_x          E_uu         E_vv         E_ww         E_pp
#
   0.0000e+00   9.9556e-01   4.0207e-03   6.2736e-02   7.8314e-02
   1.0000e+00   1.3385e+00   7.9654e-03   1.2507e-01   2.5539e-01
   2.0000e+00   8.7990e-01   7.5326e-03   9.7050e-02   3.4227e-01
   3.0000e+00   6.3742e-01   7.0780e-03   8.1399e-02   3.1683e-01
   4.0000e+00   4.9793e-01   6.5959e-03   7.3039e-02   3.0365e-01
   5.0000e+00   4.0200e-01   6.2391e-03   6.3857e-02   2.9884e-01
   6.0000e+00   3.1779e-01   5.7277e-03   5.6030e-02   2.7288e-01
   7.0000e+00   2.6175e-01   5.4345e-03   5.0354e-02   2.6334e-01
   8.0000e+00   2.1861e-01   5.0547e-03   4.6618e-02   2.4159e-01
   9.0000e+00   1.8505e-01   4.6942e-03   4.1490e-02   2.3552e-01
   1.0000e+01   1.5546e-01   4.4415e-03   3.7928e-02   2.1832e-01
   1.1000e+01   1.3226e-01   4.1634e-03   3.4082e-02   2.0664e-01
   1.2000e+01   1.1480e-01   3.8763e-03   3.1359e-02   1.9920e-01
   1.3000e+01   9.5759e-02   3.6532e-03   2.7875e-02   1.8470e-01
   1.4000e+01   8.1674e-02   3.4056e-03   2.5588e-02   1.7529e-01
   1.5000e+01   7.1965e-02   3.1736e-03   2.3368e-02   1.6178e-01
   1.6000e+01   6.0464e-02   2.9229e-03   2.0875e-02   1.5457e-01
   1.7000e+01   5.3736e-02   2.7670e-03   1.9056e-02   1.4919e-01
   1.8000e+01   4.6636e-02   2.5817e-03   1.7296e-02   1.3609e-01
   1.9000e+01   4.0573e-02   2.4002e-03   1.5583e-02   1.2941e-01
   2.0000e+01   3.5708e-02   2.2419e-03   1.4299e-02   1.2034e-01
   2.1000e+01   3.1136e-02   2.0747e-03   1.2685e-02   1.1041e-01
   2.2000e+01   2.7113e-02   1.9370e-03   1.1624e-02   1.0561e-01
   2.3000e+01   2.3848e-02   1.8022e-03   1.0537e-02   9.6899e-02
   2.4000e+01   2.1204e-02   1.6795e-03   9.5460e-03   9.1140e-02
   2.5000e+01   1.8464e-02   1.5400e-03   8.6116e-03   8.3306e-02
   2.6000e+01   1.6594e-02   1.4533e-03   7.9634e-03   7.6529e-02
   2.7000e+01   1.4708e-02   1.3505e-03   7.1518e-03   7.2172e-02
   2.8000e+01   1.2967e-02   1.2502e-03   6.4245e-03   6.5837e-02
   2.9000e+01   1.1513e-02   1.1790e-03   5.9079e-03   6.1972e-02
   3.0000e+01   1.0174e-02   1.1082e-03   5.3285e-03   5.7435e-02
   3.1000e+01   9.2292e-03   1.0255e-03   4.8702e-03   5.2963e-02
   3.2000e+01   8.2343e-03   9.5662e-04   4.4076e-03   4.8338e-02
   3.3000e+01   7.1633e-03   8.8947e-04   3.9284e-03   4.4538e-02
   3.4000e+01   6.5880e-03   8.3167e-04   3.6502e-03   4.1525e-02
   3.5000e+01   5.9051e-03   7.7774e-04   3.3335e-03   3.8353e-02
   3.6000e+01   5.3029e-03   7.2859e-04   3.0649e-03   3.5291e-02
   3.7000e+01   4.7304e-03   6.7140e-04   2.7249e-03   3.2028e-02
   3.8000e+01   4.2886e-03   6.3204e-04   2.4903e-03   2.9748e-02
   3.9000e+01   3.9165e-03   5.8936e-04   2.2899e-03   2.7921e-02
   4.0000e+01   3.5185e-03   5.5458e-04   2.1111e-03   2.5781e-02
   4.1000e+01   3.1809e-03   5.0961e-04   1.9050e-03   2.3326e-02
   4.2000e+01   2.8659e-03   4.7982e-04   1.7503e-03   2.1522e-02
   4.3000e+01   2.5978e-03   4.4374e-04   1.6022e-03   1.9619e-02
   4.4000e+01   2.3394e-03   4.1420e-04   1.4606e-03   1.8192e-02
   4.5000e+01   2.1503e-03   3.8817e-04   1.3428e-03   1.6802e-02
   4.6000e+01   1.9348e-03   3.6590e-04   1.2386e-03   1.6004e-02
   4.7000e+01   1.7767e-03   3.3978e-04   1.1377e-03   1.4392e-02
   4.8000e+01   1.6025e-03   3.1675e-04   1.0368e-03   1.3116e-02
   4.9000e+01   1.4563e-03   2.9319e-04   9.3878e-04   1.2146e-02
   5.0000e+01   1.3333e-03   2.7951e-04   8.6399e-04   1.1427e-02
   5.1000e+01   1.2229e-03   2.5909e-04   7.9721e-04   1.0372e-02
   5.2000e+01   1.1265e-03   2.4182e-04   7.2846e-04   9.6202e-03
   5.3000e+01   1.0337e-03   2.2814e-04   6.7391e-04   8.8420e-03
   5.4000e+01   9.4713e-04   2.0971e-04   6.1373e-04   8.0371e-03
   5.5000e+01   8.5738e-04   1.9829e-04   5.7108e-04   7.5341e-03
   5.6000e+01   8.0229e-04   1.8701e-04   5.2797e-04   6.9430e-03
   5.7000e+01   7.2826e-04   1.7500e-04   4.9069e-04   6.4384e-03
   5.8000e+01   6.8335e-04   1.6509e-04   4.4913e-04   5.9681e-03
   5.9000e+01   6.2887e-04   1.5507e-04   4.1196e-04   5.5684e-03
   6.0000e+01   5.7553e-04   1.4488e-04   3.8158e-04   5.0152e-03
   6.1000e+01   5.2752e-04   1.3726e-04   3.5451e-04   4.7403e-03
   6.2000e+01   4.9205e-04   1.2793e-04   3.2690e-04   4.3694e-03
   6.3000e+01   4.5727e-04   1.2061e-04   3.0521e-04   4.1751e-03
   6.4000e+01   4.1745e-04   1.1331e-04   2.8364e-04   3.7350e-03
   6.5000e+01   3.8842e-04   1.0732e-04   2.6313e-04   3.4522e-03
   6.6000e+01   3.5966e-04   9.9633e-05   2.4301e-04   3.2115e-03
   6.7000e+01   3.3501e-04   9.2934e-05   2.2533e-04   2.9451e-03
   6.8000e+01   3.0740e-04   8.8742e-05   2.1092e-04   2.7673e-03
   6.9000e+01   2.8689e-04   8.4127e-05   1.9464e-04   2.5792e-03
   7.0000e+01   2.6664e-04   7.9541e-05   1.8252e-04   2.4212e-03
   7.1000e+01   2.4806e-04   7.3626e-05   1.6698e-04   2.2284e-03
   7.2000e+01   2.3400e-04   6.9646e-05   1.5753e-04   2.0640e-03
   7.3000e+01   2.1887e-04   6.5528e-05   1.4402e-04   1.9417e-03
   7.4000e+01   2.0262e-04   6.2020e-05   1.3538e-04   1.8033e-03
   7.5000e+01   1.8949e-04   5.8452e-05   1.2675e-04   1.6603e-03
   7.6000e+01   1.7649e-04   5.3947e-05   1.1728e-04   1.5265e-03
   7.7000e+01   1.6436e-04   5.1613e-05   1.1146e-04   1.4442e-03
   7.8000e+01   1.5288e-04   4.8521e-05   1.0410e-04   1.3567e-03
   7.9000e+01   1.4375e-04   4.6343e-05   9.7571e-05   1.2926e-03
   8.0000e+01   1.3457e-04   4.3573e-05   9.0156e-05   1.1826e-03
   8.1000e+01   1.2505e-04   4.0851e-05   8.4757e-05   1.1005e-03
   8.2000e+01   1.1791e-04   3.9203e-05   8.0495e-05   1.0478e-03
   8.3000e+01   1.0975e-04   3.6505e-05   7.4611e-05   9.7664e-04
   8.4000e+01   1.0289e-04   3.4459e-05   7.0208e-05   9.1216e-04
   8.5000e+01   9.7553e-05   3.2785e-05   6.6105e-05   8.5140e-04
   8.6000e+01   9.0229e-05   3.0983e-05   6.0934e-05   7.9504e-04
   8.7000e+01   8.4548e-05   2.9486e-05   5.7834e-05   7.4211e-04
   8.8000e+01   7.9012e-05   2.8046e-05   5.4244e-05   6.9935e-04
   8.9000e+01   7.4694e-05   2.6612e-05   5.1174e-05   6.5988e-04
   9.0000e+01   7.0131e-05   2.5276e-05   4.7355e-05   6.1510e-04
   9.1000e+01   6.5988e-05   2.3742e-05   4.5049e-05   5.7861e-04
   9.2000e+01   6.2129e-05   2.2599e-05   4.2603e-05   5.4469e-04
   9.3000e+01   5.8509e-05   2.1443e-05   3.9776e-05   5.0994e-04
   9.4000e+01   5.5241e-05   2.0172e-05   3.7443e-05   4.7215e-04
   9.5000e+01   5.1589e-05   1.9290e-05   3.5630e-05   4.4832e-04
   9.6000e+01   4.8399e-05   1.8210e-05   3.3195e-05   4.2171e-04
   9.7000e+01   4.5947e-05   1.7355e-05   3.1249e-05   3.9529e-04
   9.8000e+01   4.3028e-05   1.6435e-05   2.9374e-05   3.7164e-04
   9.9000e+01   4.0217e-05   1.5532e-05   2.7791e-05   3.5045e-04
   1.0000e+02   3.7978e-05   1.4985e-05   2.6323e-05   3.3267e-04
   1.0100e+02   3.6113e-05   1.4269e-05   2.5043e-05   3.1319e-04
   1.0200e+02   3.4300e-05   1.3508e-05   2.3733e-05   2.9442e-04
   1.0300e+02   3.2202e-05   1.2796e-05   2.2477e-05   2.7575e-04
   1.0400e+02   3.0249e-05   1.2025e-05   2.1021e-05   2.5941e-04
   1.0500e+02   2.8666e-05   1.1579e-05   1.9920e-05   2.4629e-04
   1.0600e+02   2.7157e-05   1.0968e-05   1.8770e-05   2.3045e-04
   1.0700e+02   2.5725e-05   1.0432e-05   1.7906e-05   2.1722e-04
   1.0800e+02   2.4195e-05   9.8055e-06   1.6892e-05   2.0156e-04
   1.0900e+02   2.2996e-05   9.4912e-06   1.6125e-05   1.9399e-04
   1.1000e+02   2.1619e-05   9.0280e-06   1.5387e-05   1.8264e-04
   1.1100e+02   2.0424e-05   8.4643e-06   1.4505e-05   1.7094e-04
   1.1200e+02   1.9452e-05   8.1249e-06   1.3737e-05   1.6256e-04
   1.1300e+02   1.8417e-05   7.7684e-06   1.3044e-05   1.5275e-04
   1.1400e+02   1.7492e-05   7.4752e-06   1.2509e-05   1.4647e-04
   1.1500e+02   1.6604e-05   7.0882e-06   1.1792e-05   1.3905e-04
   1.1600e+02   1.5654e-05   6.8377e-06   1.1174e-05   1.3252e-04
   1.1700e+02   1.4875e-05   6.4554e-06   1.0721e-05   1.2357e-04
   1.1800e+02   1.4160e-05   6.1716e-06   1.0194e-05   1.1656e-04
   1.1900e+02   1.3414e-05   5.8653e-06   9.7243e-06   1.0961e-04
   1.2000e+02   1.2600e-05   5.6041e-06   9.2193e-06   1.0454e-04
   1.2100e+02   1.2046e-05   5.3973e-06   8.8083e-06   9.9096e-05
   1.2200e+02   1.1428e-05   5.1282e-06   8.4723e-06   9.4142e-05
   1.2300e+02   1.0804e-05   4.9273e-06   8.0002e-06   8.8756e-05
   1.2400e+02   1.0237e-05   4.6797e-06   7.6040e-06   8.4295e-05
   1.2500e+02   9.7399e-06   4.5054e-06   7.2744e-06   8.0625e-05
   1.2600e+02   9.2404e-06   4.2931e-06   6.8951e-06   7.6319e-05
   1.2700e+02   8.7820e-06   4.1262e-06   6.6490e-06   7.3017e-05
   1.2800e+02   8.4043e-06   3.9615e-06   6.2410e-06   6.9764e-05
   1.2900e+02   7.9415e-06   3.8171e-06   5.9382e-06   6.6015e-05
   1.3000e+02   7.5803e-06   3.6306e-06   5.6658e-06   6.2411e-05
   1.3100e+02   7.2594e-06   3.4810e-06   5.4068e-06   5.9775e-05
   1.3200e+02   6.8881e-06   3.3559e-06   5.1415e-06   5.6432e-05
   1.3300e+02   6.5767e-06   3.1989e-06   4.8850e-06   5.3349e-05
   1.3400e+02   6.2950e-06   3.0919e-06   4.7227e-06   5.1112e-05
   1.3500e+02   6.0836e-06   2.9783e-06   4.5135e-06   4.8958e-05
   1.3600e+02   5.7491e-06   2.8430e-06   4.3000e-06   4.6586e-05
   1.3700e+02   5.5036e-06   2.7235e-06   4.1553e-06   4.4197e-05
   1.3800e+02   5.2906e-06   2.6186e-06   3.9663e-06   4.2225e-05
   1.3900e+02   5.0119e-06   2.5069e-06   3.7971e-06   4.0275e-05
   1.4000e+02   4.7854e-06   2.4253e-06   3.6819e-06   3.8285e-05
   1.4100e+02   4.5606e-06   2.3206e-06   3.5406e-06   3.6616e-05
   1.4200e+02   4.3263e-06   2.2490e-06   3.3491e-06   3.4873e-05
   1.4300e+02   4.1600e-06   2.1847e-06   3.2419e-06   3.3656e-05
   1.4400e+02   3.9849e-06   2.1204e-06   3.0974e-06   3.2396e-05
   1.4500e+02   3.8440e-06   2.0289e-06   3.0223e-06   3.1011e-05
   1.4600e+02   3.6489e-06   1.9515e-06   2.8736e-06   2.9436e-05
   1.4700e+02   3.4905e-06   1.8817e-06   2.7936e-06   2.8274e-05
   1.4800e+02   3.3474e-06   1.8263e-06   2.6454e-06   2.7400e-05
   1.4900e+02   3.2293e-06   1.7555e-06   2.5508e-06   2.6296e-05
   1.5000e+02   3.1046e-06   1.6910e-06   2.4697e-06   2.4958e-05
   1.5100e+02   2.9653e-06   1.6435e-06   2.3482e-06   2.4077e-05
   1.5200e+02   2.8355e-06   1.5786e-06   2.2555e-06   2.3075e-05
   1.5300e+02   2.7501e-06   1.5305e-06   2.1836e-06   2.2276e-05
   1.5400e+02   2.6317e-06   1.4679e-06   2.1006e-06   2.1329e-05
   1.5500e+02   2.5349e-06   1.4277e-06   2.0183e-06   2.0529e-05
   1.5600e+02   2.4401e-06   1.3664e-06   1.9600e-06   1.9947e-05
   1.5700e+02   2.3350e-06   1.3275e-06   1.8832e-06   1.9123e-05
   1.5800e+02   2.2568e-06   1.3026e-06   1.8425e-06   1.8552e-05
   1.5900e+02   2.1653e-06   1.2512e-06   1.8054e-06   1.7915e-05
   1.6000e+02   2.0929e-06   1.2210e-06   1.7467e-06   1.7438e-05
   1.6100e+02   2.0230e-06   1.1762e-06   1.6888e-06   1.6838e-05
   1.6200e+02   1.9433e-06   1.1452e-06   1.6550e-06   1.6449e-05
   1.6300e+02   1.9027e-06   1.1236e-06   1.6109e-06   1.6019e-05
   1.6400e+02   1.8216e-06   1.0874e-06   1.5457e-06   1.5630e-05
   1.6500e+02   1.7658e-06   1.0478e-06   1.5078e-06   1.5029e-05
   1.6600e+02   1.7163e-06   1.0144e-06   1.4650e-06   1.4829e-05
   1.6700e+02   1.6687e-06   9.8844e-07   1.4097e-06   1.4344e-05
   1.6800e+02   1.6100e-06   9.5703e-07   1.3744e-06   1.4137e-05
   1.6900e+02   1.5733e-06   9.3527e-07   1.3423e-06   1.3928e-05
   1.7000e+02   1.5405e-06   9.0854e-07   1.3148e-06   1.3779e-05
   1.7100e+02   1.4914e-06   8.9404e-07   1.2791e-06   1.3707e-05
   1.7200e+02   1.4558e-06   8.6528e-07   1.2493e-06   1.3581e-05
   1.7300e+02   1.4297e-06   8.4248e-07   1.2246e-06   1.3431e-05
   1.7400e+02   1.3876e-06   8.2430e-07   1.1867e-06   1.3414e-05
   1.7500e+02   1.3644e-06   7.9721e-07   1.1634e-06   1.3309e-05
   1.7600e+02   1.3196e-06   7.8544e-07   1.1458e-06   1.3332e-05
   1.7700e+02   1.2850e-06   7.6017e-07   1.1057e-06   1.3406e-05
   1.7800e+02   1.2804e-06   7.5043e-07   1.0873e-06   1.3434e-05
   1.7900e+02   1.2527e-06   7.3300e-07   1.0746e-06   1.3651e-05
   1.8000e+02   1.2163e-06   7.0124e-07   1.0403e-06   1.3824e-05
   1.8100e+02   1.1881e-06   6.8206e-07   1.0253e-06   1.4032e-05
   1.8200e+02   1.1701e-06   6.6105e-07   9.9967e-07   1.4200e-05
   1.8300e+02   1.1516e-06   6.4415e-07   9.8586e-07   1.4496e-05
   1.8400e+02   1.1256e-06   6.1896e-07   9.5171e-07   1.4870e-05
   1.8500e+02   1.1251e-06   6.0539e-07   9.4579e-07   1.5197e-05
   1.8600e+02   1.1087e-06   5.7126e-07   9.1664e-07   1.5569e-05
   1.8700e+02   1.1021e-06   5.5010e-07   8.9522e-07   1.5951e-05
   1.8800e+02   1.0842e-06   5.2299e-07   8.7686e-07   1.6661e-05
   1.8900e+02   1.1102e-06   5.1285e-07   8.9228e-07   1.7276e-05
   1.9000e+02   1.1541e-06   5.0792e-07   8.9492e-07   1.8070e-05
   1.9100e+02   1.2893e-06   5.7084e-07   9.8188e-07   1.9537e-05
