# The data in this file was extracted from a direct numerical
# simulation of fully developed plane turbulent channel
# flow. Particulars are listed below. Note that some of the statistical
# quantities provided in this data set should be zero due to
# (statistical) symmetries in the flow. These quantities are reported
# here none-the-less as an indicator of the quality of the statistics.
# more statistics from this data set are available at 
# http://www.tam.uiuc.edu/Faculty/Moser/channel 
#
# Authors: Moser, Kim & Mansour
# Reference: DNS of Turbulent Channel Flow up to Re_tau=590, 1999,
#            Physics of Fluids, vol 11, 943-945.
# Numerical Method: Kim, Moin & Moser, 1987, J. Fluid Mech. vol 177, 133-166 
# Re_tau = 587.19
# Normalization: U_tau, h 
# Description: Streamwise (x) One-dimensional spectra of velocity and pressure at indicated y-location 
# Filename: chan590/spectra/chan590.xspec.501 
# Date File Created: Feb 29, 2000 
#
#---End of Header---
# 
# nx = 384,  Re = 587.19,  y = 0.85327,  y+ = 501.04
#
#     k_x          E_uu         E_vv         E_ww         E_pp
#
   0.0000e+00   1.5085e-01   1.4069e-02   1.7978e-02   1.9133e-02
   1.0000e+00   1.7456e-01   3.1392e-02   4.8652e-02   1.0200e-01
   2.0000e+00   1.1332e-01   4.5376e-02   5.3891e-02   9.3714e-02
   3.0000e+00   6.7872e-02   3.7950e-02   4.4088e-02   7.9975e-02
   4.0000e+00   5.0352e-02   3.8482e-02   3.7201e-02   6.2689e-02
   5.0000e+00   3.5475e-02   3.1054e-02   2.6819e-02   4.8603e-02
   6.0000e+00   2.6744e-02   2.4727e-02   2.8417e-02   4.1089e-02
   7.0000e+00   2.2575e-02   2.2165e-02   2.4074e-02   3.5109e-02
   8.0000e+00   1.8362e-02   1.9734e-02   2.0608e-02   2.7905e-02
   9.0000e+00   1.5089e-02   1.8354e-02   1.7643e-02   2.5193e-02
   1.0000e+01   1.2508e-02   1.5281e-02   1.5658e-02   1.9770e-02
   1.1000e+01   1.0403e-02   1.3183e-02   1.3534e-02   1.8107e-02
   1.2000e+01   8.6459e-03   1.1949e-02   1.2297e-02   1.5985e-02
   1.3000e+01   7.4469e-03   1.0671e-02   9.9438e-03   1.2910e-02
   1.4000e+01   6.3814e-03   9.7233e-03   9.7741e-03   1.1385e-02
   1.5000e+01   5.2968e-03   8.3967e-03   8.2370e-03   9.7321e-03
   1.6000e+01   4.5961e-03   7.2118e-03   7.1163e-03   8.6664e-03
   1.7000e+01   3.9479e-03   6.5058e-03   6.5890e-03   7.6539e-03
   1.8000e+01   3.4210e-03   5.7195e-03   5.7548e-03   6.6030e-03
   1.9000e+01   3.0140e-03   4.9967e-03   5.0320e-03   5.8965e-03
   2.0000e+01   2.6182e-03   4.3854e-03   4.5462e-03   5.2882e-03
   2.1000e+01   2.2665e-03   3.9738e-03   4.0412e-03   4.4976e-03
   2.2000e+01   1.9545e-03   3.6367e-03   3.7742e-03   4.0582e-03
   2.3000e+01   1.7280e-03   3.3136e-03   3.2432e-03   3.5090e-03
   2.4000e+01   1.5508e-03   3.0070e-03   2.9360e-03   3.0492e-03
   2.5000e+01   1.3507e-03   2.6699e-03   2.5336e-03   2.7720e-03
   2.6000e+01   1.1915e-03   2.3433e-03   2.2771e-03   2.4312e-03
   2.7000e+01   1.0705e-03   2.1400e-03   2.1018e-03   2.1730e-03
   2.8000e+01   9.2593e-04   1.8948e-03   1.8562e-03   1.9210e-03
   2.9000e+01   8.3996e-04   1.7429e-03   1.7026e-03   1.6720e-03
   3.0000e+01   7.5449e-04   1.5649e-03   1.5148e-03   1.5124e-03
   3.1000e+01   6.7239e-04   1.4492e-03   1.3953e-03   1.3801e-03
   3.2000e+01   5.9603e-04   1.2678e-03   1.2627e-03   1.2119e-03
   3.3000e+01   5.3424e-04   1.1552e-03   1.1411e-03   1.1019e-03
   3.4000e+01   4.9768e-04   1.0750e-03   1.0419e-03   9.8961e-04
   3.5000e+01   4.3966e-04   9.4923e-04   9.1907e-04   8.5021e-04
   3.6000e+01   3.9698e-04   8.8745e-04   8.9156e-04   7.6553e-04
   3.7000e+01   3.5807e-04   7.8774e-04   8.0468e-04   6.9337e-04
   3.8000e+01   3.2479e-04   7.3310e-04   7.3144e-04   6.0957e-04
   3.9000e+01   2.7965e-04   6.6645e-04   6.3781e-04   5.7977e-04
   4.0000e+01   2.6315e-04   6.0703e-04   6.0332e-04   5.0307e-04
   4.1000e+01   2.3509e-04   5.5736e-04   5.5536e-04   4.6729e-04
   4.2000e+01   2.1542e-04   5.0893e-04   4.9880e-04   4.1652e-04
   4.3000e+01   1.9516e-04   4.6463e-04   4.6114e-04   3.7267e-04
   4.4000e+01   1.7733e-04   4.2759e-04   4.2187e-04   3.2741e-04
   4.5000e+01   1.6379e-04   3.8485e-04   3.9033e-04   2.9944e-04
   4.6000e+01   1.4452e-04   3.6344e-04   3.5164e-04   2.6536e-04
   4.7000e+01   1.3232e-04   3.3004e-04   3.3578e-04   2.4562e-04
   4.8000e+01   1.1966e-04   2.9648e-04   3.0346e-04   2.1659e-04
   4.9000e+01   1.1052e-04   2.7936e-04   2.7924e-04   1.9820e-04
   5.0000e+01   1.0116e-04   2.5022e-04   2.5063e-04   1.8273e-04
   5.1000e+01   9.1396e-05   2.3413e-04   2.3719e-04   1.6558e-04
   5.2000e+01   8.5406e-05   2.1592e-04   2.1923e-04   1.5091e-04
   5.3000e+01   7.6381e-05   2.0082e-04   2.0031e-04   1.3512e-04
   5.4000e+01   6.9296e-05   1.8276e-04   1.8035e-04   1.2472e-04
   5.5000e+01   6.4466e-05   1.7248e-04   1.7420e-04   1.1311e-04
   5.6000e+01   5.8983e-05   1.5927e-04   1.5917e-04   1.0361e-04
   5.7000e+01   5.4631e-05   1.4506e-04   1.4610e-04   9.2109e-05
   5.8000e+01   4.8809e-05   1.3536e-04   1.3275e-04   8.5889e-05
   5.9000e+01   4.6629e-05   1.2345e-04   1.2479e-04   7.7669e-05
   6.0000e+01   4.1912e-05   1.1056e-04   1.1543e-04   7.0794e-05
   6.1000e+01   3.8173e-05   1.0330e-04   1.0665e-04   6.3535e-05
   6.2000e+01   3.5593e-05   9.7332e-05   9.8921e-05   5.7814e-05
   6.3000e+01   3.2208e-05   9.1145e-05   9.0218e-05   5.2921e-05
   6.4000e+01   2.9952e-05   8.5911e-05   8.4352e-05   4.8869e-05
   6.5000e+01   2.7457e-05   7.8177e-05   7.9080e-05   4.4815e-05
   6.6000e+01   2.5309e-05   7.4088e-05   7.2163e-05   4.0472e-05
   6.7000e+01   2.3600e-05   6.6726e-05   6.7437e-05   3.6075e-05
   6.8000e+01   2.1520e-05   6.2100e-05   6.2577e-05   3.4157e-05
   6.9000e+01   2.0151e-05   5.8105e-05   5.9154e-05   3.0995e-05
   7.0000e+01   1.8639e-05   5.2995e-05   5.4688e-05   2.7587e-05
   7.1000e+01   1.6804e-05   5.0334e-05   4.9495e-05   2.5698e-05
   7.2000e+01   1.5912e-05   4.6571e-05   4.7058e-05   2.3312e-05
   7.3000e+01   1.4614e-05   4.3158e-05   4.3883e-05   2.1388e-05
   7.4000e+01   1.3381e-05   4.0593e-05   4.0518e-05   2.0367e-05
   7.5000e+01   1.2720e-05   3.7398e-05   3.7836e-05   1.8665e-05
   7.6000e+01   1.1663e-05   3.4802e-05   3.5790e-05   1.7099e-05
   7.7000e+01   1.0756e-05   3.3020e-05   3.2920e-05   1.5478e-05
   7.8000e+01   9.8693e-06   3.0340e-05   3.0504e-05   1.4368e-05
   7.9000e+01   9.2064e-06   2.8173e-05   2.8873e-05   1.2992e-05
   8.0000e+01   8.6304e-06   2.5798e-05   2.6204e-05   1.2166e-05
   8.1000e+01   7.8584e-06   2.4196e-05   2.4247e-05   1.1050e-05
   8.2000e+01   7.5463e-06   2.2704e-05   2.3373e-05   1.0077e-05
   8.3000e+01   6.8798e-06   2.0981e-05   2.1361e-05   9.4513e-06
   8.4000e+01   6.3553e-06   1.9921e-05   1.9713e-05   8.7505e-06
   8.5000e+01   5.9825e-06   1.8215e-05   1.8724e-05   7.8824e-06
   8.6000e+01   5.5602e-06   1.6871e-05   1.7260e-05   7.0306e-06
   8.7000e+01   5.1758e-06   1.6019e-05   1.6101e-05   6.6091e-06
   8.8000e+01   4.7437e-06   1.5231e-05   1.5330e-05   6.2314e-06
   8.9000e+01   4.4088e-06   1.4008e-05   1.4151e-05   5.6776e-06
   9.0000e+01   4.1165e-06   1.2945e-05   1.3371e-05   5.3600e-06
   9.1000e+01   3.8358e-06   1.2113e-05   1.2780e-05   4.8814e-06
   9.2000e+01   3.5964e-06   1.1300e-05   1.1784e-05   4.4917e-06
   9.3000e+01   3.3497e-06   1.0681e-05   1.0794e-05   4.2116e-06
   9.4000e+01   3.1084e-06   9.9873e-06   1.0181e-05   3.7798e-06
   9.5000e+01   2.9286e-06   9.3411e-06   9.3339e-06   3.5915e-06
   9.6000e+01   2.6614e-06   8.7398e-06   8.7875e-06   3.2666e-06
   9.7000e+01   2.5302e-06   7.9828e-06   8.3428e-06   3.0589e-06
   9.8000e+01   2.3616e-06   7.6547e-06   7.8967e-06   2.8401e-06
   9.9000e+01   2.1942e-06   7.0445e-06   7.3318e-06   2.6019e-06
   1.0000e+02   2.0060e-06   6.7242e-06   6.8553e-06   2.4340e-06
   1.0100e+02   1.8876e-06   6.2702e-06   6.4518e-06   2.2500e-06
   1.0200e+02   1.7820e-06   5.8256e-06   5.9646e-06   2.1093e-06
   1.0300e+02   1.6516e-06   5.3658e-06   5.6076e-06   1.9432e-06
   1.0400e+02   1.5348e-06   5.0684e-06   5.3280e-06   1.7898e-06
   1.0500e+02   1.4362e-06   4.7163e-06   4.8288e-06   1.6719e-06
   1.0600e+02   1.3375e-06   4.4802e-06   4.6236e-06   1.5531e-06
   1.0700e+02   1.2441e-06   4.1377e-06   4.3505e-06   1.4065e-06
   1.0800e+02   1.1563e-06   3.8659e-06   4.0920e-06   1.3264e-06
   1.0900e+02   1.0930e-06   3.6794e-06   3.7900e-06   1.2358e-06
   1.1000e+02   1.0208e-06   3.5010e-06   3.6026e-06   1.1725e-06
   1.1100e+02   9.6326e-07   3.2718e-06   3.3402e-06   1.0950e-06
   1.1200e+02   9.0369e-07   3.0750e-06   3.1551e-06   1.0058e-06
   1.1300e+02   8.3032e-07   2.8594e-06   2.9288e-06   9.1386e-07
   1.1400e+02   7.8610e-07   2.6676e-06   2.7917e-06   8.8084e-07
   1.1500e+02   7.3822e-07   2.5399e-06   2.6165e-06   8.1887e-07
   1.1600e+02   6.9126e-07   2.3622e-06   2.4492e-06   7.7398e-07
   1.1700e+02   6.4341e-07   2.2100e-06   2.2470e-06   6.9795e-07
   1.1800e+02   6.0700e-07   2.0599e-06   2.1483e-06   6.4594e-07
   1.1900e+02   5.5551e-07   1.9424e-06   2.0396e-06   6.1589e-07
   1.2000e+02   5.3181e-07   1.7884e-06   1.8824e-06   5.7374e-07
   1.2100e+02   4.9844e-07   1.7068e-06   1.7519e-06   5.3340e-07
   1.2200e+02   4.5682e-07   1.6298e-06   1.6708e-06   5.0374e-07
   1.2300e+02   4.3398e-07   1.4934e-06   1.5715e-06   4.7849e-07
   1.2400e+02   4.0628e-07   1.4283e-06   1.4769e-06   4.4205e-07
   1.2500e+02   3.8166e-07   1.3021e-06   1.3843e-06   4.1739e-07
   1.2600e+02   3.5648e-07   1.2473e-06   1.3133e-06   3.8658e-07
   1.2700e+02   3.3483e-07   1.1727e-06   1.2381e-06   3.6455e-07
   1.2800e+02   3.1294e-07   1.1061e-06   1.1564e-06   3.4204e-07
   1.2900e+02   2.9457e-07   1.0312e-06   1.1014e-06   3.2660e-07
   1.3000e+02   2.7797e-07   9.7066e-07   1.0305e-06   3.0770e-07
   1.3100e+02   2.5562e-07   8.9419e-07   9.5456e-07   2.8249e-07
   1.3200e+02   2.4408e-07   8.4547e-07   9.1198e-07   2.7295e-07
   1.3300e+02   2.2929e-07   7.9965e-07   8.4905e-07   2.5956e-07
   1.3400e+02   2.1264e-07   7.4590e-07   8.0600e-07   2.3818e-07
   1.3500e+02   2.0047e-07   7.0631e-07   7.4841e-07   2.2916e-07
   1.3600e+02   1.8901e-07   6.5596e-07   7.1140e-07   2.1834e-07
   1.3700e+02   1.7748e-07   6.3472e-07   6.6426e-07   2.0745e-07
   1.3800e+02   1.6488e-07   5.8141e-07   6.2940e-07   1.9723e-07
   1.3900e+02   1.5752e-07   5.5170e-07   5.9412e-07   1.8782e-07
   1.4000e+02   1.4496e-07   5.1926e-07   5.5529e-07   1.8030e-07
   1.4100e+02   1.3636e-07   4.8503e-07   5.2432e-07   1.7271e-07
   1.4200e+02   1.2911e-07   4.6654e-07   4.9673e-07   1.6492e-07
   1.4300e+02   1.1925e-07   4.3809e-07   4.6102e-07   1.5531e-07
   1.4400e+02   1.1244e-07   4.0906e-07   4.3725e-07   1.4969e-07
   1.4500e+02   1.0509e-07   3.9081e-07   4.0430e-07   1.4713e-07
   1.4600e+02   9.9705e-08   3.6734e-07   3.8646e-07   1.3912e-07
   1.4700e+02   9.3709e-08   3.4205e-07   3.6473e-07   1.3417e-07
   1.4800e+02   8.8187e-08   3.1773e-07   3.3868e-07   1.2757e-07
   1.4900e+02   8.2468e-08   3.0252e-07   3.2024e-07   1.2554e-07
   1.5000e+02   7.7084e-08   2.8527e-07   3.0402e-07   1.2071e-07
   1.5100e+02   7.3316e-08   2.6848e-07   2.8754e-07   1.1623e-07
   1.5200e+02   6.8480e-08   2.5813e-07   2.6321e-07   1.1181e-07
   1.5300e+02   6.4886e-08   2.4473e-07   2.5313e-07   1.1050e-07
   1.5400e+02   6.1654e-08   2.2588e-07   2.4275e-07   1.0881e-07
   1.5500e+02   5.7229e-08   2.1186e-07   2.2670e-07   1.0582e-07
   1.5600e+02   5.3841e-08   2.0297e-07   2.1256e-07   1.0370e-07
   1.5700e+02   5.1160e-08   1.8712e-07   2.0068e-07   1.0196e-07
   1.5800e+02   4.7565e-08   1.7902e-07   1.8729e-07   9.9255e-08
   1.5900e+02   4.5507e-08   1.6538e-07   1.7990e-07   1.0002e-07
   1.6000e+02   4.2378e-08   1.6278e-07   1.7037e-07   9.8527e-08
   1.6100e+02   4.0129e-08   1.5054e-07   1.5756e-07   9.7165e-08
   1.6200e+02   3.7829e-08   1.4301e-07   1.4999e-07   9.7832e-08
   1.6300e+02   3.5802e-08   1.3670e-07   1.4389e-07   9.8609e-08
   1.6400e+02   3.3915e-08   1.2800e-07   1.3542e-07   9.6586e-08
   1.6500e+02   3.2224e-08   1.2248e-07   1.2934e-07   9.8631e-08
   1.6600e+02   3.0621e-08   1.1549e-07   1.2384e-07   9.9192e-08
   1.6700e+02   2.9101e-08   1.1074e-07   1.1535e-07   9.9063e-08
   1.6800e+02   2.7449e-08   1.0467e-07   1.1014e-07   1.0152e-07
   1.6900e+02   2.6172e-08   9.8474e-08   1.0551e-07   1.0231e-07
   1.7000e+02   2.4895e-08   9.4062e-08   1.0132e-07   1.0277e-07
   1.7100e+02   2.3919e-08   9.0454e-08   9.5214e-08   1.0703e-07
   1.7200e+02   2.2724e-08   8.6606e-08   9.1524e-08   1.0966e-07
   1.7300e+02   2.1539e-08   8.2643e-08   8.8753e-08   1.1154e-07
   1.7400e+02   2.0777e-08   7.8853e-08   8.5009e-08   1.1532e-07
   1.7500e+02   1.9749e-08   7.5260e-08   7.9862e-08   1.1691e-07
   1.7600e+02   1.8924e-08   7.3924e-08   7.8024e-08   1.2040e-07
   1.7700e+02   1.8337e-08   7.1239e-08   7.5240e-08   1.2511e-07
   1.7800e+02   1.7700e-08   6.9538e-08   7.1964e-08   1.2995e-07
   1.7900e+02   1.7277e-08   6.8167e-08   6.9886e-08   1.3456e-07
   1.8000e+02   1.6837e-08   6.4640e-08   6.9180e-08   1.4062e-07
   1.8100e+02   1.6431e-08   6.4206e-08   6.6312e-08   1.4692e-07
   1.8200e+02   1.6099e-08   6.2295e-08   6.6191e-08   1.5190e-07
   1.8300e+02   1.5957e-08   6.1349e-08   6.5030e-08   1.5881e-07
   1.8400e+02   1.5963e-08   6.0691e-08   6.3851e-08   1.6859e-07
   1.8500e+02   1.5653e-08   6.0340e-08   6.3425e-08   1.7775e-07
   1.8600e+02   1.5648e-08   5.9998e-08   6.3126e-08   1.8886e-07
   1.8700e+02   1.5512e-08   6.0751e-08   6.2750e-08   1.9670e-07
   1.8800e+02   1.5328e-08   5.9591e-08   6.4637e-08   2.1291e-07
   1.8900e+02   1.5263e-08   6.1935e-08   6.5764e-08   2.2474e-07
   1.9000e+02   1.5053e-08   6.2331e-08   6.7859e-08   2.3742e-07
   1.9100e+02   1.4088e-08   6.0115e-08   6.5195e-08   2.6016e-07
