# The data in this file was extracted from a direct numerical
# simulation of fully developed plane turbulent channel
# flow. Particulars are listed below. Note that some of the statistical
# quantities provided in this data set should be zero due to
# (statistical) symmetries in the flow. These quantities are reported
# here none-the-less as an indicator of the quality of the statistics.
# more statistics from this data set are available at 
# http://www.tam.uiuc.edu/Faculty/Moser/channel 
#
# Authors: Moser, Kim & Mansour
# Reference: DNS of Turbulent Channel Flow up to Re_tau=590, 1999,
#            Physics of Fluids, vol 11, 943-945.
# Numerical Method: Kim, Moin & Moser, 1987, J. Fluid Mech. vol 177, 133-166 
# Re_tau = 587.19
# Normalization: U_tau, h 
# Description: Streamwise (x) One-dimensional spectra of velocity and pressure at indicated y-location 
# Filename: chan590/spectra/chan590.xspec.19 
# Date File Created: Feb 29, 2000 
#
#---End of Header---
# 
# nx = 384,  Re = 587.19,  y = 0.03302,  y+ =  19.39
#
#     k_x          E_uu         E_vv         E_ww         E_pp
#
   0.0000e+00   1.1757e+00   1.5815e-02   9.3956e-02   1.0733e-01
   1.0000e+00   1.3545e+00   3.1554e-02   1.8613e-01   3.1884e-01
   2.0000e+00   8.5784e-01   2.8749e-02   1.3712e-01   4.0242e-01
   3.0000e+00   6.1075e-01   2.6149e-02   1.1261e-01   3.6940e-01
   4.0000e+00   4.8609e-01   2.3992e-02   9.9750e-02   3.5279e-01
   5.0000e+00   3.9144e-01   2.2058e-02   8.7580e-02   3.4525e-01
   6.0000e+00   3.1940e-01   1.9866e-02   7.7743e-02   3.1499e-01
   7.0000e+00   2.6708e-01   1.8353e-02   7.0142e-02   3.0299e-01
   8.0000e+00   2.2648e-01   1.6866e-02   6.5911e-02   2.8008e-01
   9.0000e+00   1.9539e-01   1.5611e-02   5.7889e-02   2.7043e-01
   1.0000e+01   1.6832e-01   1.4411e-02   5.3487e-02   2.5276e-01
   1.1000e+01   1.4636e-01   1.3409e-02   4.9364e-02   2.4005e-01
   1.2000e+01   1.2923e-01   1.2447e-02   4.5116e-02   2.3021e-01
   1.3000e+01   1.0885e-01   1.1513e-02   4.0221e-02   2.1264e-01
   1.4000e+01   9.5591e-02   1.0658e-02   3.7170e-02   2.0251e-01
   1.5000e+01   8.5217e-02   9.7630e-03   3.5041e-02   1.8759e-01
   1.6000e+01   7.4061e-02   8.9725e-03   3.1318e-02   1.7853e-01
   1.7000e+01   6.5905e-02   8.4482e-03   2.9096e-02   1.7149e-01
   1.8000e+01   5.8451e-02   7.9175e-03   2.6127e-02   1.5767e-01
   1.9000e+01   5.1584e-02   7.3515e-03   2.3912e-02   1.4937e-01
   2.0000e+01   4.6286e-02   6.9434e-03   2.2469e-02   1.3838e-01
   2.1000e+01   4.0660e-02   6.4814e-03   2.0683e-02   1.2726e-01
   2.2000e+01   3.6437e-02   5.9865e-03   1.8631e-02   1.2309e-01
   2.3000e+01   3.2258e-02   5.6237e-03   1.7160e-02   1.1225e-01
   2.4000e+01   2.9390e-02   5.3030e-03   1.5759e-02   1.0619e-01
   2.5000e+01   2.6311e-02   4.9104e-03   1.4561e-02   9.7001e-02
   2.6000e+01   2.3871e-02   4.5467e-03   1.3518e-02   8.9867e-02
   2.7000e+01   2.1080e-02   4.2418e-03   1.2186e-02   8.5362e-02
   2.8000e+01   1.9246e-02   3.9978e-03   1.1300e-02   7.8265e-02
   2.9000e+01   1.7215e-02   3.7892e-03   1.0400e-02   7.4403e-02
   3.0000e+01   1.5669e-02   3.5269e-03   9.5267e-03   6.8439e-02
   3.1000e+01   1.4045e-02   3.2998e-03   8.7678e-03   6.3501e-02
   3.2000e+01   1.2888e-02   3.1030e-03   7.9246e-03   5.7946e-02
   3.3000e+01   1.1598e-02   2.9349e-03   7.2707e-03   5.4003e-02
   3.4000e+01   1.0713e-02   2.7985e-03   6.6826e-03   5.0875e-02
   3.5000e+01   9.5867e-03   2.6046e-03   6.2692e-03   4.7214e-02
   3.6000e+01   8.8989e-03   2.4512e-03   5.7693e-03   4.3481e-02
   3.7000e+01   8.0914e-03   2.2935e-03   5.2565e-03   3.9767e-02
   3.8000e+01   7.3460e-03   2.1366e-03   4.7868e-03   3.7020e-02
   3.9000e+01   6.7177e-03   2.0183e-03   4.4339e-03   3.5110e-02
   4.0000e+01   6.2565e-03   1.9158e-03   4.1638e-03   3.2732e-02
   4.1000e+01   5.6375e-03   1.7902e-03   3.8088e-03   2.9478e-02
   4.2000e+01   5.3369e-03   1.6958e-03   3.5306e-03   2.7397e-02
   4.3000e+01   4.8320e-03   1.5624e-03   3.2652e-03   2.5042e-02
   4.4000e+01   4.4116e-03   1.4772e-03   3.0263e-03   2.3223e-02
   4.5000e+01   4.1568e-03   1.4032e-03   2.7604e-03   2.1778e-02
   4.6000e+01   3.7680e-03   1.3356e-03   2.6206e-03   2.0707e-02
   4.7000e+01   3.5019e-03   1.2590e-03   2.3972e-03   1.9010e-02
   4.8000e+01   3.2608e-03   1.1741e-03   2.2302e-03   1.7194e-02
   4.9000e+01   3.0074e-03   1.1176e-03   2.0748e-03   1.6186e-02
   5.0000e+01   2.7796e-03   1.0597e-03   1.8954e-03   1.5216e-02
   5.1000e+01   2.5707e-03   9.8153e-04   1.7599e-03   1.3944e-02
   5.2000e+01   2.3725e-03   9.3288e-04   1.6417e-03   1.2957e-02
   5.3000e+01   2.1773e-03   8.7932e-04   1.5124e-03   1.2065e-02
   5.4000e+01   2.0693e-03   8.2354e-04   1.4048e-03   1.0981e-02
   5.5000e+01   1.9067e-03   7.8091e-04   1.3324e-03   1.0364e-02
   5.6000e+01   1.7696e-03   7.3646e-04   1.2258e-03   9.6006e-03
   5.7000e+01   1.6626e-03   6.9903e-04   1.1546e-03   8.9453e-03
   5.8000e+01   1.5462e-03   6.5758e-04   1.0736e-03   8.3987e-03
   5.9000e+01   1.4573e-03   6.3211e-04   9.9067e-04   7.9106e-03
   6.0000e+01   1.3569e-03   5.9086e-04   9.2330e-04   7.1213e-03
   6.1000e+01   1.2592e-03   5.5548e-04   8.7226e-04   6.7246e-03
   6.2000e+01   1.1808e-03   5.2479e-04   8.1439e-04   6.2871e-03
   6.3000e+01   1.1037e-03   4.9648e-04   7.6135e-04   5.9470e-03
   6.4000e+01   1.0343e-03   4.6882e-04   7.1169e-04   5.4290e-03
   6.5000e+01   9.5959e-04   4.4203e-04   6.7230e-04   5.1024e-03
   6.6000e+01   9.0394e-04   4.1980e-04   6.1965e-04   4.7280e-03
   6.7000e+01   8.5030e-04   3.9424e-04   5.8031e-04   4.3891e-03
   6.8000e+01   7.8644e-04   3.7411e-04   5.5392e-04   4.1039e-03
   6.9000e+01   7.4594e-04   3.5271e-04   5.1340e-04   3.8466e-03
   7.0000e+01   6.9837e-04   3.3998e-04   4.8455e-04   3.6181e-03
   7.1000e+01   6.5649e-04   3.2203e-04   4.5529e-04   3.3721e-03
   7.2000e+01   6.2350e-04   3.0418e-04   4.2767e-04   3.1452e-03
   7.3000e+01   5.7433e-04   2.8739e-04   3.9995e-04   2.9719e-03
   7.4000e+01   5.3948e-04   2.7557e-04   3.7095e-04   2.7864e-03
   7.5000e+01   5.1386e-04   2.5741e-04   3.5077e-04   2.5761e-03
   7.6000e+01   4.7812e-04   2.4386e-04   3.3362e-04   2.3793e-03
   7.7000e+01   4.5477e-04   2.3265e-04   3.1015e-04   2.2561e-03
   7.8000e+01   4.2678e-04   2.2245e-04   2.9389e-04   2.1645e-03
   7.9000e+01   4.0090e-04   2.1120e-04   2.7793e-04   2.0533e-03
   8.0000e+01   3.8208e-04   1.9842e-04   2.5809e-04   1.8730e-03
   8.1000e+01   3.5955e-04   1.8911e-04   2.4505e-04   1.7644e-03
   8.2000e+01   3.3876e-04   1.7843e-04   2.3198e-04   1.6515e-03
   8.3000e+01   3.2227e-04   1.7405e-04   2.1963e-04   1.5720e-03
   8.4000e+01   3.0402e-04   1.6444e-04   2.0860e-04   1.4646e-03
   8.5000e+01   2.8284e-04   1.5452e-04   1.9652e-04   1.3601e-03
   8.6000e+01   2.6990e-04   1.4750e-04   1.8714e-04   1.2661e-03
   8.7000e+01   2.5586e-04   1.3849e-04   1.7787e-04   1.1916e-03
   8.8000e+01   2.3941e-04   1.3236e-04   1.6690e-04   1.1360e-03
   8.9000e+01   2.2923e-04   1.2676e-04   1.5738e-04   1.0663e-03
   9.0000e+01   2.1242e-04   1.1961e-04   1.5026e-04   1.0131e-03
   9.1000e+01   2.0293e-04   1.1490e-04   1.4039e-04   9.5583e-04
   9.2000e+01   1.9308e-04   1.0897e-04   1.3393e-04   9.0305e-04
   9.3000e+01   1.8388e-04   1.0464e-04   1.2799e-04   8.5232e-04
   9.4000e+01   1.7451e-04   9.9094e-05   1.1966e-04   7.9920e-04
   9.5000e+01   1.6658e-04   9.5397e-05   1.1320e-04   7.6146e-04
   9.6000e+01   1.5595e-04   9.1043e-05   1.0983e-04   7.0867e-04
   9.7000e+01   1.4883e-04   8.6216e-05   1.0380e-04   6.6709e-04
   9.8000e+01   1.4267e-04   8.2751e-05   9.8830e-05   6.3713e-04
   9.9000e+01   1.3472e-04   7.8223e-05   9.4370e-05   6.0032e-04
   1.0000e+02   1.2681e-04   7.5696e-05   8.9126e-05   5.7160e-04
   1.0100e+02   1.1937e-04   7.2110e-05   8.5030e-05   5.3574e-04
   1.0200e+02   1.1492e-04   6.8161e-05   7.9879e-05   5.0533e-04
   1.0300e+02   1.0908e-04   6.5013e-05   7.5867e-05   4.7573e-04
   1.0400e+02   1.0386e-04   6.1801e-05   7.1519e-05   4.5731e-04
   1.0500e+02   9.7547e-05   5.9193e-05   6.9098e-05   4.3058e-04
   1.0600e+02   9.3063e-05   5.6609e-05   6.5934e-05   4.0989e-04
   1.0700e+02   8.8061e-05   5.3942e-05   6.3248e-05   3.8266e-04
   1.0800e+02   8.4531e-05   5.1865e-05   5.9506e-05   3.6554e-04
   1.0900e+02   8.0381e-05   4.9775e-05   5.5901e-05   3.4463e-04
   1.1000e+02   7.6617e-05   4.7417e-05   5.4333e-05   3.2898e-04
   1.1100e+02   7.3311e-05   4.5515e-05   5.2138e-05   3.1173e-04
   1.1200e+02   6.9112e-05   4.3065e-05   4.9468e-05   2.9611e-04
   1.1300e+02   6.5969e-05   4.1275e-05   4.6930e-05   2.7840e-04
   1.1400e+02   6.3246e-05   4.0072e-05   4.5361e-05   2.6572e-04
   1.1500e+02   6.0610e-05   3.8345e-05   4.3186e-05   2.5420e-04
   1.1600e+02   5.7520e-05   3.6764e-05   4.0918e-05   2.4132e-04
   1.1700e+02   5.4934e-05   3.4898e-05   3.8773e-05   2.2841e-04
   1.1800e+02   5.1621e-05   3.3496e-05   3.7128e-05   2.1770e-04
   1.1900e+02   5.0017e-05   3.2173e-05   3.5821e-05   2.0736e-04
   1.2000e+02   4.7335e-05   3.0727e-05   3.4162e-05   1.9700e-04
   1.2100e+02   4.5237e-05   2.9818e-05   3.2833e-05   1.8598e-04
   1.2200e+02   4.3109e-05   2.8292e-05   3.1545e-05   1.7527e-04
   1.2300e+02   4.1213e-05   2.7595e-05   3.0297e-05   1.6862e-04
   1.2400e+02   3.9713e-05   2.6008e-05   2.9096e-05   1.6062e-04
   1.2500e+02   3.8014e-05   2.4956e-05   2.7674e-05   1.5265e-04
   1.2600e+02   3.6726e-05   2.3979e-05   2.6905e-05   1.4597e-04
   1.2700e+02   3.4659e-05   2.3126e-05   2.5298e-05   1.4015e-04
   1.2800e+02   3.3595e-05   2.2118e-05   2.4384e-05   1.3332e-04
   1.2900e+02   3.1914e-05   2.1218e-05   2.3407e-05   1.2689e-04
   1.3000e+02   3.0401e-05   2.0457e-05   2.2535e-05   1.2013e-04
   1.3100e+02   2.9090e-05   1.9551e-05   2.1690e-05   1.1562e-04
   1.3200e+02   2.7680e-05   1.8871e-05   2.0676e-05   1.0966e-04
   1.3300e+02   2.6714e-05   1.7898e-05   1.9889e-05   1.0470e-04
   1.3400e+02   2.5679e-05   1.7326e-05   1.9075e-05   1.0163e-04
   1.3500e+02   2.4637e-05   1.6706e-05   1.8536e-05   9.7007e-05
   1.3600e+02   2.3603e-05   1.6036e-05   1.7583e-05   9.3893e-05
   1.3700e+02   2.2663e-05   1.5381e-05   1.7116e-05   8.9576e-05
   1.3800e+02   2.1671e-05   1.4964e-05   1.6472e-05   8.6236e-05
   1.3900e+02   2.0687e-05   1.4229e-05   1.5833e-05   8.3410e-05
   1.4000e+02   1.9921e-05   1.3738e-05   1.5131e-05   8.0383e-05
   1.4100e+02   1.9128e-05   1.3251e-05   1.4496e-05   7.6760e-05
   1.4200e+02   1.8473e-05   1.2855e-05   1.3931e-05   7.4099e-05
   1.4300e+02   1.7773e-05   1.2342e-05   1.3482e-05   7.1583e-05
   1.4400e+02   1.7057e-05   1.1980e-05   1.3041e-05   6.9966e-05
   1.4500e+02   1.6349e-05   1.1417e-05   1.2390e-05   6.7306e-05
   1.4600e+02   1.5733e-05   1.1159e-05   1.2130e-05   6.4716e-05
   1.4700e+02   1.5119e-05   1.0775e-05   1.1612e-05   6.2366e-05
   1.4800e+02   1.4498e-05   1.0396e-05   1.1108e-05   6.1040e-05
   1.4900e+02   1.3954e-05   1.0059e-05   1.0796e-05   5.8716e-05
   1.5000e+02   1.3476e-05   9.7436e-06   1.0423e-05   5.7028e-05
   1.5100e+02   1.2984e-05   9.4167e-06   1.0149e-05   5.5836e-05
   1.5200e+02   1.2440e-05   9.0381e-06   9.7111e-06   5.4001e-05
   1.5300e+02   1.2080e-05   8.8024e-06   9.6440e-06   5.2310e-05
   1.5400e+02   1.1517e-05   8.4966e-06   9.1780e-06   5.0217e-05
   1.5500e+02   1.1188e-05   8.1558e-06   8.9216e-06   4.9624e-05
   1.5600e+02   1.0877e-05   7.9497e-06   8.6956e-06   4.8528e-05
   1.5700e+02   1.0523e-05   7.7625e-06   8.3745e-06   4.7647e-05
   1.5800e+02   1.0182e-05   7.4619e-06   8.2455e-06   4.6908e-05
   1.5900e+02   9.8998e-06   7.2005e-06   7.8816e-06   4.6334e-05
   1.6000e+02   9.5213e-06   7.0120e-06   7.7468e-06   4.5774e-05
   1.6100e+02   9.2343e-06   6.8131e-06   7.4652e-06   4.5211e-05
   1.6200e+02   9.0790e-06   6.6555e-06   7.3129e-06   4.4430e-05
   1.6300e+02   8.7069e-06   6.4578e-06   7.1281e-06   4.3944e-05
   1.6400e+02   8.5540e-06   6.2881e-06   6.9542e-06   4.3899e-05
   1.6500e+02   8.2610e-06   6.1567e-06   6.7649e-06   4.3860e-05
   1.6600e+02   8.0623e-06   6.0232e-06   6.4756e-06   4.3610e-05
   1.6700e+02   7.9046e-06   5.8486e-06   6.3678e-06   4.3244e-05
   1.6800e+02   7.6474e-06   5.7212e-06   6.2380e-06   4.3409e-05
   1.6900e+02   7.4954e-06   5.6338e-06   6.0878e-06   4.3154e-05
   1.7000e+02   7.3358e-06   5.4817e-06   5.9197e-06   4.3277e-05
   1.7100e+02   7.2037e-06   5.3474e-06   5.8158e-06   4.4148e-05
   1.7200e+02   7.0671e-06   5.2939e-06   5.7374e-06   4.4351e-05
   1.7300e+02   6.9676e-06   5.1726e-06   5.5322e-06   4.4965e-05
   1.7400e+02   6.8812e-06   5.1103e-06   5.5166e-06   4.5294e-05
   1.7500e+02   6.7821e-06   5.0086e-06   5.3862e-06   4.6629e-05
   1.7600e+02   6.7580e-06   5.0003e-06   5.2473e-06   4.6875e-05
   1.7700e+02   6.7439e-06   4.8664e-06   5.2204e-06   4.8416e-05
   1.7800e+02   6.7553e-06   4.8163e-06   5.1489e-06   4.9373e-05
   1.7900e+02   6.6163e-06   4.7544e-06   5.0697e-06   5.0985e-05
   1.8000e+02   6.5924e-06   4.7266e-06   4.9873e-06   5.2743e-05
   1.8100e+02   6.5627e-06   4.6829e-06   4.9413e-06   5.4029e-05
   1.8200e+02   6.5064e-06   4.5838e-06   4.8680e-06   5.6274e-05
   1.8300e+02   6.4945e-06   4.4706e-06   4.8139e-06   5.7986e-05
   1.8400e+02   6.5983e-06   4.4739e-06   4.8498e-06   6.0426e-05
   1.8500e+02   6.6189e-06   4.4434e-06   4.7609e-06   6.2812e-05
   1.8600e+02   6.6480e-06   4.3210e-06   4.6936e-06   6.5088e-05
   1.8700e+02   6.7238e-06   4.3145e-06   4.6930e-06   6.8487e-05
   1.8800e+02   6.8914e-06   4.3012e-06   4.7067e-06   7.2055e-05
   1.8900e+02   7.1157e-06   4.3160e-06   4.7387e-06   7.5880e-05
   1.9000e+02   7.4634e-06   4.3990e-06   4.9027e-06   7.9751e-05
   1.9100e+02   8.6683e-06   4.9525e-06   5.5680e-06   8.6842e-05
