# The data in this file was extracted from a direct numerical
# simulation of fully developed plane turbulent channel
# flow. Particulars are listed below. Note that some of the statistical
# quantities provided in this data set should be zero due to
# (statistical) symmetries in the flow. These quantities are reported
# here none-the-less as an indicator of the quality of the statistics.
# more statistics from this data set are available at 
# http://www.tam.uiuc.edu/Faculty/Moser/channel 
#
# Authors: Moser, Kim & Mansour
# Reference: DNS of Turbulent Channel Flow up to Re_tau=590, 1999,
#            Physics of Fluids, vol 11, 943-945.
# Numerical Method: Kim, Moin & Moser, 1987, J. Fluid Mech. vol 177, 133-166 
# Re_tau = 587.19
# Normalization: U_tau, h 
# Description: Spanwise (z) One-dimensional spectra of velocity and pressure at indicated y-location 
# Filename: chan590/spectra/chan590.zspec.10 
# Date File Created: Feb 29, 2000 
#
#---End of Header---
# 
# nz = 384,  Re = 587.19,  y = 0.01689,  y+ =   9.92
#
#     k_z          E_uu         E_vv         E_ww         E_pp
#
   0.0000e+00   6.8937e-02   3.7199e-04   2.1479e-02   4.6928e-01
   2.0000e+00   2.2046e-01   7.5685e-04   4.6323e-02   6.6948e-01
   4.0000e+00   3.1570e-01   7.8275e-04   5.9762e-02   5.2741e-01
   6.0000e+00   2.8189e-01   8.2615e-04   6.2121e-02   4.1800e-01
   8.0000e+00   2.7701e-01   9.1192e-04   6.0125e-02   3.6296e-01
   1.0000e+01   2.7174e-01   9.9386e-04   5.5411e-02   3.1531e-01
   1.2000e+01   2.5592e-01   1.0788e-03   5.3183e-02   2.8390e-01
   1.4000e+01   2.8392e-01   1.2573e-03   5.3962e-02   2.5511e-01
   1.6000e+01   2.8666e-01   1.4301e-03   5.1996e-02   2.3012e-01
   1.8000e+01   2.7148e-01   1.6105e-03   5.0185e-02   2.1170e-01
   2.0000e+01   2.8523e-01   1.7799e-03   4.6194e-02   1.8879e-01
   2.2000e+01   2.8223e-01   1.9654e-03   4.4469e-02   1.7498e-01
   2.4000e+01   2.6858e-01   2.1723e-03   4.3099e-02   1.5887e-01
   2.6000e+01   2.6076e-01   2.3793e-03   4.0038e-02   1.4694e-01
   2.8000e+01   2.4792e-01   2.4871e-03   3.6871e-02   1.3161e-01
   3.0000e+01   2.4283e-01   2.7240e-03   3.5291e-02   1.1997e-01
   3.2000e+01   2.2202e-01   2.8727e-03   3.2381e-02   1.0902e-01
   3.4000e+01   2.1498e-01   3.0129e-03   2.9854e-02   9.9520e-02
   3.6000e+01   1.9800e-01   3.1248e-03   2.7546e-02   9.0205e-02
   3.8000e+01   1.7739e-01   3.1655e-03   2.4459e-02   8.4506e-02
   4.0000e+01   1.6616e-01   3.1867e-03   2.2053e-02   7.5989e-02
   4.2000e+01   1.5743e-01   3.3492e-03   2.0627e-02   6.9775e-02
   4.4000e+01   1.4540e-01   3.3479e-03   1.8601e-02   6.3112e-02
   4.6000e+01   1.3427e-01   3.3187e-03   1.6661e-02   5.7509e-02
   4.8000e+01   1.1971e-01   3.2897e-03   1.4994e-02   5.2462e-02
   5.0000e+01   1.0963e-01   3.2824e-03   1.3640e-02   4.8097e-02
   5.2000e+01   9.8629e-02   3.1291e-03   1.1925e-02   4.2934e-02
   5.4000e+01   9.2510e-02   3.1763e-03   1.1052e-02   3.9591e-02
   5.6000e+01   8.2264e-02   3.0685e-03   9.8161e-03   3.5836e-02
   5.8000e+01   7.3633e-02   2.9352e-03   8.7459e-03   3.2920e-02
   6.0000e+01   6.7336e-02   2.8809e-03   7.9591e-03   2.9976e-02
   6.2000e+01   6.2539e-02   2.7835e-03   7.1294e-03   2.7644e-02
   6.4000e+01   5.4947e-02   2.6836e-03   6.4173e-03   2.5179e-02
   6.6000e+01   5.0403e-02   2.5813e-03   5.7311e-03   2.2979e-02
   6.8000e+01   4.5540e-02   2.4483e-03   5.1045e-03   2.1467e-02
   7.0000e+01   4.2173e-02   2.4187e-03   4.7055e-03   1.9844e-02
   7.2000e+01   3.8028e-02   2.3086e-03   4.2088e-03   1.7977e-02
   7.4000e+01   3.4683e-02   2.1767e-03   3.8127e-03   1.6437e-02
   7.6000e+01   3.1964e-02   2.0576e-03   3.4330e-03   1.5083e-02
   7.8000e+01   2.9257e-02   2.0134e-03   3.1076e-03   1.4173e-02
   8.0000e+01   2.6178e-02   1.8845e-03   2.7885e-03   1.2870e-02
   8.2000e+01   2.3336e-02   1.8059e-03   2.5640e-03   1.1793e-02
   8.4000e+01   2.1780e-02   1.7456e-03   2.3555e-03   1.0998e-02
   8.6000e+01   2.0233e-02   1.6379e-03   2.1457e-03   1.0092e-02
   8.8000e+01   1.8522e-02   1.5526e-03   1.9311e-03   9.3288e-03
   9.0000e+01   1.6781e-02   1.4828e-03   1.7527e-03   8.5882e-03
   9.2000e+01   1.5347e-02   1.3955e-03   1.5660e-03   7.8752e-03
   9.4000e+01   1.4173e-02   1.3167e-03   1.4424e-03   7.2869e-03
   9.6000e+01   1.3096e-02   1.2549e-03   1.3420e-03   6.6779e-03
   9.8000e+01   1.1899e-02   1.1877e-03   1.2115e-03   6.2514e-03
   1.0000e+02   1.1178e-02   1.1085e-03   1.1135e-03   5.8284e-03
   1.0200e+02   1.0127e-02   1.0655e-03   1.0240e-03   5.4266e-03
   1.0400e+02   9.4915e-03   1.0003e-03   9.2794e-04   5.0082e-03
   1.0600e+02   8.6428e-03   9.4596e-04   8.5461e-04   4.6515e-03
   1.0800e+02   8.0883e-03   9.1174e-04   7.9198e-04   4.3321e-03
   1.1000e+02   7.3253e-03   8.5170e-04   7.2927e-04   3.9775e-03
   1.1200e+02   6.9621e-03   7.9978e-04   6.5878e-04   3.7002e-03
   1.1400e+02   6.3224e-03   7.6419e-04   6.1343e-04   3.4213e-03
   1.1600e+02   5.8914e-03   7.1353e-04   5.6893e-04   3.1858e-03
   1.1800e+02   5.4939e-03   6.6941e-04   5.1564e-04   2.9486e-03
   1.2000e+02   5.1433e-03   6.2961e-04   4.7501e-04   2.7391e-03
   1.2200e+02   4.6352e-03   5.9379e-04   4.3817e-04   2.5402e-03
   1.2400e+02   4.3313e-03   5.6012e-04   4.0424e-04   2.3506e-03
   1.2600e+02   4.0257e-03   5.3505e-04   3.7286e-04   2.1811e-03
   1.2800e+02   3.7448e-03   5.0178e-04   3.4803e-04   2.0155e-03
   1.3000e+02   3.4862e-03   4.7929e-04   3.1638e-04   1.8634e-03
   1.3200e+02   3.2626e-03   4.5126e-04   2.9477e-04   1.7557e-03
   1.3400e+02   3.0534e-03   4.2103e-04   2.6880e-04   1.6383e-03
   1.3600e+02   2.8288e-03   3.9596e-04   2.5202e-04   1.5180e-03
   1.3800e+02   2.6214e-03   3.7269e-04   2.3275e-04   1.3989e-03
   1.4000e+02   2.4835e-03   3.5421e-04   2.1628e-04   1.3217e-03
   1.4200e+02   2.2802e-03   3.2851e-04   2.0094e-04   1.2126e-03
   1.4400e+02   2.1546e-03   3.1343e-04   1.8398e-04   1.1390e-03
   1.4600e+02   2.0126e-03   2.9451e-04   1.7428e-04   1.0647e-03
   1.4800e+02   1.8780e-03   2.7445e-04   1.5895e-04   9.8851e-04
   1.5000e+02   1.7562e-03   2.5909e-04   1.4618e-04   9.2716e-04
   1.5200e+02   1.6482e-03   2.4430e-04   1.3691e-04   8.6245e-04
   1.5400e+02   1.5466e-03   2.3376e-04   1.2715e-04   8.0384e-04
   1.5600e+02   1.4313e-03   2.1552e-04   1.1655e-04   7.4184e-04
   1.5800e+02   1.3220e-03   2.0345e-04   1.1114e-04   6.8641e-04
   1.6000e+02   1.2760e-03   1.9232e-04   1.0131e-04   6.4648e-04
   1.6200e+02   1.1906e-03   1.8272e-04   9.5729e-05   6.0397e-04
   1.6400e+02   1.0977e-03   1.7007e-04   8.8225e-05   5.6340e-04
   1.6600e+02   1.0162e-03   1.5872e-04   8.1325e-05   5.1539e-04
   1.6800e+02   9.6224e-04   1.5159e-04   7.6413e-05   4.9203e-04
   1.7000e+02   9.1246e-04   1.4124e-04   7.1520e-05   4.5267e-04
   1.7200e+02   8.5298e-04   1.3550e-04   6.5681e-05   4.3066e-04
   1.7400e+02   7.9914e-04   1.2458e-04   6.2092e-05   4.0042e-04
   1.7600e+02   7.4621e-04   1.1769e-04   5.7640e-05   3.7633e-04
   1.7800e+02   7.0093e-04   1.1304e-04   5.3841e-05   3.5184e-04
   1.8000e+02   6.5504e-04   1.0597e-04   4.9668e-05   3.2198e-04
   1.8200e+02   6.2604e-04   9.8907e-05   4.6687e-05   3.0489e-04
   1.8400e+02   5.8890e-04   9.3539e-05   4.3434e-05   2.8659e-04
   1.8600e+02   5.5481e-04   8.8986e-05   4.0326e-05   2.6860e-04
   1.8800e+02   5.1955e-04   8.2830e-05   3.7766e-05   2.4843e-04
   1.9000e+02   4.8422e-04   7.8401e-05   3.5153e-05   2.3446e-04
   1.9200e+02   4.6255e-04   7.3121e-05   3.3026e-05   2.1873e-04
   1.9400e+02   4.3422e-04   7.0258e-05   3.0843e-05   2.0294e-04
   1.9600e+02   4.0272e-04   6.5986e-05   2.8988e-05   1.8992e-04
   1.9800e+02   3.8103e-04   6.1078e-05   2.6874e-05   1.7659e-04
   2.0000e+02   3.5984e-04   5.8615e-05   2.5192e-05   1.6487e-04
   2.0200e+02   3.3627e-04   5.5046e-05   2.3718e-05   1.5614e-04
   2.0400e+02   3.2002e-04   5.2049e-05   2.2201e-05   1.4599e-04
   2.0600e+02   2.9772e-04   4.8717e-05   2.0488e-05   1.3538e-04
   2.0800e+02   2.8211e-04   4.6474e-05   1.9267e-05   1.2734e-04
   2.1000e+02   2.7154e-04   4.3088e-05   1.8410e-05   1.2015e-04
   2.1200e+02   2.5296e-04   4.1600e-05   1.7071e-05   1.1141e-04
   2.1400e+02   2.3524e-04   3.9094e-05   1.5854e-05   1.0339e-04
   2.1600e+02   2.2191e-04   3.6569e-05   1.4985e-05   9.8864e-05
   2.1800e+02   2.1291e-04   3.4206e-05   1.4007e-05   9.0826e-05
   2.2000e+02   2.0127e-04   3.2521e-05   1.3252e-05   8.6365e-05
   2.2200e+02   1.8874e-04   3.0823e-05   1.2205e-05   8.0970e-05
   2.2400e+02   1.7518e-04   2.8513e-05   1.1392e-05   7.6574e-05
   2.2600e+02   1.6682e-04   2.7078e-05   1.0747e-05   7.1869e-05
   2.2800e+02   1.5727e-04   2.5519e-05   1.0045e-05   6.8269e-05
   2.3000e+02   1.5153e-04   2.4201e-05   9.4848e-06   6.3927e-05
   2.3200e+02   1.4254e-04   2.2613e-05   8.9325e-06   6.0724e-05
   2.3400e+02   1.3491e-04   2.1395e-05   8.4408e-06   5.6053e-05
   2.3600e+02   1.2517e-04   2.0735e-05   7.8484e-06   5.3179e-05
   2.3800e+02   1.1928e-04   1.9365e-05   7.3088e-06   5.0361e-05
   2.4000e+02   1.1241e-04   1.8190e-05   6.9009e-06   4.7172e-05
   2.4200e+02   1.0818e-04   1.7122e-05   6.5404e-06   4.4530e-05
   2.4400e+02   1.0123e-04   1.6221e-05   6.0558e-06   4.2309e-05
   2.4600e+02   9.6019e-05   1.5414e-05   5.7695e-06   3.9628e-05
   2.4800e+02   9.0733e-05   1.4536e-05   5.3566e-06   3.7664e-05
   2.5000e+02   8.6481e-05   1.3598e-05   5.1124e-06   3.5933e-05
   2.5200e+02   8.0093e-05   1.2741e-05   4.7827e-06   3.3684e-05
   2.5400e+02   7.6334e-05   1.2138e-05   4.4672e-06   3.1725e-05
   2.5600e+02   7.2205e-05   1.1455e-05   4.1852e-06   3.0615e-05
   2.5800e+02   6.8122e-05   1.0936e-05   3.9708e-06   2.9037e-05
   2.6000e+02   6.5119e-05   1.0384e-05   3.7200e-06   2.7716e-05
   2.6200e+02   6.1379e-05   9.7651e-06   3.5667e-06   2.6240e-05
   2.6400e+02   5.7657e-05   9.2806e-06   3.2973e-06   2.5177e-05
   2.6600e+02   5.5027e-05   8.7021e-06   3.1264e-06   2.4084e-05
   2.6800e+02   5.2393e-05   8.3123e-06   2.9224e-06   2.2976e-05
   2.7000e+02   4.9435e-05   7.7375e-06   2.8049e-06   2.2211e-05
   2.7200e+02   4.6803e-05   7.4130e-06   2.6102e-06   2.1330e-05
   2.7400e+02   4.4557e-05   6.9510e-06   2.4618e-06   2.0400e-05
   2.7600e+02   4.1712e-05   6.5905e-06   2.3347e-06   1.9739e-05
   2.7800e+02   3.9561e-05   6.2115e-06   2.2127e-06   1.9180e-05
   2.8000e+02   3.7741e-05   5.9802e-06   2.0826e-06   1.8555e-05
   2.8200e+02   3.5680e-05   5.6108e-06   1.9789e-06   1.8229e-05
   2.8400e+02   3.4022e-05   5.3420e-06   1.8478e-06   1.7840e-05
   2.8600e+02   3.2403e-05   5.0624e-06   1.7336e-06   1.7447e-05
   2.8800e+02   3.0611e-05   4.7364e-06   1.6713e-06   1.7213e-05
   2.9000e+02   2.9138e-05   4.5314e-06   1.5651e-06   1.6889e-05
   2.9200e+02   2.7474e-05   4.3099e-06   1.4735e-06   1.6787e-05
   2.9400e+02   2.6282e-05   4.0709e-06   1.3903e-06   1.6730e-05
   2.9600e+02   2.4915e-05   3.8464e-06   1.3323e-06   1.6564e-05
   2.9800e+02   2.3692e-05   3.6733e-06   1.2595e-06   1.6572e-05
   3.0000e+02   2.2379e-05   3.4738e-06   1.1899e-06   1.6671e-05
   3.0200e+02   2.1481e-05   3.2739e-06   1.1326e-06   1.6871e-05
   3.0400e+02   2.0364e-05   3.1260e-06   1.0702e-06   1.7016e-05
   3.0600e+02   1.9173e-05   3.0085e-06   1.0197e-06   1.7247e-05
   3.0800e+02   1.8480e-05   2.8543e-06   9.6836e-07   1.7449e-05
   3.1000e+02   1.7470e-05   2.7096e-06   9.2063e-07   1.7816e-05
   3.1200e+02   1.6820e-05   2.5213e-06   8.7227e-07   1.8310e-05
   3.1400e+02   1.6084e-05   2.4304e-06   8.4006e-07   1.8815e-05
   3.1600e+02   1.5561e-05   2.3164e-06   7.9591e-07   1.9439e-05
   3.1800e+02   1.4785e-05   2.2197e-06   7.6423e-07   2.0086e-05
   3.2000e+02   1.4136e-05   2.1109e-06   7.3116e-07   2.0985e-05
   3.2200e+02   1.3477e-05   2.0419e-06   6.9690e-07   2.1673e-05
   3.2400e+02   1.2830e-05   1.9426e-06   6.6320e-07   2.2749e-05
   3.2600e+02   1.2537e-05   1.8608e-06   6.4417e-07   2.3844e-05
   3.2800e+02   1.1918e-05   1.7894e-06   6.0695e-07   2.5032e-05
   3.3000e+02   1.1498e-05   1.7215e-06   5.8912e-07   2.6178e-05
   3.3200e+02   1.1166e-05   1.6434e-06   5.6934e-07   2.7481e-05
   3.3400e+02   1.0790e-05   1.5815e-06   5.4738e-07   2.9194e-05
   3.3600e+02   1.0408e-05   1.5322e-06   5.3219e-07   3.0737e-05
   3.3800e+02   1.0119e-05   1.4717e-06   5.1259e-07   3.3058e-05
   3.4000e+02   9.8845e-06   1.4264e-06   4.9393e-07   3.4910e-05
   3.4200e+02   9.6182e-06   1.3720e-06   4.8084e-07   3.7590e-05
   3.4400e+02   9.2345e-06   1.3347e-06   4.6197e-07   3.9861e-05
   3.4600e+02   9.1337e-06   1.2861e-06   4.5527e-07   4.2430e-05
   3.4800e+02   8.8216e-06   1.2565e-06   4.3881e-07   4.4699e-05
   3.5000e+02   8.5161e-06   1.2096e-06   4.2902e-07   4.8116e-05
   3.5200e+02   8.4843e-06   1.1856e-06   4.1739e-07   5.1025e-05
   3.5400e+02   8.2238e-06   1.1556e-06   4.0572e-07   5.4553e-05
   3.5600e+02   8.0399e-06   1.1362e-06   3.9397e-07   5.7721e-05
   3.5800e+02   7.9757e-06   1.0971e-06   3.8445e-07   6.0889e-05
   3.6000e+02   7.7408e-06   1.0767e-06   3.7420e-07   6.5153e-05
   3.6200e+02   7.5509e-06   1.0470e-06   3.6542e-07   6.8637e-05
   3.6400e+02   7.3350e-06   1.0190e-06   3.5481e-07   7.3365e-05
   3.6600e+02   7.2172e-06   9.9071e-07   3.4171e-07   7.7094e-05
   3.6800e+02   7.0422e-06   9.6108e-07   3.3096e-07   8.0382e-05
   3.7000e+02   6.8670e-06   9.1236e-07   3.1500e-07   8.4548e-05
   3.7200e+02   6.6558e-06   8.7245e-07   3.0263e-07   8.8203e-05
   3.7400e+02   6.2932e-06   8.4183e-07   2.8804e-07   9.0431e-05
   3.7600e+02   5.9784e-06   7.9105e-07   2.7047e-07   9.4454e-05
   3.7800e+02   5.6633e-06   7.5112e-07   2.5327e-07   9.7975e-05
   3.8000e+02   5.3187e-06   7.0288e-07   2.3937e-07   1.0019e-04
   3.8200e+02   5.0803e-06   6.7228e-07   2.2826e-07   1.0443e-04
