# The data in this file was extracted from a direct numerical
# simulation of fully developed plane turbulent channel
# flow. Particulars are listed below. Note that some of the statistical
# quantities provided in this data set should be zero due to
# (statistical) symmetries in the flow. These quantities are reported
# here none-the-less as an indicator of the quality of the statistics.
# more statistics from this data set are available at 
# http://www.tam.uiuc.edu/Faculty/Moser/channel 
#
# Authors: Moser, Kim & Mansour
# Reference: DNS of Turbulent Channel Flow up to Re_tau=590, 1999,
#            Physics of Fluids, vol 11, 943-945.
# Numerical Method: Kim, Moin & Moser, 1987, J. Fluid Mech. vol 177, 133-166 
# Re_tau = 587.19
# Normalization: U_tau, h 
# Description: Streamwise (x) One-dimensional spectra of velocity and pressure at indicated y-location 
# Filename: chan590/spectra/chan590.xspec.403 
# Date File Created: Feb 29, 2000 
#
#---End of Header---
# 
# nx = 384,  Re = 587.19,  y = 0.68632,  y+ = 403.00
#
#     k_x          E_uu         E_vv         E_ww         E_pp
#
   0.0000e+00   2.5787e-01   2.2667e-02   2.0417e-02   3.3108e-02
   1.0000e+00   2.5868e-01   4.3597e-02   7.1722e-02   1.2692e-01
   2.0000e+00   1.6866e-01   5.9190e-02   8.3631e-02   1.7235e-01
   3.0000e+00   1.1163e-01   4.7975e-02   6.6043e-02   1.3601e-01
   4.0000e+00   7.7117e-02   4.1336e-02   5.6253e-02   1.2208e-01
   5.0000e+00   5.0734e-02   3.6699e-02   4.2519e-02   9.3155e-02
   6.0000e+00   3.8170e-02   3.2078e-02   3.6526e-02   8.4223e-02
   7.0000e+00   3.0774e-02   2.8355e-02   3.4477e-02   6.7583e-02
   8.0000e+00   2.3597e-02   2.4394e-02   2.9826e-02   5.3791e-02
   9.0000e+00   2.0344e-02   2.2066e-02   2.5418e-02   4.7695e-02
   1.0000e+01   1.6174e-02   1.9427e-02   2.0895e-02   4.0282e-02
   1.1000e+01   1.3740e-02   1.6651e-02   1.7934e-02   3.4747e-02
   1.2000e+01   1.1251e-02   1.5011e-02   1.6666e-02   2.9411e-02
   1.3000e+01   9.5038e-03   1.3248e-02   1.4593e-02   2.4942e-02
   1.4000e+01   8.1615e-03   1.1427e-02   1.2401e-02   2.1996e-02
   1.5000e+01   7.0927e-03   1.0014e-02   1.1080e-02   1.8981e-02
   1.6000e+01   6.1060e-03   8.8865e-03   1.0330e-02   1.6209e-02
   1.7000e+01   5.3129e-03   8.1133e-03   8.7297e-03   1.4261e-02
   1.8000e+01   4.6724e-03   7.2015e-03   8.1087e-03   1.2350e-02
   1.9000e+01   4.0249e-03   6.4894e-03   6.9455e-03   1.0770e-02
   2.0000e+01   3.5300e-03   5.9315e-03   6.2389e-03   9.3130e-03
   2.1000e+01   3.1914e-03   5.3738e-03   5.6407e-03   8.4981e-03
   2.2000e+01   2.8508e-03   4.6857e-03   5.0460e-03   7.4671e-03
   2.3000e+01   2.4892e-03   4.3744e-03   4.4801e-03   6.7063e-03
   2.4000e+01   2.1902e-03   3.9260e-03   4.0602e-03   5.9111e-03
   2.5000e+01   1.9057e-03   3.5947e-03   3.6488e-03   5.2487e-03
   2.6000e+01   1.7432e-03   3.2431e-03   3.2470e-03   4.5383e-03
   2.7000e+01   1.5544e-03   2.8742e-03   3.0310e-03   4.2277e-03
   2.8000e+01   1.3775e-03   2.6546e-03   2.7721e-03   3.6441e-03
   2.9000e+01   1.2174e-03   2.3845e-03   2.4195e-03   3.3526e-03
   3.0000e+01   1.1021e-03   2.2600e-03   2.2540e-03   2.9324e-03
   3.1000e+01   9.9264e-04   1.9990e-03   2.0824e-03   2.6182e-03
   3.2000e+01   8.9767e-04   1.7952e-03   1.8150e-03   2.3492e-03
   3.3000e+01   8.1167e-04   1.6458e-03   1.7184e-03   2.0947e-03
   3.4000e+01   7.3816e-04   1.5071e-03   1.6089e-03   1.9074e-03
   3.5000e+01   6.6328e-04   1.3864e-03   1.4012e-03   1.7005e-03
   3.6000e+01   5.9340e-04   1.2570e-03   1.2779e-03   1.5848e-03
   3.7000e+01   5.4474e-04   1.1779e-03   1.1700e-03   1.3941e-03
   3.8000e+01   5.0337e-04   1.0334e-03   1.1061e-03   1.2625e-03
   3.9000e+01   4.4522e-04   9.7886e-04   1.0120e-03   1.1524e-03
   4.0000e+01   4.0883e-04   8.8367e-04   9.1600e-04   1.0192e-03
   4.1000e+01   3.7970e-04   8.2186e-04   8.5925e-04   9.1289e-04
   4.2000e+01   3.4100e-04   7.5525e-04   7.5104e-04   8.4485e-04
   4.3000e+01   3.1323e-04   7.0657e-04   7.0477e-04   7.5980e-04
   4.4000e+01   2.8077e-04   6.3599e-04   6.4668e-04   6.6166e-04
   4.5000e+01   2.5879e-04   5.8755e-04   5.9648e-04   6.1790e-04
   4.6000e+01   2.3461e-04   5.5185e-04   5.4322e-04   5.5109e-04
   4.7000e+01   2.1368e-04   5.0315e-04   5.1563e-04   5.1177e-04
   4.8000e+01   1.9753e-04   4.6387e-04   4.6328e-04   4.7253e-04
   4.9000e+01   1.8343e-04   4.2289e-04   4.4571e-04   4.2769e-04
   5.0000e+01   1.6575e-04   4.0010e-04   4.0225e-04   3.9017e-04
   5.1000e+01   1.5567e-04   3.6878e-04   3.7267e-04   3.4721e-04
   5.2000e+01   1.4053e-04   3.4003e-04   3.3706e-04   3.1479e-04
   5.3000e+01   1.3148e-04   3.1274e-04   3.1965e-04   2.8927e-04
   5.4000e+01   1.1807e-04   2.8930e-04   2.9363e-04   2.5958e-04
   5.5000e+01   1.1107e-04   2.6615e-04   2.7422e-04   2.3737e-04
   5.6000e+01   1.0031e-04   2.4991e-04   2.5340e-04   2.2117e-04
   5.7000e+01   9.3650e-05   2.3000e-04   2.3706e-04   1.9939e-04
   5.8000e+01   8.5991e-05   2.1570e-04   2.1623e-04   1.8105e-04
   5.9000e+01   7.7786e-05   1.9957e-04   1.9962e-04   1.6952e-04
   6.0000e+01   7.3530e-05   1.8342e-04   1.9055e-04   1.5365e-04
   6.1000e+01   6.7149e-05   1.6949e-04   1.7365e-04   1.3984e-04
   6.2000e+01   6.1496e-05   1.5951e-04   1.6054e-04   1.3324e-04
   6.3000e+01   5.7670e-05   1.4776e-04   1.5083e-04   1.1605e-04
   6.4000e+01   5.2889e-05   1.4165e-04   1.4367e-04   1.0869e-04
   6.5000e+01   4.9637e-05   1.2935e-04   1.3070e-04   9.8797e-05
   6.6000e+01   4.5916e-05   1.2061e-04   1.2073e-04   9.3725e-05
   6.7000e+01   4.1991e-05   1.1052e-04   1.1211e-04   8.3991e-05
   6.8000e+01   3.9952e-05   1.0524e-04   1.0558e-04   7.7715e-05
   6.9000e+01   3.6620e-05   9.6438e-05   1.0038e-04   7.1906e-05
   7.0000e+01   3.4271e-05   9.1931e-05   9.1737e-05   6.5541e-05
   7.1000e+01   3.1391e-05   8.3775e-05   8.5810e-05   5.9284e-05
   7.2000e+01   2.9441e-05   8.0093e-05   8.1972e-05   5.6073e-05
   7.3000e+01   2.7167e-05   7.4439e-05   7.6074e-05   5.1011e-05
   7.4000e+01   2.5127e-05   6.9789e-05   7.0517e-05   4.7594e-05
   7.5000e+01   2.3208e-05   6.5235e-05   6.6926e-05   4.3436e-05
   7.6000e+01   2.1893e-05   6.0888e-05   6.0803e-05   4.0724e-05
   7.7000e+01   2.0640e-05   5.6165e-05   5.7163e-05   3.6224e-05
   7.8000e+01   1.9058e-05   5.2617e-05   5.3158e-05   3.3697e-05
   7.9000e+01   1.7845e-05   4.9817e-05   4.9651e-05   3.1953e-05
   8.0000e+01   1.6658e-05   4.5969e-05   4.7419e-05   2.8691e-05
   8.1000e+01   1.5324e-05   4.2655e-05   4.3448e-05   2.6856e-05
   8.2000e+01   1.4501e-05   4.1239e-05   4.0905e-05   2.4826e-05
   8.3000e+01   1.3422e-05   3.7370e-05   3.8653e-05   2.2583e-05
   8.4000e+01   1.2631e-05   3.5518e-05   3.5538e-05   2.0422e-05
   8.5000e+01   1.1714e-05   3.3173e-05   3.3836e-05   1.9729e-05
   8.6000e+01   1.1071e-05   3.1007e-05   3.2133e-05   1.8021e-05
   8.7000e+01   1.0277e-05   2.9273e-05   2.9956e-05   1.6521e-05
   8.8000e+01   9.6199e-06   2.7454e-05   2.8089e-05   1.5618e-05
   8.9000e+01   9.0141e-06   2.5191e-05   2.5897e-05   1.4207e-05
   9.0000e+01   8.2761e-06   2.4074e-05   2.4778e-05   1.3446e-05
   9.1000e+01   7.7460e-06   2.2453e-05   2.2897e-05   1.2273e-05
   9.2000e+01   7.3241e-06   2.1370e-05   2.1606e-05   1.1274e-05
   9.3000e+01   6.7460e-06   1.9464e-05   2.0426e-05   1.0483e-05
   9.4000e+01   6.3847e-06   1.8448e-05   1.9330e-05   9.6840e-06
   9.5000e+01   5.9620e-06   1.7492e-05   1.7641e-05   9.1173e-06
   9.6000e+01   5.6290e-06   1.6286e-05   1.7009e-05   8.3186e-06
   9.7000e+01   5.1920e-06   1.5672e-05   1.5495e-05   7.7389e-06
   9.8000e+01   4.8732e-06   1.4541e-05   1.5116e-05   7.1971e-06
   9.9000e+01   4.6040e-06   1.3648e-05   1.4000e-05   6.6469e-06
   1.0000e+02   4.2585e-06   1.2790e-05   1.3117e-05   6.2015e-06
   1.0100e+02   4.0143e-06   1.2114e-05   1.2637e-05   5.8264e-06
   1.0200e+02   3.7842e-06   1.1356e-05   1.1698e-05   5.3039e-06
   1.0300e+02   3.4865e-06   1.0626e-05   1.0826e-05   5.0260e-06
   1.0400e+02   3.3597e-06   1.0163e-05   1.0488e-05   4.6646e-06
   1.0500e+02   3.1106e-06   9.5312e-06   9.7206e-06   4.3683e-06
   1.0600e+02   2.8793e-06   8.7482e-06   9.1108e-06   4.0453e-06
   1.0700e+02   2.7260e-06   8.3962e-06   8.4511e-06   3.7420e-06
   1.0800e+02   2.5421e-06   7.8808e-06   8.1526e-06   3.4568e-06
   1.0900e+02   2.4042e-06   7.5813e-06   7.6246e-06   3.2683e-06
   1.1000e+02   2.2490e-06   7.0219e-06   7.0939e-06   3.0117e-06
   1.1100e+02   2.0907e-06   6.6894e-06   6.6478e-06   2.8208e-06
   1.1200e+02   1.9860e-06   6.3344e-06   6.4063e-06   2.5798e-06
   1.1300e+02   1.8687e-06   5.7891e-06   5.9286e-06   2.4044e-06
   1.1400e+02   1.7597e-06   5.5807e-06   5.6638e-06   2.3148e-06
   1.1500e+02   1.6568e-06   5.2087e-06   5.2485e-06   2.1786e-06
   1.1600e+02   1.5437e-06   4.8501e-06   4.9264e-06   1.9899e-06
   1.1700e+02   1.4530e-06   4.6777e-06   4.6679e-06   1.8731e-06
   1.1800e+02   1.3644e-06   4.2943e-06   4.4464e-06   1.7637e-06
   1.1900e+02   1.2758e-06   4.1229e-06   4.2194e-06   1.6220e-06
   1.2000e+02   1.1891e-06   3.8761e-06   3.9444e-06   1.5495e-06
   1.2100e+02   1.1400e-06   3.6471e-06   3.7902e-06   1.4292e-06
   1.2200e+02   1.0703e-06   3.4249e-06   3.4680e-06   1.3454e-06
   1.2300e+02   1.0031e-06   3.2434e-06   3.3399e-06   1.2567e-06
   1.2400e+02   9.4342e-07   3.0397e-06   3.1221e-06   1.1817e-06
   1.2500e+02   8.9035e-07   2.9064e-06   2.9470e-06   1.1066e-06
   1.2600e+02   8.3729e-07   2.7363e-06   2.7720e-06   1.0410e-06
   1.2700e+02   7.8064e-07   2.5704e-06   2.6223e-06   9.7254e-07
   1.2800e+02   7.4765e-07   2.4512e-06   2.5138e-06   9.3474e-07
   1.2900e+02   7.0100e-07   2.2433e-06   2.3852e-06   8.4437e-07
   1.3000e+02   6.5968e-07   2.1424e-06   2.2827e-06   8.1612e-07
   1.3100e+02   6.1445e-07   2.0366e-06   2.0796e-06   7.8187e-07
   1.3200e+02   5.7803e-07   1.9365e-06   1.9796e-06   7.3072e-07
   1.3300e+02   5.4252e-07   1.7914e-06   1.8968e-06   6.9090e-07
   1.3400e+02   5.1589e-07   1.7010e-06   1.7837e-06   6.4901e-07
   1.3500e+02   4.8606e-07   1.6100e-06   1.6722e-06   6.1519e-07
   1.3600e+02   4.6296e-07   1.5304e-06   1.5982e-06   5.7807e-07
   1.3700e+02   4.2725e-07   1.4400e-06   1.4803e-06   5.4311e-07
   1.3800e+02   4.1042e-07   1.3589e-06   1.4176e-06   5.2022e-07
   1.3900e+02   3.8661e-07   1.2920e-06   1.3374e-06   4.9823e-07
   1.4000e+02   3.6344e-07   1.2132e-06   1.2929e-06   4.6993e-07
   1.4100e+02   3.4416e-07   1.1697e-06   1.2055e-06   4.5086e-07
   1.4200e+02   3.2384e-07   1.0777e-06   1.1328e-06   4.2499e-07
   1.4300e+02   3.0401e-07   1.0256e-06   1.0605e-06   4.0906e-07
   1.4400e+02   2.8817e-07   9.5990e-07   1.0042e-06   3.9517e-07
   1.4500e+02   2.7042e-07   9.2409e-07   9.4490e-07   3.8043e-07
   1.4600e+02   2.5382e-07   8.5597e-07   8.9331e-07   3.5906e-07
   1.4700e+02   2.4408e-07   8.2059e-07   8.6937e-07   3.4770e-07
   1.4800e+02   2.2574e-07   7.6807e-07   8.0996e-07   3.3451e-07
   1.4900e+02   2.1656e-07   7.2588e-07   7.5539e-07   3.1850e-07
   1.5000e+02   2.0393e-07   6.9293e-07   7.1234e-07   3.0855e-07
   1.5100e+02   1.9187e-07   6.5542e-07   6.7695e-07   3.0221e-07
   1.5200e+02   1.8219e-07   6.2076e-07   6.4520e-07   2.9312e-07
   1.5300e+02   1.7142e-07   5.8631e-07   6.1710e-07   2.8712e-07
   1.5400e+02   1.6186e-07   5.5069e-07   5.9131e-07   2.7879e-07
   1.5500e+02   1.5338e-07   5.2082e-07   5.5166e-07   2.7255e-07
   1.5600e+02   1.4909e-07   4.9860e-07   5.3247e-07   2.6917e-07
   1.5700e+02   1.3860e-07   4.7428e-07   4.9403e-07   2.6563e-07
   1.5800e+02   1.3016e-07   4.4711e-07   4.6930e-07   2.6161e-07
   1.5900e+02   1.2477e-07   4.2903e-07   4.4988e-07   2.5785e-07
   1.6000e+02   1.1790e-07   4.0742e-07   4.2855e-07   2.5740e-07
   1.6100e+02   1.1332e-07   3.8626e-07   4.0646e-07   2.5544e-07
   1.6200e+02   1.0580e-07   3.6980e-07   3.8383e-07   2.5235e-07
   1.6300e+02   1.0180e-07   3.4829e-07   3.6555e-07   2.5704e-07
   1.6400e+02   9.6402e-08   3.3253e-07   3.4856e-07   2.5525e-07
   1.6500e+02   9.1852e-08   3.1692e-07   3.3442e-07   2.6002e-07
   1.6600e+02   8.6823e-08   3.0185e-07   3.2374e-07   2.5992e-07
   1.6700e+02   8.3840e-08   2.8975e-07   3.0136e-07   2.6630e-07
   1.6800e+02   7.9837e-08   2.7322e-07   2.9276e-07   2.6745e-07
   1.6900e+02   7.6189e-08   2.6702e-07   2.7717e-07   2.6993e-07
   1.7000e+02   7.3783e-08   2.5411e-07   2.6450e-07   2.7008e-07
   1.7100e+02   6.9806e-08   2.4495e-07   2.5705e-07   2.8153e-07
   1.7200e+02   6.7151e-08   2.3273e-07   2.4740e-07   2.8563e-07
   1.7300e+02   6.3884e-08   2.2704e-07   2.4003e-07   2.9607e-07
   1.7400e+02   6.2333e-08   2.1640e-07   2.3151e-07   3.0659e-07
   1.7500e+02   6.0009e-08   2.1193e-07   2.2425e-07   3.1154e-07
   1.7600e+02   5.7775e-08   2.0628e-07   2.1938e-07   3.3015e-07
   1.7700e+02   5.6078e-08   2.0243e-07   2.0909e-07   3.4354e-07
   1.7800e+02   5.4033e-08   1.9251e-07   2.0733e-07   3.5854e-07
   1.7900e+02   5.3341e-08   1.9023e-07   2.0269e-07   3.7465e-07
   1.8000e+02   5.2716e-08   1.8736e-07   2.0239e-07   3.8671e-07
   1.8100e+02   5.1401e-08   1.8036e-07   1.9779e-07   4.1028e-07
   1.8200e+02   5.0603e-08   1.7953e-07   1.9143e-07   4.1991e-07
   1.8300e+02   4.9924e-08   1.7498e-07   1.9162e-07   4.5253e-07
   1.8400e+02   5.0417e-08   1.7413e-07   1.9323e-07   4.8107e-07
   1.8500e+02   4.9274e-08   1.7473e-07   1.9486e-07   5.1179e-07
   1.8600e+02   4.9111e-08   1.7329e-07   1.9620e-07   5.3739e-07
   1.8700e+02   4.8518e-08   1.7499e-07   1.9411e-07   5.7105e-07
   1.8800e+02   4.9441e-08   1.7849e-07   1.9760e-07   6.0997e-07
   1.8900e+02   5.0129e-08   1.8532e-07   2.0348e-07   6.4575e-07
   1.9000e+02   5.0931e-08   1.9172e-07   2.1492e-07   6.8828e-07
   1.9100e+02   4.8696e-08   1.8382e-07   2.1062e-07   7.4624e-07
