# The data in this file was extracted from a direct numerical
# simulation of fully developed plane turbulent channel
# flow. Particulars are listed below. Note that some of the statistical
# quantities provided in this data set should be zero due to
# (statistical) symmetries in the flow. These quantities are reported
# here none-the-less as an indicator of the quality of the statistics.
# more statistics from this data set are available at 
# http://www.tam.uiuc.edu/Faculty/Moser/channel 
#
# Authors: Moser, Kim & Mansour
# Reference: DNS of Turbulent Channel Flow up to Re_tau=590, 1999,
#            Physics of Fluids, vol 11, 943-945.
# Numerical Method: Kim, Moin & Moser, 1987, J. Fluid Mech. vol 177, 133-166 
# Re_tau = 587.19
# Normalization: U_tau, h 
# Description: Spanwise (z) One-dimensional spectra of velocity and pressure at indicated y-location 
# Filename: chan590/spectra/chan590.zspec.298 
# Date File Created: Feb 29, 2000 
#
#---End of Header---
# 
# nz = 384,  Re = 587.19,  y = 0.50710,  y+ = 297.77
#
#     k_z          E_uu         E_vv         E_ww         E_pp
#
   0.0000e+00   7.1177e-02   3.9764e-02   9.1056e-02   3.8902e-01
   2.0000e+00   3.1927e-01   8.6402e-02   2.4132e-01   4.8642e-01
   4.0000e+00   5.2189e-01   9.7260e-02   1.7473e-01   3.4238e-01
   6.0000e+00   2.4982e-01   8.4579e-02   1.2156e-01   2.1605e-01
   8.0000e+00   1.5566e-01   7.1134e-02   8.1540e-02   1.5292e-01
   1.0000e+01   1.0130e-01   5.6992e-02   5.7289e-02   1.0498e-01
   1.2000e+01   6.7522e-02   4.4672e-02   4.0934e-02   8.0376e-02
   1.4000e+01   4.9085e-02   3.7251e-02   2.9516e-02   6.0877e-02
   1.6000e+01   3.8269e-02   3.0063e-02   2.2863e-02   4.8157e-02
   1.8000e+01   2.8938e-02   2.5172e-02   1.7558e-02   3.7134e-02
   2.0000e+01   2.3381e-02   2.0963e-02   1.3554e-02   2.9765e-02
   2.2000e+01   1.8381e-02   1.7056e-02   1.0787e-02   2.3762e-02
   2.4000e+01   1.5996e-02   1.5111e-02   8.6064e-03   1.9307e-02
   2.6000e+01   1.2895e-02   1.2714e-02   6.9244e-03   1.5519e-02
   2.8000e+01   1.0571e-02   1.0620e-02   5.5961e-03   1.2916e-02
   3.0000e+01   8.7125e-03   9.1976e-03   4.5225e-03   1.0709e-02
   3.2000e+01   7.3075e-03   7.6082e-03   3.7456e-03   8.7908e-03
   3.4000e+01   6.1475e-03   6.6473e-03   3.0890e-03   7.3954e-03
   3.6000e+01   5.2566e-03   5.5385e-03   2.5408e-03   6.1106e-03
   3.8000e+01   4.4723e-03   4.8678e-03   2.1179e-03   5.1303e-03
   4.0000e+01   3.8061e-03   4.1134e-03   1.7757e-03   4.3203e-03
   4.2000e+01   3.2615e-03   3.5323e-03   1.5179e-03   3.5971e-03
   4.4000e+01   2.8807e-03   3.0865e-03   1.2646e-03   3.0375e-03
   4.6000e+01   2.4614e-03   2.6763e-03   1.0584e-03   2.5349e-03
   4.8000e+01   2.1204e-03   2.2955e-03   9.0797e-04   2.1672e-03
   5.0000e+01   1.8337e-03   1.9789e-03   7.7933e-04   1.8604e-03
   5.2000e+01   1.5975e-03   1.7210e-03   6.5894e-04   1.5417e-03
   5.4000e+01   1.4046e-03   1.5020e-03   5.6400e-04   1.3128e-03
   5.6000e+01   1.2186e-03   1.3136e-03   4.8815e-04   1.0925e-03
   5.8000e+01   1.0544e-03   1.1543e-03   4.1541e-04   9.5044e-04
   6.0000e+01   9.3673e-04   1.0220e-03   3.5986e-04   7.9859e-04
   6.2000e+01   8.3147e-04   8.7942e-04   3.1120e-04   7.0392e-04
   6.4000e+01   7.1995e-04   7.7722e-04   2.7041e-04   6.0058e-04
   6.6000e+01   6.4176e-04   6.7775e-04   2.3614e-04   5.1449e-04
   6.8000e+01   5.5795e-04   6.1114e-04   2.0161e-04   4.4558e-04
   7.0000e+01   5.0365e-04   5.3548e-04   1.7663e-04   3.7957e-04
   7.2000e+01   4.4401e-04   4.7259e-04   1.5474e-04   3.3212e-04
   7.4000e+01   3.9765e-04   4.2127e-04   1.3572e-04   2.8348e-04
   7.6000e+01   3.5078e-04   3.6991e-04   1.1854e-04   2.4761e-04
   7.8000e+01   3.1120e-04   3.3245e-04   1.0353e-04   2.1319e-04
   8.0000e+01   2.7614e-04   2.8843e-04   9.1333e-05   1.8587e-04
   8.2000e+01   2.5081e-04   2.5894e-04   8.0840e-05   1.6076e-04
   8.4000e+01   2.2260e-04   2.2744e-04   7.1770e-05   1.3933e-04
   8.6000e+01   1.9940e-04   2.0507e-04   6.2959e-05   1.2126e-04
   8.8000e+01   1.7771e-04   1.8073e-04   5.5829e-05   1.0539e-04
   9.0000e+01   1.6000e-04   1.6119e-04   4.9530e-05   9.1610e-05
   9.2000e+01   1.4351e-04   1.4597e-04   4.4061e-05   7.9638e-05
   9.4000e+01   1.2801e-04   1.3164e-04   3.8803e-05   7.0319e-05
   9.6000e+01   1.1519e-04   1.1653e-04   3.4599e-05   6.1194e-05
   9.8000e+01   1.0411e-04   1.0342e-04   3.0733e-05   5.3980e-05
   1.0000e+02   9.3914e-05   9.4472e-05   2.7309e-05   4.6750e-05
   1.0200e+02   8.4247e-05   8.3741e-05   2.4051e-05   4.1206e-05
   1.0400e+02   7.6439e-05   7.5199e-05   2.1629e-05   3.6378e-05
   1.0600e+02   6.9493e-05   6.8126e-05   1.9389e-05   3.1399e-05
   1.0800e+02   6.2309e-05   6.1866e-05   1.7304e-05   2.7838e-05
   1.1000e+02   5.6571e-05   5.5244e-05   1.5338e-05   2.4661e-05
   1.1200e+02   5.1425e-05   4.9969e-05   1.3789e-05   2.1741e-05
   1.1400e+02   4.6337e-05   4.5327e-05   1.2357e-05   1.9382e-05
   1.1600e+02   4.2155e-05   4.0539e-05   1.1086e-05   1.7133e-05
   1.1800e+02   3.8247e-05   3.6782e-05   1.0009e-05   1.5024e-05
   1.2000e+02   3.4722e-05   3.3492e-05   8.8068e-06   1.3271e-05
   1.2200e+02   3.1368e-05   3.0294e-05   8.0026e-06   1.1806e-05
   1.2400e+02   2.8671e-05   2.7288e-05   7.2030e-06   1.0567e-05
   1.2600e+02   2.6058e-05   2.5008e-05   6.4696e-06   9.3148e-06
   1.2800e+02   2.3491e-05   2.2445e-05   5.8193e-06   8.4392e-06
   1.3000e+02   2.1513e-05   2.0438e-05   5.2429e-06   7.4711e-06
   1.3200e+02   1.9412e-05   1.8680e-05   4.7294e-06   6.6948e-06
   1.3400e+02   1.7829e-05   1.6767e-05   4.2714e-06   6.0354e-06
   1.3600e+02   1.6214e-05   1.5471e-05   3.8873e-06   5.3142e-06
   1.3800e+02   1.4783e-05   1.4070e-05   3.4895e-06   4.8230e-06
   1.4000e+02   1.3467e-05   1.2669e-05   3.1787e-06   4.2726e-06
   1.4200e+02   1.2353e-05   1.1682e-05   2.8846e-06   3.8835e-06
   1.4400e+02   1.1318e-05   1.0585e-05   2.5850e-06   3.4331e-06
   1.4600e+02   1.0300e-05   9.6337e-06   2.3564e-06   3.1127e-06
   1.4800e+02   9.4650e-06   8.7982e-06   2.1301e-06   2.7973e-06
   1.5000e+02   8.4965e-06   8.1220e-06   1.9219e-06   2.5170e-06
   1.5200e+02   7.8384e-06   7.2770e-06   1.7610e-06   2.2982e-06
   1.5400e+02   7.1557e-06   6.7177e-06   1.5874e-06   2.0670e-06
   1.5600e+02   6.6138e-06   6.1324e-06   1.4484e-06   1.9043e-06
   1.5800e+02   6.0636e-06   5.6144e-06   1.3248e-06   1.6966e-06
   1.6000e+02   5.5798e-06   5.1037e-06   1.1996e-06   1.5368e-06
   1.6200e+02   5.0676e-06   4.6601e-06   1.0794e-06   1.4013e-06
   1.6400e+02   4.6402e-06   4.2891e-06   9.8841e-07   1.2725e-06
   1.6600e+02   4.2705e-06   3.8998e-06   9.0387e-07   1.1623e-06
   1.6800e+02   3.9191e-06   3.5784e-06   8.2071e-07   1.0657e-06
   1.7000e+02   3.5943e-06   3.2769e-06   7.4998e-07   9.7116e-07
   1.7200e+02   3.3128e-06   2.9955e-06   6.8577e-07   8.8131e-07
   1.7400e+02   3.0256e-06   2.7593e-06   6.2040e-07   8.1748e-07
   1.7600e+02   2.7948e-06   2.5126e-06   5.7183e-07   7.4275e-07
   1.7800e+02   2.5477e-06   2.3289e-06   5.1638e-07   6.8722e-07
   1.8000e+02   2.3739e-06   2.1224e-06   4.7121e-07   6.2455e-07
   1.8200e+02   2.1893e-06   1.9626e-06   4.3237e-07   5.7311e-07
   1.8400e+02   2.0134e-06   1.8226e-06   3.9209e-07   5.2746e-07
   1.8600e+02   1.8477e-06   1.6576e-06   3.6022e-07   4.9031e-07
   1.8800e+02   1.6916e-06   1.5181e-06   3.2624e-07   4.5007e-07
   1.9000e+02   1.5813e-06   1.3967e-06   3.0053e-07   4.1677e-07
   1.9200e+02   1.4429e-06   1.2896e-06   2.7490e-07   3.8502e-07
   1.9400e+02   1.3345e-06   1.1947e-06   2.5266e-07   3.5350e-07
   1.9600e+02   1.2305e-06   1.1034e-06   2.3309e-07   3.3076e-07
   1.9800e+02   1.1515e-06   1.0149e-06   2.1090e-07   3.0515e-07
   2.0000e+02   1.0543e-06   9.3216e-07   1.9563e-07   2.8357e-07
   2.0200e+02   9.7117e-07   8.4651e-07   1.7723e-07   2.6467e-07
   2.0400e+02   8.9951e-07   7.8663e-07   1.6455e-07   2.4561e-07
   2.0600e+02   8.2751e-07   7.2544e-07   1.4978e-07   2.2944e-07
   2.0800e+02   7.6412e-07   6.6743e-07   1.3669e-07   2.1555e-07
   2.1000e+02   7.0640e-07   6.1535e-07   1.2728e-07   2.0031e-07
   2.1200e+02   6.5217e-07   5.6121e-07   1.1600e-07   1.8637e-07
   2.1400e+02   6.0531e-07   5.2274e-07   1.0539e-07   1.7446e-07
   2.1600e+02   5.5850e-07   4.8943e-07   9.7842e-08   1.6341e-07
   2.1800e+02   5.2071e-07   4.4491e-07   8.9301e-08   1.5301e-07
   2.2000e+02   4.8100e-07   4.1999e-07   8.2287e-08   1.4422e-07
   2.2200e+02   4.3964e-07   3.8347e-07   7.4991e-08   1.3610e-07
   2.2400e+02   4.1064e-07   3.5058e-07   6.9386e-08   1.2767e-07
   2.2600e+02   3.7981e-07   3.2968e-07   6.3865e-08   1.2005e-07
   2.2800e+02   3.4824e-07   3.0149e-07   5.8788e-08   1.1257e-07
   2.3000e+02   3.2578e-07   2.7846e-07   5.3358e-08   1.0720e-07
   2.3200e+02   3.0344e-07   2.5727e-07   4.9585e-08   9.9955e-08
   2.3400e+02   2.8091e-07   2.3784e-07   4.5705e-08   9.4587e-08
   2.3600e+02   2.5990e-07   2.2160e-07   4.2101e-08   8.9102e-08
   2.3800e+02   2.3928e-07   2.0475e-07   3.8375e-08   8.4928e-08
   2.4000e+02   2.2252e-07   1.8941e-07   3.5675e-08   8.0068e-08
   2.4200e+02   2.0659e-07   1.7626e-07   3.2939e-08   7.6061e-08
   2.4400e+02   1.9167e-07   1.6167e-07   3.0509e-08   7.1863e-08
   2.4600e+02   1.7591e-07   1.5030e-07   2.7860e-08   6.8980e-08
   2.4800e+02   1.6401e-07   1.3801e-07   2.5955e-08   6.4884e-08
   2.5000e+02   1.5289e-07   1.2913e-07   2.3834e-08   6.1775e-08
   2.5200e+02   1.4221e-07   1.1916e-07   2.1806e-08   5.8748e-08
   2.5400e+02   1.3258e-07   1.1096e-07   2.0267e-08   5.5790e-08
   2.5600e+02   1.2224e-07   1.0197e-07   1.8728e-08   5.3079e-08
   2.5800e+02   1.1389e-07   9.5017e-08   1.7232e-08   5.0042e-08
   2.6000e+02   1.0491e-07   8.7941e-08   1.5840e-08   4.8053e-08
   2.6200e+02   9.7645e-08   8.1391e-08   1.4629e-08   4.5582e-08
   2.6400e+02   8.9499e-08   7.5501e-08   1.3442e-08   4.3543e-08
   2.6600e+02   8.4466e-08   6.9660e-08   1.2533e-08   4.1000e-08
   2.6800e+02   7.8532e-08   6.4984e-08   1.1649e-08   3.9447e-08
   2.7000e+02   7.3115e-08   6.0332e-08   1.0697e-08   3.7684e-08
   2.7200e+02   6.8386e-08   5.6102e-08   9.9566e-09   3.6100e-08
   2.7400e+02   6.4279e-08   5.1983e-08   9.1963e-09   3.4306e-08
   2.7600e+02   5.9174e-08   4.8352e-08   8.4576e-09   3.3150e-08
   2.7800e+02   5.4880e-08   4.5081e-08   7.7941e-09   3.1738e-08
   2.8000e+02   5.1286e-08   4.1716e-08   7.2180e-09   3.0024e-08
   2.8200e+02   4.7326e-08   3.9190e-08   6.7053e-09   2.8957e-08
   2.8400e+02   4.4257e-08   3.6140e-08   6.2311e-09   2.7877e-08
   2.8600e+02   4.1192e-08   3.3708e-08   5.7686e-09   2.6709e-08
   2.8800e+02   3.8530e-08   3.1141e-08   5.3663e-09   2.5699e-08
   2.9000e+02   3.5699e-08   2.9303e-08   4.9733e-09   2.4560e-08
   2.9200e+02   3.3036e-08   2.7376e-08   4.5946e-09   2.3751e-08
   2.9400e+02   3.1095e-08   2.5267e-08   4.2873e-09   2.2755e-08
   2.9600e+02   2.9049e-08   2.3595e-08   3.9658e-09   2.1902e-08
   2.9800e+02   2.6848e-08   2.1738e-08   3.6702e-09   2.1189e-08
   3.0000e+02   2.5044e-08   2.0345e-08   3.3968e-09   2.0460e-08
   3.0200e+02   2.3586e-08   1.8970e-08   3.1509e-09   1.9680e-08
   3.0400e+02   2.1661e-08   1.7490e-08   2.9381e-09   1.9172e-08
   3.0600e+02   2.0219e-08   1.6219e-08   2.7158e-09   1.8436e-08
   3.0800e+02   1.9082e-08   1.5155e-08   2.5339e-09   1.7855e-08
   3.1000e+02   1.7588e-08   1.4161e-08   2.3422e-09   1.7267e-08
   3.1200e+02   1.6434e-08   1.3213e-08   2.1830e-09   1.6805e-08
   3.1400e+02   1.5328e-08   1.2191e-08   2.0257e-09   1.6294e-08
   3.1600e+02   1.4426e-08   1.1563e-08   1.8941e-09   1.5750e-08
   3.1800e+02   1.3367e-08   1.0712e-08   1.7511e-09   1.5334e-08
   3.2000e+02   1.2369e-08   9.9041e-09   1.6282e-09   1.4952e-08
   3.2200e+02   1.1768e-08   9.2438e-09   1.5092e-09   1.4689e-08
   3.2400e+02   1.0889e-08   8.7086e-09   1.4039e-09   1.4217e-08
   3.2600e+02   1.0197e-08   8.1349e-09   1.3095e-09   1.4049e-08
   3.2800e+02   9.5768e-09   7.5876e-09   1.2148e-09   1.3690e-08
   3.3000e+02   8.9312e-09   7.2054e-09   1.1262e-09   1.3550e-08
   3.3200e+02   8.2952e-09   6.6350e-09   1.0573e-09   1.3293e-08
   3.3400e+02   7.8029e-09   6.1813e-09   9.8272e-10   1.3164e-08
   3.3600e+02   7.3361e-09   5.8488e-09   9.1525e-10   1.3010e-08
   3.3800e+02   6.8330e-09   5.4944e-09   8.5547e-10   1.2959e-08
   3.4000e+02   6.4106e-09   5.1414e-09   8.1236e-10   1.2811e-08
   3.4200e+02   6.1026e-09   4.8322e-09   7.5730e-10   1.2864e-08
   3.4400e+02   5.7233e-09   4.5388e-09   7.1195e-10   1.2769e-08
   3.4600e+02   5.3708e-09   4.2597e-09   6.5822e-10   1.2771e-08
   3.4800e+02   5.0839e-09   4.0306e-09   6.2579e-10   1.2854e-08
   3.5000e+02   4.7962e-09   3.8207e-09   5.8446e-10   1.3011e-08
   3.5200e+02   4.5692e-09   3.6467e-09   5.5602e-10   1.3032e-08
   3.5400e+02   4.3037e-09   3.4075e-09   5.2369e-10   1.3247e-08
   3.5600e+02   4.1787e-09   3.3007e-09   5.0134e-10   1.3409e-08
   3.5800e+02   3.9670e-09   3.1503e-09   4.7900e-10   1.3707e-08
   3.6000e+02   3.8301e-09   3.0518e-09   4.5895e-10   1.4074e-08
   3.6200e+02   3.7825e-09   2.9774e-09   4.4960e-10   1.4555e-08
   3.6400e+02   3.7124e-09   2.9362e-09   4.3069e-10   1.5111e-08
   3.6600e+02   3.7045e-09   2.9149e-09   4.2854e-10   1.5556e-08
   3.6800e+02   3.6935e-09   2.9115e-09   4.2674e-10   1.6333e-08
   3.7000e+02   3.8124e-09   2.9325e-09   4.3253e-10   1.7173e-08
   3.7200e+02   3.8962e-09   3.0112e-09   4.4422e-10   1.8018e-08
   3.7400e+02   4.0920e-09   3.1338e-09   4.5820e-10   1.9320e-08
   3.7600e+02   4.4379e-09   3.3330e-09   4.6433e-10   2.0995e-08
   3.7800e+02   4.7644e-09   3.5859e-09   4.9485e-10   2.3385e-08
   3.8000e+02   5.1861e-09   3.9025e-09   5.2192e-10   2.6649e-08
   3.8200e+02   5.4720e-09   4.0253e-09   5.3765e-10   3.2125e-08
