# The data in this file was extracted from a direct numerical
# simulation of fully developed plane turbulent channel
# flow. Particulars are listed below. Note that some of the statistical
# quantities provided in this data set should be zero due to
# (statistical) symmetries in the flow. These quantities are reported
# here none-the-less as an indicator of the quality of the statistics.
# more statistics from this data set are available at 
# http://www.tam.uiuc.edu/Faculty/Moser/channel 
#
# Authors: Moser, Kim & Mansour
# Reference: DNS of Turbulent Channel Flow up to Re_tau=590, 1999,
#            Physics of Fluids, vol 11, 943-945.
# Numerical Method: Kim, Moin & Moser, 1987, J. Fluid Mech. vol 177, 133-166 
# Re_tau = 587.19
# Normalization: U_tau, h 
# Description: Streamwise (x) One-dimensional spectra of velocity and pressure at indicated y-location 
# Filename: chan590/spectra/chan590.xspec.80 
# Date File Created: Feb 29, 2000 
#
#---End of Header---
# 
# nx = 384,  Re = 587.19,  y = 0.13603,  y+ =  79.87
#
#     k_x          E_uu         E_vv         E_ww         E_pp
#
   0.0000e+00   7.7018e-01   4.6597e-02   4.7691e-02   1.1116e-01
   1.0000e+00   6.1339e-01   7.9967e-02   1.3004e-01   3.1320e-01
   2.0000e+00   3.8529e-01   6.4329e-02   1.4337e-01   3.7893e-01
   3.0000e+00   2.6043e-01   5.7932e-02   1.2025e-01   3.4203e-01
   4.0000e+00   1.9541e-01   5.1112e-02   1.0432e-01   3.1738e-01
   5.0000e+00   1.6469e-01   4.9403e-02   9.9300e-02   3.2150e-01
   6.0000e+00   1.1987e-01   4.2593e-02   8.0797e-02   2.7888e-01
   7.0000e+00   1.0346e-01   4.2946e-02   7.2953e-02   2.7715e-01
   8.0000e+00   8.7374e-02   3.9747e-02   6.9658e-02   2.2866e-01
   9.0000e+00   7.6319e-02   3.7067e-02   6.2429e-02   2.2091e-01
   1.0000e+01   6.4098e-02   3.5316e-02   5.6745e-02   2.0397e-01
   1.1000e+01   5.5523e-02   3.2104e-02   5.2532e-02   1.8398e-01
   1.2000e+01   4.9039e-02   3.1012e-02   4.8470e-02   1.7290e-01
   1.3000e+01   4.2394e-02   2.7907e-02   4.4704e-02   1.5181e-01
   1.4000e+01   3.7606e-02   2.6833e-02   4.0592e-02   1.4724e-01
   1.5000e+01   3.3694e-02   2.4385e-02   3.7283e-02   1.3325e-01
   1.6000e+01   3.0415e-02   2.3307e-02   3.3896e-02   1.2977e-01
   1.7000e+01   2.7122e-02   2.2131e-02   3.2334e-02   1.1888e-01
   1.8000e+01   2.4689e-02   2.0750e-02   2.9416e-02   1.1293e-01
   1.9000e+01   2.1534e-02   1.9031e-02   2.7798e-02   1.0222e-01
   2.0000e+01   1.9437e-02   1.7583e-02   2.5008e-02   9.6723e-02
   2.1000e+01   1.7411e-02   1.7175e-02   2.3527e-02   9.1280e-02
   2.2000e+01   1.5951e-02   1.5595e-02   2.1869e-02   8.4611e-02
   2.3000e+01   1.4413e-02   1.4917e-02   2.0235e-02   7.8963e-02
   2.4000e+01   1.3462e-02   1.3476e-02   1.9424e-02   7.0442e-02
   2.5000e+01   1.2150e-02   1.3008e-02   1.7473e-02   6.7415e-02
   2.6000e+01   1.1052e-02   1.2154e-02   1.5870e-02   6.2835e-02
   2.7000e+01   1.0191e-02   1.1366e-02   1.5346e-02   6.0276e-02
   2.8000e+01   9.3110e-03   1.0787e-02   1.4132e-02   5.5508e-02
   2.9000e+01   8.4327e-03   9.9250e-03   1.2952e-02   5.1871e-02
   3.0000e+01   7.8453e-03   9.5393e-03   1.2123e-02   4.6879e-02
   3.1000e+01   7.1414e-03   8.9375e-03   1.1544e-02   4.3971e-02
   3.2000e+01   6.7431e-03   8.3233e-03   1.0695e-02   4.1012e-02
   3.3000e+01   6.2098e-03   7.7582e-03   9.8754e-03   3.8153e-02
   3.4000e+01   5.8083e-03   7.3107e-03   9.4162e-03   3.5531e-02
   3.5000e+01   5.3092e-03   6.9900e-03   8.7926e-03   3.3798e-02
   3.6000e+01   4.8847e-03   6.4254e-03   8.2233e-03   3.2078e-02
   3.7000e+01   4.5436e-03   6.0136e-03   7.5946e-03   2.9575e-02
   3.8000e+01   4.2180e-03   5.6974e-03   7.1550e-03   2.7062e-02
   3.9000e+01   3.9200e-03   5.3474e-03   6.6989e-03   2.5131e-02
   4.0000e+01   3.6355e-03   5.1109e-03   6.2043e-03   2.4306e-02
   4.1000e+01   3.4793e-03   4.7124e-03   5.8685e-03   2.1780e-02
   4.2000e+01   3.1447e-03   4.5277e-03   5.4861e-03   2.1044e-02
   4.3000e+01   2.9356e-03   4.2170e-03   5.2181e-03   1.9222e-02
   4.4000e+01   2.7872e-03   3.9575e-03   4.8463e-03   1.8001e-02
   4.5000e+01   2.5414e-03   3.7886e-03   4.5438e-03   1.7145e-02
   4.6000e+01   2.4099e-03   3.5659e-03   4.2272e-03   1.5913e-02
   4.7000e+01   2.2657e-03   3.2746e-03   4.0378e-03   1.4366e-02
   4.8000e+01   2.1327e-03   3.0880e-03   3.7491e-03   1.3420e-02
   4.9000e+01   1.9819e-03   3.0079e-03   3.5933e-03   1.2826e-02
   5.0000e+01   1.8953e-03   2.8477e-03   3.3902e-03   1.2098e-02
   5.1000e+01   1.7424e-03   2.6272e-03   3.1144e-03   1.1452e-02
   5.2000e+01   1.6161e-03   2.5603e-03   2.9747e-03   1.0756e-02
   5.3000e+01   1.5364e-03   2.3753e-03   2.7646e-03   9.9482e-03
   5.4000e+01   1.4186e-03   2.2430e-03   2.5727e-03   9.4142e-03
   5.5000e+01   1.3431e-03   2.0940e-03   2.4445e-03   8.6588e-03
   5.6000e+01   1.2567e-03   1.9976e-03   2.3143e-03   8.2068e-03
   5.7000e+01   1.1963e-03   1.9062e-03   2.2153e-03   7.5909e-03
   5.8000e+01   1.1135e-03   1.8286e-03   2.1046e-03   7.1769e-03
   5.9000e+01   1.0478e-03   1.6927e-03   1.9390e-03   6.6384e-03
   6.0000e+01   9.9456e-04   1.6216e-03   1.8606e-03   6.3349e-03
   6.1000e+01   9.4021e-04   1.5110e-03   1.7228e-03   5.8648e-03
   6.2000e+01   8.8061e-04   1.4619e-03   1.6371e-03   5.5112e-03
   6.3000e+01   8.1928e-04   1.3747e-03   1.5540e-03   5.1542e-03
   6.4000e+01   7.8853e-04   1.2790e-03   1.4715e-03   4.8920e-03
   6.5000e+01   7.3863e-04   1.2136e-03   1.3957e-03   4.5795e-03
   6.6000e+01   6.9420e-04   1.1674e-03   1.3513e-03   4.3243e-03
   6.7000e+01   6.6869e-04   1.1044e-03   1.2800e-03   4.0922e-03
   6.8000e+01   6.2509e-04   1.0557e-03   1.2000e-03   3.8141e-03
   6.9000e+01   5.8960e-04   9.9567e-04   1.1338e-03   3.6384e-03
   7.0000e+01   5.4915e-04   9.5675e-04   1.0687e-03   3.4321e-03
   7.1000e+01   5.2954e-04   8.9173e-04   1.0210e-03   3.1826e-03
   7.2000e+01   5.0186e-04   8.4826e-04   9.5368e-04   2.9769e-03
   7.3000e+01   4.7932e-04   8.1771e-04   9.3025e-04   2.8236e-03
   7.4000e+01   4.4776e-04   7.7230e-04   8.6742e-04   2.6452e-03
   7.5000e+01   4.2640e-04   7.4291e-04   8.1708e-04   2.5115e-03
   7.6000e+01   4.0307e-04   7.0720e-04   7.8943e-04   2.3962e-03
   7.7000e+01   3.8340e-04   6.6203e-04   7.4297e-04   2.2389e-03
   7.8000e+01   3.6333e-04   6.3344e-04   6.9546e-04   2.1145e-03
   7.9000e+01   3.4168e-04   6.0874e-04   6.6621e-04   1.9682e-03
   8.0000e+01   3.2498e-04   5.7713e-04   6.3084e-04   1.8674e-03
   8.1000e+01   3.0592e-04   5.4193e-04   6.0483e-04   1.7686e-03
   8.2000e+01   2.9291e-04   5.2406e-04   5.7621e-04   1.6810e-03
   8.3000e+01   2.8055e-04   5.0125e-04   5.4104e-04   1.5807e-03
   8.4000e+01   2.6578e-04   4.7147e-04   5.1483e-04   1.4958e-03
   8.5000e+01   2.5231e-04   4.4928e-04   4.9348e-04   1.4283e-03
   8.6000e+01   2.3839e-04   4.2693e-04   4.7701e-04   1.3559e-03
   8.7000e+01   2.2908e-04   4.1372e-04   4.5104e-04   1.2764e-03
   8.8000e+01   2.1457e-04   3.8632e-04   4.3371e-04   1.1981e-03
   8.9000e+01   2.0611e-04   3.7112e-04   4.0671e-04   1.1523e-03
   9.0000e+01   1.9555e-04   3.5430e-04   3.9928e-04   1.0750e-03
   9.1000e+01   1.8626e-04   3.3923e-04   3.7036e-04   1.0136e-03
   9.2000e+01   1.7635e-04   3.2576e-04   3.5223e-04   9.6622e-04
   9.3000e+01   1.6798e-04   3.0929e-04   3.4018e-04   9.1509e-04
   9.4000e+01   1.6024e-04   2.9953e-04   3.2375e-04   8.6316e-04
   9.5000e+01   1.5320e-04   2.8252e-04   3.1218e-04   8.1853e-04
   9.6000e+01   1.4691e-04   2.7225e-04   2.9477e-04   7.8557e-04
   9.7000e+01   1.3901e-04   2.5654e-04   2.8027e-04   7.4585e-04
   9.8000e+01   1.3160e-04   2.4835e-04   2.6665e-04   7.0077e-04
   9.9000e+01   1.2541e-04   2.3390e-04   2.6193e-04   6.5867e-04
   1.0000e+02   1.2010e-04   2.2594e-04   2.5070e-04   6.2512e-04
   1.0100e+02   1.1347e-04   2.1668e-04   2.3598e-04   5.8761e-04
   1.0200e+02   1.0907e-04   2.0831e-04   2.2024e-04   5.6097e-04
   1.0300e+02   1.0503e-04   1.9613e-04   2.1676e-04   5.3107e-04
   1.0400e+02   9.9626e-05   1.8733e-04   2.0363e-04   5.0829e-04
   1.0500e+02   9.6054e-05   1.8049e-04   1.9519e-04   4.7611e-04
   1.0600e+02   9.0370e-05   1.6986e-04   1.8727e-04   4.5164e-04
   1.0700e+02   8.6868e-05   1.6462e-04   1.8041e-04   4.2850e-04
   1.0800e+02   8.2463e-05   1.5637e-04   1.7255e-04   4.0837e-04
   1.0900e+02   7.9911e-05   1.5130e-04   1.6512e-04   3.8774e-04
   1.1000e+02   7.5900e-05   1.4278e-04   1.5647e-04   3.7714e-04
   1.1100e+02   7.1864e-05   1.3911e-04   1.4987e-04   3.5689e-04
   1.1200e+02   6.8815e-05   1.3131e-04   1.4441e-04   3.3404e-04
   1.1300e+02   6.5868e-05   1.2593e-04   1.3874e-04   3.2071e-04
   1.1400e+02   6.3396e-05   1.2066e-04   1.3243e-04   2.9866e-04
   1.1500e+02   6.0701e-05   1.1571e-04   1.2666e-04   2.8973e-04
   1.1600e+02   5.8352e-05   1.1006e-04   1.2183e-04   2.7753e-04
   1.1700e+02   5.5273e-05   1.0748e-04   1.1489e-04   2.5957e-04
   1.1800e+02   5.3204e-05   1.0206e-04   1.1192e-04   2.5203e-04
   1.1900e+02   5.0546e-05   9.8147e-05   1.0633e-04   2.3828e-04
   1.2000e+02   4.8469e-05   9.5099e-05   1.0237e-04   2.2722e-04
   1.2100e+02   4.7223e-05   9.2615e-05   9.8640e-05   2.1511e-04
   1.2200e+02   4.4323e-05   8.6688e-05   9.4071e-05   2.0653e-04
   1.2300e+02   4.2995e-05   8.2975e-05   9.0271e-05   1.9663e-04
   1.2400e+02   4.1377e-05   7.9869e-05   8.6576e-05   1.8947e-04
   1.2500e+02   3.9245e-05   7.7184e-05   8.4931e-05   1.7700e-04
   1.2600e+02   3.7821e-05   7.4394e-05   7.9756e-05   1.6959e-04
   1.2700e+02   3.6556e-05   7.1824e-05   7.7107e-05   1.6237e-04
   1.2800e+02   3.4527e-05   6.8230e-05   7.4083e-05   1.5722e-04
   1.2900e+02   3.3411e-05   6.5534e-05   7.0676e-05   1.4791e-04
   1.3000e+02   3.2626e-05   6.2991e-05   6.8371e-05   1.4156e-04
   1.3100e+02   3.0657e-05   6.0729e-05   6.6225e-05   1.3616e-04
   1.3200e+02   2.9682e-05   5.8282e-05   6.3652e-05   1.2962e-04
   1.3300e+02   2.8506e-05   5.6849e-05   6.1181e-05   1.2501e-04
   1.3400e+02   2.7355e-05   5.4379e-05   5.8712e-05   1.1929e-04
   1.3500e+02   2.6239e-05   5.1730e-05   5.6517e-05   1.1238e-04
   1.3600e+02   2.5393e-05   5.0411e-05   5.4232e-05   1.0787e-04
   1.3700e+02   2.4105e-05   4.8373e-05   5.2148e-05   1.0345e-04
   1.3800e+02   2.3163e-05   4.6446e-05   5.0231e-05   9.9919e-05
   1.3900e+02   2.2310e-05   4.4444e-05   4.8007e-05   9.5995e-05
   1.4000e+02   2.1666e-05   4.2868e-05   4.6956e-05   9.4096e-05
   1.4100e+02   2.1057e-05   4.1602e-05   4.5362e-05   8.8848e-05
   1.4200e+02   2.0151e-05   3.9489e-05   4.3502e-05   8.5227e-05
   1.4300e+02   1.9085e-05   3.8984e-05   4.1878e-05   8.3221e-05
   1.4400e+02   1.8597e-05   3.7214e-05   4.0019e-05   8.0987e-05
   1.4500e+02   1.8061e-05   3.5906e-05   3.8752e-05   7.7220e-05
   1.4600e+02   1.7161e-05   3.4683e-05   3.7168e-05   7.3674e-05
   1.4700e+02   1.6899e-05   3.3686e-05   3.6099e-05   7.1198e-05
   1.4800e+02   1.6134e-05   3.2253e-05   3.5207e-05   7.0224e-05
   1.4900e+02   1.5551e-05   3.1625e-05   3.4103e-05   6.7304e-05
   1.5000e+02   1.4985e-05   3.0751e-05   3.2764e-05   6.5298e-05
   1.5100e+02   1.4537e-05   2.9457e-05   3.1616e-05   6.4243e-05
   1.5200e+02   1.4071e-05   2.8238e-05   3.0677e-05   6.1440e-05
   1.5300e+02   1.3715e-05   2.7135e-05   2.9597e-05   5.9949e-05
   1.5400e+02   1.3156e-05   2.6486e-05   2.8815e-05   5.9066e-05
   1.5500e+02   1.2935e-05   2.5880e-05   2.8076e-05   5.7940e-05
   1.5600e+02   1.2355e-05   2.5002e-05   2.7225e-05   5.7344e-05
   1.5700e+02   1.1997e-05   2.4138e-05   2.6491e-05   5.5670e-05
   1.5800e+02   1.1612e-05   2.3575e-05   2.5298e-05   5.4164e-05
   1.5900e+02   1.1397e-05   2.3155e-05   2.4714e-05   5.4348e-05
   1.6000e+02   1.0971e-05   2.2193e-05   2.4098e-05   5.2726e-05
   1.6100e+02   1.0628e-05   2.1711e-05   2.2900e-05   5.2067e-05
   1.6200e+02   1.0277e-05   2.1173e-05   2.2573e-05   5.1871e-05
   1.6300e+02   1.0153e-05   2.0670e-05   2.1980e-05   5.1761e-05
   1.6400e+02   9.9500e-06   1.9903e-05   2.1632e-05   5.1395e-05
   1.6500e+02   9.7161e-06   1.9472e-05   2.0910e-05   5.1434e-05
   1.6600e+02   9.3539e-06   1.9000e-05   2.0315e-05   5.1211e-05
   1.6700e+02   9.2819e-06   1.8542e-05   2.0051e-05   5.1740e-05
   1.6800e+02   8.9282e-06   1.8254e-05   1.9459e-05   5.0955e-05
   1.6900e+02   8.6864e-06   1.7742e-05   1.8973e-05   5.2094e-05
   1.7000e+02   8.6358e-06   1.7399e-05   1.8783e-05   5.2523e-05
   1.7100e+02   8.3800e-06   1.7224e-05   1.8262e-05   5.1952e-05
   1.7200e+02   8.3221e-06   1.7017e-05   1.8151e-05   5.3269e-05
   1.7300e+02   8.1623e-06   1.6715e-05   1.7617e-05   5.4582e-05
   1.7400e+02   8.1431e-06   1.6489e-05   1.7298e-05   5.4768e-05
   1.7500e+02   8.0578e-06   1.6127e-05   1.7111e-05   5.6289e-05
   1.7600e+02   7.8307e-06   1.5882e-05   1.6800e-05   5.6903e-05
   1.7700e+02   7.7212e-06   1.5809e-05   1.6850e-05   5.8411e-05
   1.7800e+02   7.7367e-06   1.5618e-05   1.6488e-05   5.9231e-05
   1.7900e+02   7.6050e-06   1.5579e-05   1.6493e-05   6.0940e-05
   1.8000e+02   7.5624e-06   1.5414e-05   1.6289e-05   6.1529e-05
   1.8100e+02   7.5287e-06   1.5247e-05   1.6189e-05   6.4118e-05
   1.8200e+02   7.4823e-06   1.5212e-05   1.6222e-05   6.5776e-05
   1.8300e+02   7.4715e-06   1.5308e-05   1.6193e-05   6.7676e-05
   1.8400e+02   7.5677e-06   1.5471e-05   1.5899e-05   7.0660e-05
   1.8500e+02   7.4630e-06   1.5349e-05   1.6133e-05   7.3285e-05
   1.8600e+02   7.5175e-06   1.5427e-05   1.6164e-05   7.5933e-05
   1.8700e+02   7.6439e-06   1.5501e-05   1.6336e-05   7.8581e-05
   1.8800e+02   7.6993e-06   1.5546e-05   1.6408e-05   8.2810e-05
   1.8900e+02   7.6911e-06   1.5778e-05   1.6722e-05   8.6572e-05
   1.9000e+02   7.8396e-06   1.6242e-05   1.6790e-05   9.1280e-05
   1.9100e+02   8.4275e-06   1.7548e-05   1.8182e-05   9.6182e-05
