# The data in this file was extracted from a direct numerical
# simulation of fully developed plane turbulent channel
# flow. Particulars are listed below. Note that some of the statistical
# quantities provided in this data set should be zero due to
# (statistical) symmetries in the flow. These quantities are reported
# here none-the-less as an indicator of the quality of the statistics.
# more statistics from this data set are available at 
# http://www.tam.uiuc.edu/Faculty/Moser/channel 
#
# Authors: Moser, Kim & Mansour
# Reference: DNS of Turbulent Channel Flow up to Re_tau=590, 1999,
#            Physics of Fluids, vol 11, 943-945.
# Numerical Method: Kim, Moin & Moser, 1987, J. Fluid Mech. vol 177, 133-166 
# Re_tau = 587.19
# Normalization: U_tau, h 
# Description: Spanwise (z) One-dimensional spectra of velocity and pressure at indicated y-location 
# Filename: chan590/spectra/chan590.zspec.452 
# Date File Created: Feb 29, 2000 
#
#---End of Header---
# 
# nz = 384,  Re = 587.19,  y = 0.76894,  y+ = 451.52
#
#     k_z          E_uu         E_vv         E_ww         E_pp
#
   0.0000e+00   6.7977e-02   4.0855e-02   6.1876e-02   2.2653e-01
   2.0000e+00   2.2674e-01   8.0889e-02   1.4675e-01   2.5075e-01
   4.0000e+00   2.2701e-01   7.2876e-02   1.0191e-01   1.4628e-01
   6.0000e+00   1.2713e-01   5.3735e-02   6.7444e-02   8.5687e-02
   8.0000e+00   8.0455e-02   4.2601e-02   4.4143e-02   5.8388e-02
   1.0000e+01   5.0960e-02   3.3802e-02   3.1041e-02   4.0192e-02
   1.2000e+01   3.6908e-02   2.7220e-02   2.1654e-02   2.9294e-02
   1.4000e+01   2.6902e-02   2.1473e-02   1.5957e-02   2.1739e-02
   1.6000e+01   2.0650e-02   1.8013e-02   1.1619e-02   1.7221e-02
   1.8000e+01   1.5762e-02   1.5047e-02   9.0991e-03   1.3259e-02
   2.0000e+01   1.2310e-02   1.2089e-02   6.8378e-03   1.0348e-02
   2.2000e+01   9.7253e-03   9.7327e-03   5.3691e-03   8.3197e-03
   2.4000e+01   8.0462e-03   8.1512e-03   4.1075e-03   6.7438e-03
   2.6000e+01   6.4376e-03   6.6414e-03   3.2665e-03   5.3436e-03
   2.8000e+01   5.2185e-03   5.4422e-03   2.6262e-03   4.3005e-03
   3.0000e+01   4.3164e-03   4.4612e-03   2.1180e-03   3.4055e-03
   3.2000e+01   3.6096e-03   3.7931e-03   1.6638e-03   2.7661e-03
   3.4000e+01   3.0281e-03   3.1327e-03   1.3736e-03   2.2905e-03
   3.6000e+01   2.4710e-03   2.6148e-03   1.0981e-03   1.8596e-03
   3.8000e+01   2.0494e-03   2.1843e-03   9.0324e-04   1.5389e-03
   4.0000e+01   1.7430e-03   1.8598e-03   7.5818e-04   1.2688e-03
   4.2000e+01   1.4669e-03   1.5513e-03   6.1328e-04   1.0264e-03
   4.4000e+01   1.2461e-03   1.3424e-03   5.1310e-04   8.4892e-04
   4.6000e+01   1.0699e-03   1.1465e-03   4.2963e-04   7.0867e-04
   4.8000e+01   9.1160e-04   9.6331e-04   3.5098e-04   5.9537e-04
   5.0000e+01   7.6469e-04   8.2407e-04   2.9464e-04   4.9173e-04
   5.2000e+01   6.6439e-04   6.9951e-04   2.4867e-04   4.2154e-04
   5.4000e+01   5.7772e-04   6.0236e-04   2.1626e-04   3.4719e-04
   5.6000e+01   4.8753e-04   5.1920e-04   1.8043e-04   2.8866e-04
   5.8000e+01   4.1869e-04   4.4471e-04   1.5184e-04   2.4331e-04
   6.0000e+01   3.6346e-04   3.8012e-04   1.2879e-04   2.0264e-04
   6.2000e+01   3.1631e-04   3.3158e-04   1.1048e-04   1.7030e-04
   6.4000e+01   2.7130e-04   2.8746e-04   9.4718e-05   1.4495e-04
   6.6000e+01   2.3975e-04   2.4976e-04   8.0577e-05   1.2182e-04
   6.8000e+01   2.1003e-04   2.1545e-04   6.9823e-05   1.0298e-04
   7.0000e+01   1.8017e-04   1.8707e-04   5.9382e-05   8.7948e-05
   7.2000e+01   1.5758e-04   1.6386e-04   5.1934e-05   7.5196e-05
   7.4000e+01   1.4032e-04   1.4374e-04   4.4652e-05   6.3824e-05
   7.6000e+01   1.2218e-04   1.2593e-04   3.8544e-05   5.4793e-05
   7.8000e+01   1.0940e-04   1.1002e-04   3.3319e-05   4.5891e-05
   8.0000e+01   9.5092e-05   9.7388e-05   2.8957e-05   3.9293e-05
   8.2000e+01   8.3809e-05   8.5474e-05   2.5202e-05   3.3773e-05
   8.4000e+01   7.2077e-05   7.6026e-05   2.2043e-05   2.9009e-05
   8.6000e+01   6.5188e-05   6.6208e-05   1.9029e-05   2.5166e-05
   8.8000e+01   5.7882e-05   5.8385e-05   1.6754e-05   2.1746e-05
   9.0000e+01   5.1434e-05   5.1278e-05   1.4825e-05   1.8720e-05
   9.2000e+01   4.5320e-05   4.5450e-05   1.2848e-05   1.6246e-05
   9.4000e+01   3.9582e-05   4.0044e-05   1.1241e-05   1.3953e-05
   9.6000e+01   3.5703e-05   3.5689e-05   9.8632e-06   1.1959e-05
   9.8000e+01   3.1585e-05   3.1393e-05   8.6651e-06   1.0490e-05
   1.0000e+02   2.8146e-05   2.8077e-05   7.6587e-06   8.9840e-06
   1.0200e+02   2.5132e-05   2.4690e-05   6.7514e-06   7.9029e-06
   1.0400e+02   2.2422e-05   2.2245e-05   5.8903e-06   6.7706e-06
   1.0600e+02   2.0212e-05   1.9139e-05   5.2593e-06   5.9119e-06
   1.0800e+02   1.8073e-05   1.7311e-05   4.6119e-06   5.1644e-06
   1.1000e+02   1.6034e-05   1.5589e-05   4.0829e-06   4.4378e-06
   1.1200e+02   1.4253e-05   1.3953e-05   3.5942e-06   3.9031e-06
   1.1400e+02   1.2853e-05   1.2386e-05   3.1963e-06   3.4800e-06
   1.1600e+02   1.1433e-05   1.1058e-05   2.7931e-06   3.0713e-06
   1.1800e+02   1.0297e-05   9.9477e-06   2.4790e-06   2.6870e-06
   1.2000e+02   9.2587e-06   8.9811e-06   2.2394e-06   2.3807e-06
   1.2200e+02   8.3192e-06   7.8639e-06   1.9747e-06   2.0502e-06
   1.2400e+02   7.3356e-06   7.1141e-06   1.7564e-06   1.8192e-06
   1.2600e+02   6.6822e-06   6.3952e-06   1.5679e-06   1.6229e-06
   1.2800e+02   5.9460e-06   5.6586e-06   1.3966e-06   1.4238e-06
   1.3000e+02   5.3325e-06   5.1122e-06   1.2475e-06   1.2638e-06
   1.3200e+02   4.8773e-06   4.6282e-06   1.1240e-06   1.1290e-06
   1.3400e+02   4.3827e-06   4.1769e-06   1.0061e-06   1.0029e-06
   1.3600e+02   3.9449e-06   3.7288e-06   8.9287e-07   8.8430e-07
   1.3800e+02   3.5490e-06   3.4341e-06   8.0376e-07   7.9181e-07
   1.4000e+02   3.2252e-06   3.0857e-06   7.0894e-07   7.0746e-07
   1.4200e+02   2.9317e-06   2.7372e-06   6.4236e-07   6.3407e-07
   1.4400e+02   2.6107e-06   2.4550e-06   5.7473e-07   5.7806e-07
   1.4600e+02   2.3549e-06   2.1973e-06   5.1269e-07   5.2105e-07
   1.4800e+02   2.1296e-06   1.9881e-06   4.6289e-07   4.6712e-07
   1.5000e+02   1.9302e-06   1.7912e-06   4.1620e-07   4.2071e-07
   1.5200e+02   1.7613e-06   1.6395e-06   3.7352e-07   3.8113e-07
   1.5400e+02   1.5714e-06   1.4593e-06   3.3515e-07   3.3963e-07
   1.5600e+02   1.4314e-06   1.3402e-06   2.9960e-07   3.0975e-07
   1.5800e+02   1.2972e-06   1.2047e-06   2.7005e-07   2.7736e-07
   1.6000e+02   1.1920e-06   1.0921e-06   2.4164e-07   2.5393e-07
   1.6200e+02   1.0657e-06   9.9233e-07   2.1837e-07   2.3218e-07
   1.6400e+02   9.7404e-07   9.0187e-07   1.9615e-07   2.1177e-07
   1.6600e+02   8.7866e-07   8.1270e-07   1.7616e-07   1.9408e-07
   1.6800e+02   8.0105e-07   7.5035e-07   1.5886e-07   1.7665e-07
   1.7000e+02   7.2914e-07   6.7272e-07   1.4383e-07   1.6269e-07
   1.7200e+02   6.6624e-07   6.1485e-07   1.3024e-07   1.4955e-07
   1.7400e+02   6.0139e-07   5.5458e-07   1.1714e-07   1.3795e-07
   1.7600e+02   5.4982e-07   5.1013e-07   1.0667e-07   1.2807e-07
   1.7800e+02   5.0056e-07   4.6021e-07   9.6786e-08   1.1920e-07
   1.8000e+02   4.5777e-07   4.2119e-07   8.7302e-08   1.1041e-07
   1.8200e+02   4.1454e-07   3.7866e-07   7.8494e-08   1.0248e-07
   1.8400e+02   3.7484e-07   3.4512e-07   7.1343e-08   9.6152e-08
   1.8600e+02   3.4613e-07   3.1802e-07   6.4633e-08   8.8782e-08
   1.8800e+02   3.1336e-07   2.8984e-07   5.9024e-08   8.2321e-08
   1.9000e+02   2.8467e-07   2.6307e-07   5.3367e-08   7.7842e-08
   1.9200e+02   2.6219e-07   2.3757e-07   4.8418e-08   7.3054e-08
   1.9400e+02   2.3868e-07   2.1804e-07   4.3728e-08   6.7886e-08
   1.9600e+02   2.1894e-07   1.9700e-07   3.9586e-08   6.3546e-08
   1.9800e+02   1.9925e-07   1.8067e-07   3.5884e-08   6.0362e-08
   2.0000e+02   1.8215e-07   1.6259e-07   3.2493e-08   5.6413e-08
   2.0200e+02   1.6643e-07   1.5018e-07   2.9749e-08   5.3547e-08
   2.0400e+02   1.5174e-07   1.3704e-07   2.7236e-08   5.0389e-08
   2.0600e+02   1.3977e-07   1.2603e-07   2.4665e-08   4.7539e-08
   2.0800e+02   1.2798e-07   1.1560e-07   2.2406e-08   4.5328e-08
   2.1000e+02   1.1525e-07   1.0438e-07   2.0188e-08   4.2719e-08
   2.1200e+02   1.0546e-07   9.5800e-08   1.8365e-08   4.0442e-08
   2.1400e+02   9.5637e-08   8.8201e-08   1.6951e-08   3.8616e-08
   2.1600e+02   8.8852e-08   8.0748e-08   1.5438e-08   3.6364e-08
   2.1800e+02   8.0435e-08   7.3390e-08   1.3987e-08   3.4966e-08
   2.2000e+02   7.4776e-08   6.6836e-08   1.2749e-08   3.3255e-08
   2.2200e+02   6.8309e-08   6.1863e-08   1.1584e-08   3.1354e-08
   2.2400e+02   6.2455e-08   5.6984e-08   1.0634e-08   2.9896e-08
   2.2600e+02   5.7468e-08   5.1586e-08   9.6314e-09   2.8788e-08
   2.2800e+02   5.2403e-08   4.7219e-08   8.8916e-09   2.7651e-08
   2.3000e+02   4.8584e-08   4.3535e-08   8.0546e-09   2.6272e-08
   2.3200e+02   4.4508e-08   3.9547e-08   7.3513e-09   2.5039e-08
   2.3400e+02   4.0812e-08   3.6499e-08   6.7402e-09   2.3899e-08
   2.3600e+02   3.7749e-08   3.3498e-08   6.1861e-09   2.3020e-08
   2.3800e+02   3.4544e-08   3.0830e-08   5.6423e-09   2.1953e-08
   2.4000e+02   3.1334e-08   2.8102e-08   5.1278e-09   2.1166e-08
   2.4200e+02   2.8935e-08   2.5797e-08   4.7131e-09   2.0171e-08
   2.4400e+02   2.6886e-08   2.3298e-08   4.3316e-09   1.9416e-08
   2.4600e+02   2.4588e-08   2.1583e-08   3.9703e-09   1.8871e-08
   2.4800e+02   2.2348e-08   1.9959e-08   3.5991e-09   1.7998e-08
   2.5000e+02   2.0761e-08   1.8539e-08   3.2943e-09   1.7351e-08
   2.5200e+02   1.8992e-08   1.7050e-08   3.0274e-09   1.6460e-08
   2.5400e+02   1.7492e-08   1.5690e-08   2.7766e-09   1.5919e-08
   2.5600e+02   1.6213e-08   1.4333e-08   2.5776e-09   1.5457e-08
   2.5800e+02   1.4838e-08   1.3172e-08   2.3492e-09   1.4710e-08
   2.6000e+02   1.3695e-08   1.2143e-08   2.1740e-09   1.4299e-08
   2.6200e+02   1.2701e-08   1.1228e-08   2.0030e-09   1.3870e-08
   2.6400e+02   1.1678e-08   1.0275e-08   1.8294e-09   1.3341e-08
   2.6600e+02   1.0644e-08   9.5195e-09   1.6819e-09   1.2812e-08
   2.6800e+02   9.8479e-09   8.6970e-09   1.5351e-09   1.2307e-08
   2.7000e+02   9.1519e-09   8.0205e-09   1.4270e-09   1.1956e-08
   2.7200e+02   8.4118e-09   7.3875e-09   1.3098e-09   1.1400e-08
   2.7400e+02   7.8086e-09   6.8599e-09   1.2087e-09   1.1117e-08
   2.7600e+02   7.1255e-09   6.3550e-09   1.1118e-09   1.0793e-08
   2.7800e+02   6.5930e-09   5.7834e-09   1.0286e-09   1.0511e-08
   2.8000e+02   6.1024e-09   5.3461e-09   9.5549e-10   1.0005e-08
   2.8200e+02   5.6201e-09   4.8964e-09   8.8359e-10   9.7899e-09
   2.8400e+02   5.2367e-09   4.5037e-09   8.2157e-10   9.4911e-09
   2.8600e+02   4.8080e-09   4.1973e-09   7.5811e-10   9.2073e-09
   2.8800e+02   4.4150e-09   3.8506e-09   6.9930e-10   8.9449e-09
   2.9000e+02   4.0783e-09   3.6089e-09   6.4771e-10   8.6295e-09
   2.9200e+02   3.7608e-09   3.3345e-09   5.9976e-10   8.4428e-09
   2.9400e+02   3.5010e-09   3.0496e-09   5.5166e-10   8.1642e-09
   2.9600e+02   3.2300e-09   2.8405e-09   5.1305e-10   7.8984e-09
   2.9800e+02   2.9834e-09   2.6186e-09   4.7744e-10   7.7117e-09
   3.0000e+02   2.7763e-09   2.4101e-09   4.4652e-10   7.5164e-09
   3.0200e+02   2.5597e-09   2.2521e-09   4.1671e-10   7.2571e-09
   3.0400e+02   2.3783e-09   2.0903e-09   3.8335e-10   7.1668e-09
   3.0600e+02   2.2002e-09   1.9242e-09   3.5696e-10   6.8844e-09
   3.0800e+02   2.0268e-09   1.7894e-09   3.3093e-10   6.7004e-09
   3.1000e+02   1.8824e-09   1.6441e-09   3.0901e-10   6.5012e-09
   3.1200e+02   1.7551e-09   1.5362e-09   2.9103e-10   6.3706e-09
   3.1400e+02   1.6261e-09   1.4285e-09   2.6841e-10   6.1211e-09
   3.1600e+02   1.5190e-09   1.3260e-09   2.5332e-10   5.9706e-09
   3.1800e+02   1.4020e-09   1.2293e-09   2.3748e-10   5.8063e-09
   3.2000e+02   1.3104e-09   1.1546e-09   2.2125e-10   5.6656e-09
   3.2200e+02   1.2184e-09   1.0724e-09   2.0702e-10   5.5410e-09
   3.2400e+02   1.1301e-09   9.9416e-10   1.9357e-10   5.3980e-09
   3.2600e+02   1.0556e-09   9.2736e-10   1.8248e-10   5.2604e-09
   3.2800e+02   9.9039e-10   8.6242e-10   1.7264e-10   5.1391e-09
   3.3000e+02   9.1862e-10   8.0333e-10   1.6194e-10   5.0380e-09
   3.3200e+02   8.6299e-10   7.5243e-10   1.5171e-10   4.8833e-09
   3.3400e+02   8.0487e-10   6.9341e-10   1.4360e-10   4.7817e-09
   3.3600e+02   7.4775e-10   6.5830e-10   1.3466e-10   4.6370e-09
   3.3800e+02   7.0090e-10   6.1774e-10   1.2745e-10   4.5516e-09
   3.4000e+02   6.5672e-10   5.8092e-10   1.2025e-10   4.4353e-09
   3.4200e+02   6.1644e-10   5.4920e-10   1.1349e-10   4.3404e-09
   3.4400e+02   5.7956e-10   5.1485e-10   1.0862e-10   4.2161e-09
   3.4600e+02   5.4187e-10   4.8438e-10   1.0216e-10   4.1089e-09
   3.4800e+02   5.0834e-10   4.5765e-10   9.7447e-11   4.0265e-09
   3.5000e+02   4.7840e-10   4.2846e-10   9.1697e-11   3.9570e-09
   3.5200e+02   4.5355e-10   4.0356e-10   8.6528e-11   3.8574e-09
   3.5400e+02   4.2841e-10   3.8248e-10   8.2800e-11   3.7749e-09
   3.5600e+02   4.0492e-10   3.6887e-10   7.9373e-11   3.6783e-09
   3.5800e+02   3.8474e-10   3.5420e-10   7.6016e-11   3.6066e-09
   3.6000e+02   3.6969e-10   3.4385e-10   7.2463e-11   3.5420e-09
   3.6200e+02   3.5630e-10   3.3064e-10   6.9623e-11   3.4557e-09
   3.6400e+02   3.4789e-10   3.2254e-10   6.7606e-11   3.3832e-09
   3.6600e+02   3.3327e-10   3.1446e-10   6.5542e-11   3.3697e-09
   3.6800e+02   3.3361e-10   3.1429e-10   6.3948e-11   3.3163e-09
   3.7000e+02   3.2433e-10   3.0958e-10   6.1831e-11   3.2948e-09
   3.7200e+02   3.2197e-10   3.0221e-10   6.1223e-11   3.2896e-09
   3.7400e+02   3.3044e-10   3.0410e-10   6.0534e-11   3.2853e-09
   3.7600e+02   3.4654e-10   3.1520e-10   5.9247e-11   3.3291e-09
   3.7800e+02   3.6602e-10   3.2297e-10   5.8173e-11   3.3267e-09
   3.8000e+02   3.6450e-10   3.3158e-10   5.8068e-11   3.4214e-09
   3.8200e+02   3.7947e-10   3.5534e-10   5.6550e-11   3.6139e-09
