# The data in this file was extracted from a direct numerical
# simulation of fully developed plane turbulent channel
# flow. Particulars are listed below. Note that some of the statistical
# quantities provided in this data set should be zero due to
# (statistical) symmetries in the flow. These quantities are reported
# here none-the-less as an indicator of the quality of the statistics.
# more statistics from this data set are available at 
# http://www.tam.uiuc.edu/Faculty/Moser/channel 
#
# Authors: Moser, Kim & Mansour
# Reference: DNS of Turbulent Channel Flow up to Re_tau=590, 1999,
#            Physics of Fluids, vol 11, 943-945.
# Numerical Method: Kim, Moin & Moser, 1987, J. Fluid Mech. vol 177, 133-166 
# Re_tau = 587.19
# Normalization: U_tau, h 
# Description: Streamwise (x) One-dimensional spectra of velocity and pressure at indicated y-location 
# Filename: chan590/spectra/chan590.xspec.249 
# Date File Created: Feb 29, 2000 
#
#---End of Header---
# 
# nx = 384,  Re = 587.19,  y = 0.42419,  y+ = 249.08
#
#     k_x          E_uu         E_vv         E_ww         E_pp
#
   0.0000e+00   5.4372e-01   3.6857e-02   3.0439e-02   7.5695e-02
   1.0000e+00   4.3439e-01   6.2226e-02   9.2488e-02   1.9532e-01
   2.0000e+00   3.1701e-01   7.8590e-02   1.4557e-01   2.7073e-01
   3.0000e+00   1.5807e-01   5.7487e-02   8.8471e-02   2.3615e-01
   4.0000e+00   1.1251e-01   5.5223e-02   8.4547e-02   1.9822e-01
   5.0000e+00   8.3183e-02   5.0438e-02   7.4493e-02   2.0146e-01
   6.0000e+00   6.4458e-02   4.5012e-02   6.0032e-02   1.6778e-01
   7.0000e+00   4.9983e-02   3.9649e-02   5.8013e-02   1.5214e-01
   8.0000e+00   4.1168e-02   3.4877e-02   4.5801e-02   1.2122e-01
   9.0000e+00   3.3853e-02   3.1268e-02   4.1170e-02   1.0942e-01
   1.0000e+01   2.7754e-02   2.8913e-02   3.6173e-02   9.4653e-02
   1.1000e+01   2.3963e-02   2.5667e-02   3.3067e-02   8.4453e-02
   1.2000e+01   1.9978e-02   2.3560e-02   2.8326e-02   7.4132e-02
   1.3000e+01   1.7580e-02   2.0906e-02   2.4671e-02   6.4169e-02
   1.4000e+01   1.5120e-02   1.8492e-02   2.2051e-02   5.4867e-02
   1.5000e+01   1.3032e-02   1.6633e-02   2.0131e-02   4.9213e-02
   1.6000e+01   1.1322e-02   1.5474e-02   1.8224e-02   4.3568e-02
   1.7000e+01   9.8420e-03   1.3512e-02   1.6388e-02   3.7468e-02
   1.8000e+01   8.8277e-03   1.2376e-02   1.4785e-02   3.3984e-02
   1.9000e+01   7.5868e-03   1.1190e-02   1.3146e-02   2.9463e-02
   2.0000e+01   6.9356e-03   1.0255e-02   1.1896e-02   2.7191e-02
   2.1000e+01   6.1931e-03   9.4579e-03   1.0891e-02   2.3627e-02
   2.2000e+01   5.4565e-03   8.5139e-03   9.7913e-03   2.1723e-02
   2.3000e+01   4.8385e-03   7.7786e-03   8.8079e-03   1.8980e-02
   2.4000e+01   4.4108e-03   7.1214e-03   8.2021e-03   1.7199e-02
   2.5000e+01   3.9567e-03   6.6871e-03   7.3553e-03   1.5301e-02
   2.6000e+01   3.5087e-03   5.9984e-03   6.9090e-03   1.4143e-02
   2.7000e+01   3.2196e-03   5.4405e-03   6.1882e-03   1.2199e-02
   2.8000e+01   2.8804e-03   5.0390e-03   5.5516e-03   1.1287e-02
   2.9000e+01   2.6366e-03   4.5102e-03   5.1384e-03   1.0222e-02
   3.0000e+01   2.3941e-03   4.2485e-03   4.7707e-03   9.2662e-03
   3.1000e+01   2.1782e-03   3.8182e-03   4.3302e-03   8.2797e-03
   3.2000e+01   1.9622e-03   3.5646e-03   3.8639e-03   7.4971e-03
   3.3000e+01   1.7981e-03   3.3698e-03   3.6450e-03   6.7959e-03
   3.4000e+01   1.6591e-03   3.0880e-03   3.3195e-03   6.3237e-03
   3.5000e+01   1.4599e-03   2.8411e-03   3.0109e-03   5.5575e-03
   3.6000e+01   1.3569e-03   2.5653e-03   2.8347e-03   4.9992e-03
   3.7000e+01   1.2336e-03   2.3963e-03   2.5630e-03   4.5673e-03
   3.8000e+01   1.1570e-03   2.1954e-03   2.3597e-03   4.2404e-03
   3.9000e+01   1.0524e-03   2.0606e-03   2.2205e-03   3.8250e-03
   4.0000e+01   9.5211e-04   1.9512e-03   2.0859e-03   3.4863e-03
   4.1000e+01   8.9185e-04   1.7540e-03   1.9162e-03   3.1296e-03
   4.2000e+01   8.1693e-04   1.6507e-03   1.7519e-03   2.9220e-03
   4.3000e+01   7.5434e-04   1.5335e-03   1.5851e-03   2.6256e-03
   4.4000e+01   6.9087e-04   1.3943e-03   1.5334e-03   2.4669e-03
   4.5000e+01   6.3880e-04   1.3513e-03   1.3851e-03   2.1684e-03
   4.6000e+01   5.8554e-04   1.2260e-03   1.2963e-03   2.0448e-03
   4.7000e+01   5.4371e-04   1.1577e-03   1.2120e-03   1.8741e-03
   4.8000e+01   5.0590e-04   1.0724e-03   1.1520e-03   1.7434e-03
   4.9000e+01   4.6488e-04   1.0097e-03   1.0452e-03   1.5339e-03
   5.0000e+01   4.2439e-04   9.3877e-04   9.5503e-04   1.4855e-03
   5.1000e+01   3.9301e-04   8.6048e-04   9.0037e-04   1.3140e-03
   5.2000e+01   3.6232e-04   8.1249e-04   8.4028e-04   1.2217e-03
   5.3000e+01   3.4228e-04   7.5513e-04   7.7950e-04   1.1295e-03
   5.4000e+01   3.1588e-04   6.9633e-04   7.3846e-04   1.0337e-03
   5.5000e+01   2.9423e-04   6.4504e-04   6.8398e-04   9.4454e-04
   5.6000e+01   2.7262e-04   6.1513e-04   6.3763e-04   8.6443e-04
   5.7000e+01   2.5481e-04   5.8350e-04   6.0200e-04   7.9399e-04
   5.8000e+01   2.3688e-04   5.3585e-04   5.5033e-04   7.2838e-04
   5.9000e+01   2.1901e-04   5.0495e-04   5.1738e-04   6.8485e-04
   6.0000e+01   2.0529e-04   4.6480e-04   4.9563e-04   6.1493e-04
   6.1000e+01   1.8903e-04   4.4424e-04   4.5254e-04   5.7822e-04
   6.2000e+01   1.7645e-04   4.0779e-04   4.2451e-04   5.3926e-04
   6.3000e+01   1.6488e-04   3.8630e-04   4.0276e-04   5.0305e-04
   6.4000e+01   1.5575e-04   3.6469e-04   3.6539e-04   4.6972e-04
   6.5000e+01   1.4392e-04   3.3949e-04   3.5739e-04   4.2679e-04
   6.6000e+01   1.3581e-04   3.2427e-04   3.3559e-04   3.8919e-04
   6.7000e+01   1.2545e-04   2.9827e-04   3.0538e-04   3.6862e-04
   6.8000e+01   1.1967e-04   2.7822e-04   2.9159e-04   3.4153e-04
   6.9000e+01   1.0931e-04   2.6179e-04   2.7209e-04   3.1021e-04
   7.0000e+01   1.0229e-04   2.5401e-04   2.5738e-04   2.9248e-04
   7.1000e+01   9.6402e-05   2.3263e-04   2.3491e-04   2.7363e-04
   7.2000e+01   9.0560e-05   2.1912e-04   2.2542e-04   2.5116e-04
   7.3000e+01   8.4664e-05   2.0987e-04   2.1146e-04   2.3147e-04
   7.4000e+01   7.8560e-05   1.9454e-04   1.9686e-04   2.2031e-04
   7.5000e+01   7.3638e-05   1.8382e-04   1.8848e-04   2.0413e-04
   7.6000e+01   7.0115e-05   1.7450e-04   1.7762e-04   1.8773e-04
   7.7000e+01   6.4328e-05   1.6331e-04   1.6864e-04   1.7303e-04
   7.8000e+01   6.0468e-05   1.5288e-04   1.5682e-04   1.6096e-04
   7.9000e+01   5.7358e-05   1.4542e-04   1.4645e-04   1.5209e-04
   8.0000e+01   5.3636e-05   1.3560e-04   1.3875e-04   1.3868e-04
   8.1000e+01   5.0415e-05   1.2847e-04   1.3243e-04   1.3248e-04
   8.2000e+01   4.7498e-05   1.2251e-04   1.2341e-04   1.2237e-04
   8.3000e+01   4.4511e-05   1.1618e-04   1.1776e-04   1.1092e-04
   8.4000e+01   4.1786e-05   1.0775e-04   1.1168e-04   1.0538e-04
   8.5000e+01   3.9578e-05   1.0172e-04   1.0697e-04   9.9025e-05
   8.6000e+01   3.6972e-05   9.5249e-05   9.7664e-05   9.2006e-05
   8.7000e+01   3.4946e-05   9.2302e-05   9.4305e-05   8.6223e-05
   8.8000e+01   3.2872e-05   8.6338e-05   8.7663e-05   8.1894e-05
   8.9000e+01   3.1124e-05   8.1952e-05   8.4471e-05   7.4187e-05
   9.0000e+01   2.9161e-05   7.6538e-05   7.9189e-05   6.9320e-05
   9.1000e+01   2.7346e-05   7.3110e-05   7.4509e-05   6.5833e-05
   9.2000e+01   2.5850e-05   6.9312e-05   7.0099e-05   6.2112e-05
   9.3000e+01   2.4347e-05   6.4914e-05   6.5782e-05   5.5828e-05
   9.4000e+01   2.2821e-05   6.1326e-05   6.3468e-05   5.3030e-05
   9.5000e+01   2.1410e-05   5.7369e-05   5.9510e-05   5.0128e-05
   9.6000e+01   2.0422e-05   5.4298e-05   5.7184e-05   4.6416e-05
   9.7000e+01   1.8977e-05   5.1540e-05   5.2888e-05   4.3403e-05
   9.8000e+01   1.8122e-05   4.9767e-05   4.9625e-05   4.0901e-05
   9.9000e+01   1.7232e-05   4.6392e-05   4.8189e-05   3.7873e-05
   1.0000e+02   1.6069e-05   4.4070e-05   4.4323e-05   3.4772e-05
   1.0100e+02   1.5047e-05   4.1621e-05   4.2645e-05   3.3135e-05
   1.0200e+02   1.4224e-05   3.9107e-05   4.0424e-05   3.1495e-05
   1.0300e+02   1.3402e-05   3.6948e-05   3.7815e-05   2.9032e-05
   1.0400e+02   1.2584e-05   3.4965e-05   3.6069e-05   2.7001e-05
   1.0500e+02   1.1955e-05   3.3418e-05   3.4195e-05   2.5431e-05
   1.0600e+02   1.1281e-05   3.1902e-05   3.2362e-05   2.3899e-05
   1.0700e+02   1.0842e-05   2.9949e-05   3.0889e-05   2.2967e-05
   1.0800e+02   1.0058e-05   2.8240e-05   2.8775e-05   2.0948e-05
   1.0900e+02   9.6101e-06   2.7288e-05   2.7432e-05   1.9676e-05
   1.1000e+02   9.0180e-06   2.5419e-05   2.6001e-05   1.8583e-05
   1.1100e+02   8.5059e-06   2.4724e-05   2.4811e-05   1.7255e-05
   1.1200e+02   8.0331e-06   2.3041e-05   2.3831e-05   1.6561e-05
   1.1300e+02   7.5802e-06   2.2026e-05   2.2138e-05   1.5406e-05
   1.1400e+02   7.2281e-06   2.0949e-05   2.1079e-05   1.4376e-05
   1.1500e+02   6.7912e-06   1.9703e-05   2.0214e-05   1.3601e-05
   1.1600e+02   6.5413e-06   1.9057e-05   1.9186e-05   1.2875e-05
   1.1700e+02   6.1777e-06   1.7661e-05   1.8465e-05   1.2287e-05
   1.1800e+02   5.8004e-06   1.6852e-05   1.7026e-05   1.1327e-05
   1.1900e+02   5.5020e-06   1.6112e-05   1.6197e-05   1.0599e-05
   1.2000e+02   5.1989e-06   1.5222e-05   1.5587e-05   1.0061e-05
   1.2100e+02   4.9002e-06   1.4230e-05   1.4342e-05   9.4699e-06
   1.2200e+02   4.6465e-06   1.3584e-05   1.4049e-05   8.8589e-06
   1.2300e+02   4.4485e-06   1.2768e-05   1.3194e-05   8.5502e-06
   1.2400e+02   4.1960e-06   1.2228e-05   1.2542e-05   7.9520e-06
   1.2500e+02   3.9843e-06   1.1661e-05   1.2156e-05   7.3808e-06
   1.2600e+02   3.7771e-06   1.1166e-05   1.1473e-05   7.0670e-06
   1.2700e+02   3.5605e-06   1.0648e-05   1.0879e-05   6.7097e-06
   1.2800e+02   3.3779e-06   1.0144e-05   1.0259e-05   6.2511e-06
   1.2900e+02   3.2286e-06   9.7168e-06   1.0008e-05   5.9789e-06
   1.3000e+02   3.0359e-06   9.0632e-06   9.3342e-06   5.6647e-06
   1.3100e+02   2.8868e-06   8.6538e-06   8.9858e-06   5.3046e-06
   1.3200e+02   2.7127e-06   8.2405e-06   8.3562e-06   5.0081e-06
   1.3300e+02   2.5844e-06   7.7964e-06   8.0028e-06   4.8457e-06
   1.3400e+02   2.4515e-06   7.4259e-06   7.6657e-06   4.5383e-06
   1.3500e+02   2.3250e-06   7.2074e-06   7.1910e-06   4.3033e-06
   1.3600e+02   2.2418e-06   6.7568e-06   6.9350e-06   3.9630e-06
   1.3700e+02   2.1095e-06   6.3982e-06   6.6002e-06   3.7931e-06
   1.3800e+02   1.9978e-06   6.1383e-06   6.2992e-06   3.6612e-06
   1.3900e+02   1.9432e-06   5.8559e-06   5.9890e-06   3.4320e-06
   1.4000e+02   1.7905e-06   5.5491e-06   5.6031e-06   3.2892e-06
   1.4100e+02   1.7161e-06   5.2994e-06   5.4452e-06   3.1870e-06
   1.4200e+02   1.6324e-06   5.0846e-06   5.0674e-06   3.0074e-06
   1.4300e+02   1.5597e-06   4.7527e-06   4.8890e-06   2.8857e-06
   1.4400e+02   1.4897e-06   4.5939e-06   4.6598e-06   2.7728e-06
   1.4500e+02   1.4133e-06   4.3078e-06   4.4665e-06   2.6655e-06
   1.4600e+02   1.3316e-06   4.1361e-06   4.2829e-06   2.5293e-06
   1.4700e+02   1.2832e-06   3.9913e-06   4.0483e-06   2.4354e-06
   1.4800e+02   1.2062e-06   3.7520e-06   3.8890e-06   2.3359e-06
   1.4900e+02   1.1574e-06   3.6010e-06   3.7278e-06   2.2783e-06
   1.5000e+02   1.0962e-06   3.4109e-06   3.5310e-06   2.1969e-06
   1.5100e+02   1.0496e-06   3.2128e-06   3.3792e-06   2.1631e-06
   1.5200e+02   1.0043e-06   3.1305e-06   3.2053e-06   2.1297e-06
   1.5300e+02   9.5561e-07   3.0279e-06   3.0982e-06   2.0551e-06
   1.5400e+02   9.1959e-07   2.8743e-06   2.9524e-06   2.0359e-06
   1.5500e+02   8.7458e-07   2.7396e-06   2.8398e-06   1.9587e-06
   1.5600e+02   8.2986e-07   2.6305e-06   2.6529e-06   1.9392e-06
   1.5700e+02   7.9795e-07   2.4898e-06   2.5799e-06   1.9126e-06
   1.5800e+02   7.5673e-07   2.4195e-06   2.4126e-06   1.8642e-06
   1.5900e+02   7.3650e-07   2.2919e-06   2.3416e-06   1.8491e-06
   1.6000e+02   6.9311e-07   2.2230e-06   2.2811e-06   1.8288e-06
   1.6100e+02   6.6425e-07   2.0798e-06   2.1285e-06   1.8148e-06
   1.6200e+02   6.3918e-07   2.0105e-06   2.0717e-06   1.8288e-06
   1.6300e+02   6.1984e-07   1.9312e-06   1.9917e-06   1.8310e-06
   1.6400e+02   5.8819e-07   1.8651e-06   1.9175e-06   1.8340e-06
   1.6500e+02   5.6581e-07   1.8015e-06   1.8321e-06   1.8290e-06
   1.6600e+02   5.4333e-07   1.7359e-06   1.8021e-06   1.8719e-06
   1.6700e+02   5.2226e-07   1.6918e-06   1.7250e-06   1.9004e-06
   1.6800e+02   5.0281e-07   1.5960e-06   1.6521e-06   1.9650e-06
   1.6900e+02   4.8825e-07   1.5689e-06   1.6078e-06   1.9649e-06
   1.7000e+02   4.7515e-07   1.4911e-06   1.5481e-06   2.0198e-06
   1.7100e+02   4.5669e-07   1.4612e-06   1.5084e-06   2.0510e-06
   1.7200e+02   4.4669e-07   1.4241e-06   1.4697e-06   2.1091e-06
   1.7300e+02   4.3503e-07   1.3669e-06   1.4117e-06   2.1815e-06
   1.7400e+02   4.1356e-07   1.3364e-06   1.3985e-06   2.2325e-06
   1.7500e+02   4.0953e-07   1.3047e-06   1.3242e-06   2.3128e-06
   1.7600e+02   3.9586e-07   1.2651e-06   1.3129e-06   2.4117e-06
   1.7700e+02   3.9324e-07   1.2310e-06   1.2986e-06   2.4982e-06
   1.7800e+02   3.8014e-07   1.2248e-06   1.2894e-06   2.5936e-06
   1.7900e+02   3.7238e-07   1.2039e-06   1.2602e-06   2.7487e-06
   1.8000e+02   3.6804e-07   1.1707e-06   1.2315e-06   2.8525e-06
   1.8100e+02   3.6297e-07   1.1704e-06   1.2142e-06   2.9956e-06
   1.8200e+02   3.5618e-07   1.1601e-06   1.2161e-06   3.1005e-06
   1.8300e+02   3.5577e-07   1.1503e-06   1.1995e-06   3.3338e-06
   1.8400e+02   3.5895e-07   1.1678e-06   1.2055e-06   3.5189e-06
   1.8500e+02   3.5708e-07   1.1691e-06   1.2053e-06   3.6752e-06
   1.8600e+02   3.5211e-07   1.1666e-06   1.2069e-06   3.9170e-06
   1.8700e+02   3.5452e-07   1.1673e-06   1.2185e-06   4.1262e-06
   1.8800e+02   3.5668e-07   1.2021e-06   1.2641e-06   4.4177e-06
   1.8900e+02   3.5579e-07   1.2143e-06   1.2425e-06   4.6306e-06
   1.9000e+02   3.6273e-07   1.2484e-06   1.3008e-06   4.9757e-06
   1.9100e+02   3.5766e-07   1.2830e-06   1.3263e-06   5.4074e-06
