# The data in this file was extracted from a direct numerical
# simulation of fully developed plane turbulent channel
# flow. Particulars are listed below. Note that some of the statistical
# quantities provided in this data set should be zero due to
# (statistical) symmetries in the flow. These quantities are reported
# here none-the-less as an indicator of the quality of the statistics.
# more statistics from this data set are available at 
# http://www.tam.uiuc.edu/Faculty/Moser/channel 
#
# Authors: Moser, Kim & Mansour
# Reference: DNS of Turbulent Channel Flow up to Re_tau=590, 1999,
#            Physics of Fluids, vol 11, 943-945.
# Numerical Method: Kim, Moin & Moser, 1987, J. Fluid Mech. vol 177, 133-166 
# Re_tau = 587.19
# Normalization: U_tau, h 
# Description: Spanwise (z) One-dimensional spectra of velocity and pressure at indicated y-location 
# Filename: chan590/spectra/chan590.zspec.249 
# Date File Created: Feb 29, 2000 
#
#---End of Header---
# 
# nz = 384,  Re = 587.19,  y = 0.42419,  y+ = 249.08
#
#     k_z          E_uu         E_vv         E_ww         E_pp
#
   0.0000e+00   7.9272e-02   3.9972e-02   9.3294e-02   4.2460e-01
   2.0000e+00   3.4402e-01   8.7078e-02   2.5818e-01   5.6803e-01
   4.0000e+00   6.1993e-01   1.0402e-01   2.0412e-01   4.1453e-01
   6.0000e+00   2.9206e-01   9.1714e-02   1.3610e-01   2.7782e-01
   8.0000e+00   1.8726e-01   8.1188e-02   9.5616e-02   1.9909e-01
   1.0000e+01   1.2564e-01   6.4589e-02   6.9184e-02   1.3930e-01
   1.2000e+01   8.4960e-02   5.2159e-02   5.0785e-02   1.0783e-01
   1.4000e+01   6.1131e-02   4.2712e-02   3.7512e-02   8.1679e-02
   1.6000e+01   4.9533e-02   3.5491e-02   2.7933e-02   6.4721e-02
   1.8000e+01   3.7491e-02   3.0034e-02   2.2506e-02   5.1239e-02
   2.0000e+01   2.9849e-02   2.5523e-02   1.7692e-02   4.1868e-02
   2.2000e+01   2.4143e-02   2.1382e-02   1.3717e-02   3.3589e-02
   2.4000e+01   1.9535e-02   1.8225e-02   1.0898e-02   2.7346e-02
   2.6000e+01   1.6060e-02   1.5544e-02   8.8662e-03   2.1974e-02
   2.8000e+01   1.3673e-02   1.3127e-02   7.3078e-03   1.8249e-02
   3.0000e+01   1.1167e-02   1.1192e-02   5.8908e-03   1.5154e-02
   3.2000e+01   9.4378e-03   9.5387e-03   4.9259e-03   1.2575e-02
   3.4000e+01   8.0358e-03   8.3351e-03   4.0730e-03   1.0750e-02
   3.6000e+01   6.7650e-03   7.0473e-03   3.3930e-03   8.9744e-03
   3.8000e+01   5.8630e-03   6.1014e-03   2.8408e-03   7.4919e-03
   4.0000e+01   5.0056e-03   5.3445e-03   2.4326e-03   6.3698e-03
   4.2000e+01   4.3476e-03   4.5763e-03   2.0335e-03   5.3518e-03
   4.4000e+01   3.7562e-03   3.9843e-03   1.7272e-03   4.4019e-03
   4.6000e+01   3.2329e-03   3.4755e-03   1.4647e-03   3.8768e-03
   4.8000e+01   2.8401e-03   3.0131e-03   1.2553e-03   3.2557e-03
   5.0000e+01   2.4645e-03   2.6212e-03   1.0692e-03   2.7966e-03
   5.2000e+01   2.1512e-03   2.3122e-03   9.0751e-04   2.3755e-03
   5.4000e+01   1.9040e-03   2.0325e-03   7.9519e-04   2.0320e-03
   5.6000e+01   1.6628e-03   1.7570e-03   6.9010e-04   1.7737e-03
   5.8000e+01   1.4695e-03   1.5800e-03   5.9332e-04   1.5010e-03
   6.0000e+01   1.2741e-03   1.3714e-03   5.1507e-04   1.2917e-03
   6.2000e+01   1.1318e-03   1.2204e-03   4.4379e-04   1.1271e-03
   6.4000e+01   1.0103e-03   1.0817e-03   3.8810e-04   9.5452e-04
   6.6000e+01   8.9911e-04   9.4754e-04   3.4078e-04   8.3625e-04
   6.8000e+01   7.8697e-04   8.4032e-04   2.9635e-04   7.1127e-04
   7.0000e+01   7.1166e-04   7.4941e-04   2.5853e-04   6.2833e-04
   7.2000e+01   6.3149e-04   6.6899e-04   2.2737e-04   5.3683e-04
   7.4000e+01   5.6708e-04   5.8867e-04   2.0138e-04   4.6619e-04
   7.6000e+01   5.0624e-04   5.3281e-04   1.7545e-04   4.0729e-04
   7.8000e+01   4.5056e-04   4.7577e-04   1.5650e-04   3.5580e-04
   8.0000e+01   4.0183e-04   4.1961e-04   1.3608e-04   3.1101e-04
   8.2000e+01   3.6217e-04   3.7877e-04   1.2205e-04   2.7274e-04
   8.4000e+01   3.2699e-04   3.3757e-04   1.0656e-04   2.3481e-04
   8.6000e+01   2.9143e-04   3.0027e-04   9.4698e-05   2.0871e-04
   8.8000e+01   2.6041e-04   2.6918e-04   8.4168e-05   1.8212e-04
   9.0000e+01   2.3813e-04   2.4181e-04   7.4804e-05   1.5910e-04
   9.2000e+01   2.1137e-04   2.1532e-04   6.7380e-05   1.4164e-04
   9.4000e+01   1.9399e-04   1.9409e-04   5.9267e-05   1.2159e-04
   9.6000e+01   1.7290e-04   1.7686e-04   5.3253e-05   1.0649e-04
   9.8000e+01   1.5775e-04   1.5766e-04   4.7196e-05   9.5220e-05
   1.0000e+02   1.3972e-04   1.4192e-04   4.2202e-05   8.3061e-05
   1.0200e+02   1.2779e-04   1.2860e-04   3.7864e-05   7.4114e-05
   1.0400e+02   1.1581e-04   1.1790e-04   3.3815e-05   6.5855e-05
   1.0600e+02   1.0560e-04   1.0542e-04   3.0510e-05   5.8885e-05
   1.0800e+02   9.5168e-05   9.5168e-05   2.7286e-05   5.1855e-05
   1.1000e+02   8.6282e-05   8.6385e-05   2.4305e-05   4.5823e-05
   1.1200e+02   7.7825e-05   7.7495e-05   2.1999e-05   4.0761e-05
   1.1400e+02   7.1213e-05   7.0234e-05   1.9919e-05   3.5353e-05
   1.1600e+02   6.4942e-05   6.4189e-05   1.7626e-05   3.2011e-05
   1.1800e+02   5.9338e-05   5.8071e-05   1.5988e-05   2.8595e-05
   1.2000e+02   5.4120e-05   5.2445e-05   1.4460e-05   2.5418e-05
   1.2200e+02   4.9687e-05   4.7733e-05   1.2972e-05   2.2854e-05
   1.2400e+02   4.4487e-05   4.3361e-05   1.1692e-05   2.0380e-05
   1.2600e+02   4.0686e-05   3.9829e-05   1.0530e-05   1.8148e-05
   1.2800e+02   3.7681e-05   3.5860e-05   9.6062e-06   1.6162e-05
   1.3000e+02   3.3808e-05   3.2451e-05   8.6431e-06   1.4667e-05
   1.3200e+02   3.1345e-05   2.9442e-05   7.8556e-06   1.2911e-05
   1.3400e+02   2.8820e-05   2.7365e-05   7.1046e-06   1.1633e-05
   1.3600e+02   2.5937e-05   2.5047e-05   6.4403e-06   1.0344e-05
   1.3800e+02   2.4072e-05   2.2872e-05   5.8796e-06   9.2408e-06
   1.4000e+02   2.2035e-05   2.0593e-05   5.3167e-06   8.3553e-06
   1.4200e+02   2.0297e-05   1.8753e-05   4.8310e-06   7.6084e-06
   1.4400e+02   1.8395e-05   1.7181e-05   4.3841e-06   6.8078e-06
   1.4600e+02   1.6883e-05   1.5751e-05   3.9827e-06   6.2148e-06
   1.4800e+02   1.5489e-05   1.4311e-05   3.6082e-06   5.5890e-06
   1.5000e+02   1.4191e-05   1.3065e-05   3.2705e-06   5.0968e-06
   1.5200e+02   1.2988e-05   1.2214e-05   2.9838e-06   4.5549e-06
   1.5400e+02   1.2037e-05   1.0975e-05   2.7440e-06   4.1368e-06
   1.5600e+02   1.0904e-05   1.0170e-05   2.4865e-06   3.7159e-06
   1.5800e+02   1.0068e-05   9.3202e-06   2.2573e-06   3.3938e-06
   1.6000e+02   9.2860e-06   8.5888e-06   2.0542e-06   3.0936e-06
   1.6200e+02   8.5242e-06   7.8601e-06   1.8853e-06   2.7868e-06
   1.6400e+02   7.8121e-06   7.2264e-06   1.7114e-06   2.5732e-06
   1.6600e+02   7.2680e-06   6.6466e-06   1.5592e-06   2.3522e-06
   1.6800e+02   6.5841e-06   6.0954e-06   1.4289e-06   2.1348e-06
   1.7000e+02   6.1634e-06   5.6278e-06   1.3049e-06   1.9468e-06
   1.7200e+02   5.5503e-06   5.1654e-06   1.2039e-06   1.7744e-06
   1.7400e+02   5.1773e-06   4.7179e-06   1.0888e-06   1.6286e-06
   1.7600e+02   4.7854e-06   4.3840e-06   1.0010e-06   1.5034e-06
   1.7800e+02   4.3987e-06   4.0253e-06   9.2263e-07   1.3655e-06
   1.8000e+02   4.0276e-06   3.6908e-06   8.3359e-07   1.2512e-06
   1.8200e+02   3.7684e-06   3.4350e-06   7.6446e-07   1.1498e-06
   1.8400e+02   3.4418e-06   3.1671e-06   7.0492e-07   1.0530e-06
   1.8600e+02   3.2154e-06   2.8993e-06   6.4720e-07   9.7630e-07
   1.8800e+02   2.9588e-06   2.7055e-06   5.8965e-07   8.9293e-07
   1.9000e+02   2.7499e-06   2.4665e-06   5.4174e-07   8.3266e-07
   1.9200e+02   2.5239e-06   2.2843e-06   4.9330e-07   7.6648e-07
   1.9400e+02   2.3592e-06   2.1282e-06   4.5546e-07   7.0423e-07
   1.9600e+02   2.1659e-06   1.9524e-06   4.1948e-07   6.5257e-07
   1.9800e+02   2.0011e-06   1.8017e-06   3.8590e-07   6.0972e-07
   2.0000e+02   1.8641e-06   1.6393e-06   3.5429e-07   5.5621e-07
   2.0200e+02   1.7240e-06   1.5243e-06   3.2391e-07   5.2658e-07
   2.0400e+02   1.5873e-06   1.4137e-06   2.9820e-07   4.8348e-07
   2.0600e+02   1.4835e-06   1.3001e-06   2.7562e-07   4.5225e-07
   2.0800e+02   1.3554e-06   1.2212e-06   2.5107e-07   4.2300e-07
   2.1000e+02   1.2662e-06   1.1202e-06   2.3202e-07   3.9171e-07
   2.1200e+02   1.1715e-06   1.0400e-06   2.1352e-07   3.6641e-07
   2.1400e+02   1.0888e-06   9.5656e-07   1.9548e-07   3.4051e-07
   2.1600e+02   1.0035e-06   8.8428e-07   1.8092e-07   3.2170e-07
   2.1800e+02   9.4055e-07   8.1623e-07   1.6706e-07   2.9859e-07
   2.2000e+02   8.7460e-07   7.5976e-07   1.5360e-07   2.8213e-07
   2.2200e+02   8.0707e-07   7.0785e-07   1.4190e-07   2.6249e-07
   2.2400e+02   7.4577e-07   6.5419e-07   1.3063e-07   2.4482e-07
   2.2600e+02   6.9862e-07   5.9646e-07   1.2112e-07   2.3106e-07
   2.2800e+02   6.4192e-07   5.5745e-07   1.1136e-07   2.1787e-07
   2.3000e+02   5.9732e-07   5.1952e-07   1.0212e-07   2.0406e-07
   2.3200e+02   5.6043e-07   4.7918e-07   9.4603e-08   1.8947e-07
   2.3400e+02   5.1548e-07   4.4743e-07   8.7707e-08   1.7979e-07
   2.3600e+02   4.7892e-07   4.0997e-07   8.1007e-08   1.6894e-07
   2.3800e+02   4.4699e-07   3.7770e-07   7.4192e-08   1.5866e-07
   2.4000e+02   4.1244e-07   3.5787e-07   6.8504e-08   1.4900e-07
   2.4200e+02   3.8227e-07   3.2931e-07   6.3230e-08   1.4189e-07
   2.4400e+02   3.5918e-07   3.0546e-07   5.8491e-08   1.3218e-07
   2.4600e+02   3.3302e-07   2.8364e-07   5.4680e-08   1.2643e-07
   2.4800e+02   3.1001e-07   2.6228e-07   5.0357e-08   1.1861e-07
   2.5000e+02   2.8866e-07   2.4307e-07   4.6314e-08   1.1274e-07
   2.5200e+02   2.6660e-07   2.2944e-07   4.2244e-08   1.0572e-07
   2.5400e+02   2.5025e-07   2.1260e-07   3.9554e-08   1.0021e-07
   2.5600e+02   2.3325e-07   1.9681e-07   3.6710e-08   9.6326e-08
   2.5800e+02   2.1729e-07   1.8216e-07   3.3671e-08   9.1205e-08
   2.6000e+02   2.0127e-07   1.7174e-07   3.1391e-08   8.6468e-08
   2.6200e+02   1.8852e-07   1.5862e-07   2.8862e-08   8.2133e-08
   2.6400e+02   1.7366e-07   1.4645e-07   2.6828e-08   7.7920e-08
   2.6600e+02   1.6374e-07   1.3700e-07   2.4840e-08   7.3501e-08
   2.6800e+02   1.5308e-07   1.2769e-07   2.2948e-08   7.0477e-08
   2.7000e+02   1.4067e-07   1.1978e-07   2.1148e-08   6.6632e-08
   2.7200e+02   1.3298e-07   1.1062e-07   1.9771e-08   6.3052e-08
   2.7400e+02   1.2260e-07   1.0361e-07   1.8286e-08   6.0546e-08
   2.7600e+02   1.1392e-07   9.6137e-08   1.6887e-08   5.8258e-08
   2.7800e+02   1.0739e-07   8.9274e-08   1.5597e-08   5.5478e-08
   2.8000e+02   1.0013e-07   8.3244e-08   1.4550e-08   5.2278e-08
   2.8200e+02   9.2135e-08   7.7944e-08   1.3494e-08   5.0210e-08
   2.8400e+02   8.6727e-08   7.2664e-08   1.2499e-08   4.8177e-08
   2.8600e+02   8.1047e-08   6.7029e-08   1.1640e-08   4.5631e-08
   2.8800e+02   7.5381e-08   6.2694e-08   1.0815e-08   4.3851e-08
   2.9000e+02   7.0175e-08   5.8398e-08   9.9749e-09   4.1971e-08
   2.9200e+02   6.5359e-08   5.4478e-08   9.3221e-09   4.0648e-08
   2.9400e+02   6.1707e-08   5.1218e-08   8.5673e-09   3.8904e-08
   2.9600e+02   5.7293e-08   4.7888e-08   8.0175e-09   3.7211e-08
   2.9800e+02   5.3595e-08   4.4247e-08   7.4152e-09   3.5698e-08
   3.0000e+02   5.0201e-08   4.1430e-08   6.8607e-09   3.4551e-08
   3.0200e+02   4.6406e-08   3.8711e-08   6.3819e-09   3.3250e-08
   3.0400e+02   4.3670e-08   3.5961e-08   5.9323e-09   3.1879e-08
   3.0600e+02   4.0573e-08   3.3680e-08   5.5298e-09   3.0807e-08
   3.0800e+02   3.8299e-08   3.1298e-08   5.1116e-09   2.9591e-08
   3.1000e+02   3.5459e-08   2.9414e-08   4.7585e-09   2.8553e-08
   3.1200e+02   3.3353e-08   2.7458e-08   4.4286e-09   2.7977e-08
   3.1400e+02   3.1102e-08   2.5404e-08   4.1039e-09   2.6991e-08
   3.1600e+02   2.9256e-08   2.3754e-08   3.8373e-09   2.6158e-08
   3.1800e+02   2.7434e-08   2.2169e-08   3.5553e-09   2.5652e-08
   3.2000e+02   2.5425e-08   2.1100e-08   3.3031e-09   2.4929e-08
   3.2200e+02   2.3916e-08   1.9532e-08   3.0897e-09   2.4358e-08
   3.2400e+02   2.2317e-08   1.8270e-08   2.9011e-09   2.3733e-08
   3.2600e+02   2.0977e-08   1.7192e-08   2.7120e-09   2.3404e-08
   3.2800e+02   1.9547e-08   1.5992e-08   2.5077e-09   2.3056e-08
   3.3000e+02   1.8410e-08   1.4991e-08   2.3241e-09   2.2767e-08
   3.3200e+02   1.7325e-08   1.4136e-08   2.1847e-09   2.2436e-08
   3.3400e+02   1.6170e-08   1.3280e-08   2.0518e-09   2.2229e-08
   3.3600e+02   1.5229e-08   1.2279e-08   1.9009e-09   2.2113e-08
   3.3800e+02   1.4327e-08   1.1705e-08   1.7901e-09   2.2140e-08
   3.4000e+02   1.3599e-08   1.0995e-08   1.6775e-09   2.1980e-08
   3.4200e+02   1.2874e-08   1.0400e-08   1.5741e-09   2.2240e-08
   3.4400e+02   1.2137e-08   9.7508e-09   1.4871e-09   2.2174e-08
   3.4600e+02   1.1474e-08   9.2967e-09   1.3943e-09   2.2366e-08
   3.4800e+02   1.1006e-08   8.7291e-09   1.3203e-09   2.2762e-08
   3.5000e+02   1.0338e-08   8.3590e-09   1.2570e-09   2.2882e-08
   3.5200e+02   9.9311e-09   7.9632e-09   1.1825e-09   2.3349e-08
   3.5400e+02   9.5654e-09   7.5924e-09   1.1346e-09   2.4088e-08
   3.5600e+02   9.1086e-09   7.3260e-09   1.0885e-09   2.4555e-08
   3.5800e+02   8.7778e-09   7.0413e-09   1.0553e-09   2.5230e-08
   3.6000e+02   8.6046e-09   6.8223e-09   1.0177e-09   2.6491e-08
   3.6200e+02   8.3341e-09   6.6517e-09   9.9792e-10   2.7596e-08
   3.6400e+02   8.1592e-09   6.4586e-09   9.6418e-10   2.8845e-08
   3.6600e+02   8.1937e-09   6.3622e-09   9.4420e-10   3.0461e-08
   3.6800e+02   8.1995e-09   6.4009e-09   9.4115e-10   3.1974e-08
   3.7000e+02   8.5717e-09   6.5813e-09   9.5709e-10   3.3759e-08
   3.7200e+02   8.7958e-09   6.8478e-09   9.7361e-10   3.6450e-08
   3.7400e+02   9.2155e-09   7.1231e-09   9.8778e-10   3.9577e-08
   3.7600e+02   9.6889e-09   7.4425e-09   1.0327e-09   4.2955e-08
   3.7800e+02   1.0416e-08   8.0594e-09   1.0676e-09   4.7796e-08
   3.8000e+02   1.1425e-08   8.7481e-09   1.1454e-09   5.5283e-08
   3.8200e+02   1.2233e-08   9.3181e-09   1.2215e-09   6.5428e-08
