# The data in this file was extracted from a direct numerical
# simulation of fully developed plane turbulent channel
# flow. Particulars are listed below. Note that some of the statistical
# quantities provided in this data set should be zero due to
# (statistical) symmetries in the flow. These quantities are reported
# here none-the-less as an indicator of the quality of the statistics.
# more statistics from this data set are available at 
# http://www.tam.uiuc.edu/Faculty/Moser/channel 
#
# Authors: Moser, Kim & Mansour
# Reference: DNS of Turbulent Channel Flow up to Re_tau=590, 1999,
#            Physics of Fluids, vol 11, 943-945.
# Numerical Method: Kim, Moin & Moser, 1987, J. Fluid Mech. vol 177, 133-166 
# Re_tau = 587.19
# Normalization: U_tau, h 
# Description: Spanwise (z) One-dimensional spectra of velocity and pressure at indicated y-location 
# Filename: chan590/spectra/chan590.zspec.587 
# Date File Created: Feb 29, 2000 
#
#---End of Header---
# 
# nz = 384,  Re = 587.19,  y = 1.00000,  y+ = 587.19
#
#     k_z          E_uu         E_vv         E_ww         E_pp
#
   0.0000e+00   5.4581e-02   4.0511e-02   4.4962e-02   1.5076e-01
   2.0000e+00   1.5936e-01   8.2481e-02   1.0487e-01   1.4103e-01
   4.0000e+00   1.1506e-01   6.0532e-02   8.2771e-02   7.6518e-02
   6.0000e+00   6.9487e-02   4.4842e-02   5.0301e-02   4.3794e-02
   8.0000e+00   4.6405e-02   3.3277e-02   3.0830e-02   3.1843e-02
   1.0000e+01   3.6082e-02   2.5261e-02   2.0502e-02   2.3196e-02
   1.2000e+01   2.5730e-02   1.8646e-02   1.5802e-02   1.6868e-02
   1.4000e+01   1.9452e-02   1.5093e-02   1.0893e-02   1.1998e-02
   1.6000e+01   1.4414e-02   1.2406e-02   8.1513e-03   9.0095e-03
   1.8000e+01   1.1316e-02   9.9365e-03   6.0742e-03   7.0738e-03
   2.0000e+01   8.8848e-03   8.8984e-03   4.7593e-03   5.6153e-03
   2.2000e+01   6.9195e-03   6.9445e-03   3.6323e-03   4.3904e-03
   2.4000e+01   5.7464e-03   5.4016e-03   2.8324e-03   3.5240e-03
   2.6000e+01   4.5960e-03   4.5235e-03   2.1579e-03   2.7486e-03
   2.8000e+01   3.8014e-03   3.5917e-03   1.7256e-03   2.2802e-03
   3.0000e+01   3.0096e-03   2.9302e-03   1.3475e-03   1.7808e-03
   3.2000e+01   2.3981e-03   2.4785e-03   1.0861e-03   1.3812e-03
   3.4000e+01   2.0838e-03   2.0109e-03   8.7324e-04   1.1567e-03
   3.6000e+01   1.6629e-03   1.7118e-03   7.1925e-04   9.3570e-04
   3.8000e+01   1.3758e-03   1.4019e-03   5.7110e-04   7.6376e-04
   4.0000e+01   1.1432e-03   1.1717e-03   4.7391e-04   6.1475e-04
   4.2000e+01   9.7696e-04   9.8594e-04   3.8382e-04   5.0914e-04
   4.4000e+01   7.9232e-04   8.0349e-04   3.1403e-04   4.1899e-04
   4.6000e+01   6.7595e-04   6.8201e-04   2.5562e-04   3.3165e-04
   4.8000e+01   5.6471e-04   5.7897e-04   2.1225e-04   2.8037e-04
   5.0000e+01   4.9200e-04   4.8770e-04   1.7833e-04   2.3190e-04
   5.2000e+01   4.2357e-04   4.1769e-04   1.5219e-04   1.8903e-04
   5.4000e+01   3.5400e-04   3.5800e-04   1.2437e-04   1.5413e-04
   5.6000e+01   3.1425e-04   2.9572e-04   1.0420e-04   1.2994e-04
   5.8000e+01   2.6054e-04   2.6030e-04   8.8636e-05   1.0830e-04
   6.0000e+01   2.2030e-04   2.1643e-04   7.4729e-05   8.8798e-05
   6.2000e+01   1.8973e-04   1.8930e-04   6.0819e-05   7.3594e-05
   6.4000e+01   1.6378e-04   1.6147e-04   5.2327e-05   6.1683e-05
   6.6000e+01   1.4051e-04   1.3691e-04   4.4837e-05   5.1675e-05
   6.8000e+01   1.2297e-04   1.1864e-04   3.8347e-05   4.3080e-05
   7.0000e+01   1.0454e-04   1.0086e-04   3.2590e-05   3.5932e-05
   7.2000e+01   9.1099e-05   8.9988e-05   2.7468e-05   3.0273e-05
   7.4000e+01   7.8100e-05   7.7150e-05   2.3747e-05   2.5901e-05
   7.6000e+01   6.8877e-05   6.5932e-05   2.0400e-05   2.1417e-05
   7.8000e+01   5.8069e-05   5.8385e-05   1.7441e-05   1.8261e-05
   8.0000e+01   5.0278e-05   5.1323e-05   1.4824e-05   1.5705e-05
   8.2000e+01   4.4294e-05   4.4062e-05   1.2939e-05   1.3179e-05
   8.4000e+01   3.9249e-05   3.8638e-05   1.1092e-05   1.1212e-05
   8.6000e+01   3.4045e-05   3.3539e-05   9.5387e-06   9.3268e-06
   8.8000e+01   3.0186e-05   2.8987e-05   8.3232e-06   8.2019e-06
   9.0000e+01   2.5843e-05   2.5330e-05   7.1328e-06   6.8864e-06
   9.2000e+01   2.3381e-05   2.2254e-05   6.1911e-06   5.8471e-06
   9.4000e+01   2.0660e-05   1.9918e-05   5.4139e-06   5.0003e-06
   9.6000e+01   1.7639e-05   1.7310e-05   4.6557e-06   4.3199e-06
   9.8000e+01   1.6123e-05   1.5133e-05   4.1649e-06   3.7349e-06
   1.0000e+02   1.4090e-05   1.3304e-05   3.5762e-06   3.2401e-06
   1.0200e+02   1.2321e-05   1.1653e-05   3.0766e-06   2.7508e-06
   1.0400e+02   1.0990e-05   1.0489e-05   2.7016e-06   2.4070e-06
   1.0600e+02   9.5619e-06   9.2522e-06   2.3946e-06   2.0517e-06
   1.0800e+02   8.5998e-06   8.1329e-06   2.0837e-06   1.8118e-06
   1.1000e+02   7.5475e-06   7.1888e-06   1.8242e-06   1.5922e-06
   1.1200e+02   6.6829e-06   6.2316e-06   1.5670e-06   1.3911e-06
   1.1400e+02   5.8626e-06   5.7129e-06   1.3919e-06   1.1762e-06
   1.1600e+02   5.2749e-06   5.0645e-06   1.2298e-06   1.0575e-06
   1.1800e+02   4.6859e-06   4.4524e-06   1.1010e-06   9.3019e-07
   1.2000e+02   4.1091e-06   3.9131e-06   9.5099e-07   8.0640e-07
   1.2200e+02   3.6755e-06   3.4528e-06   8.4820e-07   7.1275e-07
   1.2400e+02   3.3406e-06   3.0965e-06   7.4666e-07   6.2489e-07
   1.2600e+02   2.9339e-06   2.7924e-06   6.5333e-07   5.5519e-07
   1.2800e+02   2.6011e-06   2.4634e-06   5.7215e-07   4.8895e-07
   1.3000e+02   2.3356e-06   2.2154e-06   5.0832e-07   4.3588e-07
   1.3200e+02   2.1009e-06   1.9675e-06   4.5392e-07   3.8941e-07
   1.3400e+02   1.8715e-06   1.7987e-06   4.0216e-07   3.4727e-07
   1.3600e+02   1.6596e-06   1.5725e-06   3.5845e-07   3.0629e-07
   1.3800e+02   1.4948e-06   1.3706e-06   3.1721e-07   2.7246e-07
   1.4000e+02   1.3439e-06   1.2396e-06   2.7692e-07   2.4714e-07
   1.4200e+02   1.2083e-06   1.1186e-06   2.4831e-07   2.2064e-07
   1.4400e+02   1.0757e-06   9.9090e-07   2.2152e-07   1.9764e-07
   1.4600e+02   9.6474e-07   8.8184e-07   1.9782e-07   1.8098e-07
   1.4800e+02   8.7010e-07   7.9584e-07   1.7759e-07   1.6176e-07
   1.5000e+02   7.7721e-07   7.0860e-07   1.5636e-07   1.4878e-07
   1.5200e+02   6.8834e-07   6.3415e-07   1.3893e-07   1.3706e-07
   1.5400e+02   6.2201e-07   5.6670e-07   1.2421e-07   1.2458e-07
   1.5600e+02   5.4991e-07   5.0835e-07   1.1019e-07   1.1410e-07
   1.5800e+02   5.0619e-07   4.5830e-07   9.9311e-08   1.0262e-07
   1.6000e+02   4.4786e-07   4.1893e-07   8.7472e-08   9.4749e-08
   1.6200e+02   4.0641e-07   3.7122e-07   7.7361e-08   8.7566e-08
   1.6400e+02   3.6894e-07   3.3231e-07   7.1179e-08   8.0723e-08
   1.6600e+02   3.2509e-07   3.0406e-07   6.2991e-08   7.4111e-08
   1.6800e+02   2.9645e-07   2.6815e-07   5.6606e-08   6.9085e-08
   1.7000e+02   2.6839e-07   2.4373e-07   4.9982e-08   6.5103e-08
   1.7200e+02   2.4132e-07   2.1523e-07   4.5669e-08   6.0899e-08
   1.7400e+02   2.1683e-07   1.9591e-07   4.0343e-08   5.6854e-08
   1.7600e+02   1.9529e-07   1.7962e-07   3.6374e-08   5.3813e-08
   1.7800e+02   1.7618e-07   1.6353e-07   3.2923e-08   5.1120e-08
   1.8000e+02   1.5931e-07   1.4691e-07   2.9501e-08   4.7710e-08
   1.8200e+02   1.4518e-07   1.3199e-07   2.5961e-08   4.4101e-08
   1.8400e+02   1.3285e-07   1.1862e-07   2.3855e-08   4.2041e-08
   1.8600e+02   1.1717e-07   1.0786e-07   2.1028e-08   3.9938e-08
   1.8800e+02   1.0595e-07   9.7214e-08   1.8994e-08   3.7947e-08
   1.9000e+02   9.6534e-08   8.6989e-08   1.7111e-08   3.5908e-08
   1.9200e+02   8.7905e-08   7.8731e-08   1.5510e-08   3.3966e-08
   1.9400e+02   7.9129e-08   7.0998e-08   1.3970e-08   3.2393e-08
   1.9600e+02   7.1628e-08   6.4491e-08   1.2553e-08   3.0599e-08
   1.9800e+02   6.5812e-08   5.9131e-08   1.1324e-08   2.9436e-08
   2.0000e+02   5.8693e-08   5.3824e-08   9.9954e-09   2.8038e-08
   2.0200e+02   5.3081e-08   4.8110e-08   9.2426e-09   2.6875e-08
   2.0400e+02   4.8445e-08   4.3467e-08   8.3264e-09   2.5673e-08
   2.0600e+02   4.4444e-08   3.9762e-08   7.4668e-09   2.4617e-08
   2.0800e+02   4.0397e-08   3.5550e-08   6.8861e-09   2.4087e-08
   2.1000e+02   3.6443e-08   3.2662e-08   6.1577e-09   2.2768e-08
   2.1200e+02   3.3011e-08   2.9243e-08   5.5677e-09   2.1890e-08
   2.1400e+02   2.9655e-08   2.6724e-08   5.0857e-09   2.1241e-08
   2.1600e+02   2.7404e-08   2.4199e-08   4.6418e-09   2.0214e-08
   2.1800e+02   2.4953e-08   2.1852e-08   4.1993e-09   1.9731e-08
   2.2000e+02   2.2413e-08   1.9859e-08   3.8529e-09   1.8961e-08
   2.2200e+02   2.0230e-08   1.7922e-08   3.4597e-09   1.7969e-08
   2.2400e+02   1.8567e-08   1.6719e-08   3.1555e-09   1.7644e-08
   2.2600e+02   1.6705e-08   1.5047e-08   2.8293e-09   1.7051e-08
   2.2800e+02   1.5234e-08   1.3788e-08   2.5764e-09   1.6471e-08
   2.3000e+02   1.3991e-08   1.2645e-08   2.3814e-09   1.5950e-08
   2.3200e+02   1.2611e-08   1.1544e-08   2.1418e-09   1.5208e-08
   2.3400e+02   1.1484e-08   1.0382e-08   1.9735e-09   1.4692e-08
   2.3600e+02   1.0498e-08   9.5200e-09   1.8074e-09   1.4339e-08
   2.3800e+02   9.5170e-09   8.6219e-09   1.6604e-09   1.3811e-08
   2.4000e+02   8.5902e-09   7.9630e-09   1.5259e-09   1.3401e-08
   2.4200e+02   7.9464e-09   7.2706e-09   1.3955e-09   1.2943e-08
   2.4400e+02   7.3220e-09   6.5199e-09   1.2831e-09   1.2502e-08
   2.4600e+02   6.6268e-09   6.0366e-09   1.1762e-09   1.2291e-08
   2.4800e+02   6.0026e-09   5.5565e-09   1.0939e-09   1.1847e-08
   2.5000e+02   5.5400e-09   5.0517e-09   9.8772e-10   1.1582e-08
   2.5200e+02   4.9888e-09   4.6138e-09   9.1576e-10   1.0987e-08
   2.5400e+02   4.5747e-09   4.2212e-09   8.4585e-10   1.0874e-08
   2.5600e+02   4.2549e-09   3.8396e-09   7.8183e-10   1.0432e-08
   2.5800e+02   3.7927e-09   3.4993e-09   7.1270e-10   1.0124e-08
   2.6000e+02   3.4886e-09   3.2148e-09   6.6339e-10   9.8563e-09
   2.6200e+02   3.2486e-09   2.9442e-09   6.1462e-10   9.6502e-09
   2.6400e+02   2.9375e-09   2.6695e-09   5.6604e-10   9.2792e-09
   2.6600e+02   2.7039e-09   2.4785e-09   5.2593e-10   9.0512e-09
   2.6800e+02   2.5372e-09   2.2597e-09   4.8986e-10   8.7660e-09
   2.7000e+02   2.2828e-09   2.0685e-09   4.5294e-10   8.5440e-09
   2.7200e+02   2.0538e-09   1.8836e-09   4.2196e-10   8.2193e-09
   2.7400e+02   1.9168e-09   1.7406e-09   3.9284e-10   8.0164e-09
   2.7600e+02   1.7563e-09   1.6115e-09   3.6515e-10   7.8140e-09
   2.7800e+02   1.6264e-09   1.4708e-09   3.3884e-10   7.7121e-09
   2.8000e+02   1.4909e-09   1.3734e-09   3.1792e-10   7.3392e-09
   2.8200e+02   1.3855e-09   1.2603e-09   2.9840e-10   7.2375e-09
   2.8400e+02   1.2735e-09   1.1523e-09   2.7916e-10   7.0318e-09
   2.8600e+02   1.1708e-09   1.0800e-09   2.6066e-10   6.8610e-09
   2.8800e+02   1.0777e-09   9.7497e-10   2.4494e-10   6.6918e-09
   2.9000e+02   9.8705e-10   8.9453e-10   2.3225e-10   6.4269e-09
   2.9200e+02   9.1862e-10   8.5214e-10   2.1765e-10   6.3659e-09
   2.9400e+02   8.5414e-10   7.8625e-10   2.0374e-10   6.1593e-09
   2.9600e+02   7.7807e-10   7.2721e-10   1.9106e-10   6.0104e-09
   2.9800e+02   7.1818e-10   6.7751e-10   1.8041e-10   5.8465e-09
   3.0000e+02   6.7067e-10   6.2737e-10   1.7045e-10   5.7250e-09
   3.0200e+02   6.1279e-10   5.8062e-10   1.6151e-10   5.5733e-09
   3.0400e+02   5.7664e-10   5.4499e-10   1.5317e-10   5.5149e-09
   3.0600e+02   5.4214e-10   5.0797e-10   1.4424e-10   5.3133e-09
   3.0800e+02   4.9783e-10   4.6286e-10   1.3775e-10   5.1572e-09
   3.1000e+02   4.5977e-10   4.3263e-10   1.2970e-10   5.0471e-09
   3.1200e+02   4.3047e-10   4.1112e-10   1.2383e-10   4.9679e-09
   3.1400e+02   4.0013e-10   3.7761e-10   1.1746e-10   4.7490e-09
   3.1600e+02   3.7465e-10   3.5407e-10   1.1172e-10   4.6452e-09
   3.1800e+02   3.4614e-10   3.3344e-10   1.0641e-10   4.5214e-09
   3.2000e+02   3.2529e-10   3.1191e-10   1.0356e-10   4.4327e-09
   3.2200e+02   3.0056e-10   2.9202e-10   9.6742e-11   4.3434e-09
   3.2400e+02   2.8401e-10   2.7426e-10   9.2876e-11   4.2124e-09
   3.2600e+02   2.6322e-10   2.5804e-10   8.8787e-11   4.0856e-09
   3.2800e+02   2.4439e-10   2.4269e-10   8.4837e-11   4.0157e-09
   3.3000e+02   2.3213e-10   2.2999e-10   8.1025e-11   3.9380e-09
   3.3200e+02   2.1850e-10   2.1458e-10   7.7164e-11   3.8061e-09
   3.3400e+02   2.0400e-10   2.0253e-10   7.4539e-11   3.7080e-09
   3.3600e+02   1.8904e-10   1.9381e-10   7.0448e-11   3.5979e-09
   3.3800e+02   1.8085e-10   1.8187e-10   6.8756e-11   3.5190e-09
   3.4000e+02   1.6961e-10   1.7241e-10   6.6423e-11   3.4274e-09
   3.4200e+02   1.5801e-10   1.6447e-10   6.4337e-11   3.3500e-09
   3.4400e+02   1.5309e-10   1.5537e-10   6.1479e-11   3.2495e-09
   3.4600e+02   1.4407e-10   1.4745e-10   5.8414e-11   3.1264e-09
   3.4800e+02   1.3640e-10   1.4426e-10   5.6880e-11   3.0682e-09
   3.5000e+02   1.3033e-10   1.3720e-10   5.4461e-11   2.9828e-09
   3.5200e+02   1.2101e-10   1.3054e-10   5.2046e-11   2.8552e-09
   3.5400e+02   1.1402e-10   1.2326e-10   5.0306e-11   2.7753e-09
   3.5600e+02   1.0803e-10   1.2039e-10   4.8426e-11   2.6827e-09
   3.5800e+02   1.0238e-10   1.1441e-10   4.6900e-11   2.6140e-09
   3.6000e+02   9.8176e-11   1.1112e-10   4.5126e-11   2.5224e-09
   3.6200e+02   9.4274e-11   1.0924e-10   4.3111e-11   2.4242e-09
   3.6400e+02   9.0941e-11   1.0471e-10   4.1474e-11   2.3311e-09
   3.6600e+02   8.8406e-11   1.0145e-10   4.0271e-11   2.2640e-09
   3.6800e+02   8.6667e-11   1.0139e-10   3.8912e-11   2.2088e-09
   3.7000e+02   8.3305e-11   9.9386e-11   3.7836e-11   2.1285e-09
   3.7200e+02   8.0243e-11   9.6105e-11   3.5903e-11   2.0533e-09
   3.7400e+02   8.0899e-11   9.7276e-11   3.5311e-11   1.9907e-09
   3.7600e+02   8.2174e-11   9.5785e-11   3.3928e-11   1.9129e-09
   3.7800e+02   8.0520e-11   9.2348e-11   3.2299e-11   1.8230e-09
   3.8000e+02   7.6482e-11   9.2848e-11   3.0984e-11   1.7711e-09
   3.8200e+02   7.8531e-11   9.1041e-11   2.9106e-11   1.7103e-09
