# The data in this file was extracted from a direct numerical
# simulation of fully developed plane turbulent channel
# flow. Particulars are listed below. Note that some of the statistical
# quantities provided in this data set should be zero due to
# (statistical) symmetries in the flow. These quantities are reported
# here none-the-less as an indicator of the quality of the statistics.
# more statistics from this data set are available at 
# http://www.tam.uiuc.edu/Faculty/Moser/channel 
#
# Authors: Moser, Kim & Mansour
# Reference: DNS of Turbulent Channel Flow up to Re_tau=590, 1999,
#            Physics of Fluids, vol 11, 943-945.
# Numerical Method: Kim, Moin & Moser, 1987, J. Fluid Mech. vol 177, 133-166 
# Re_tau = 587.19
# Normalization: U_tau, h 
# Description: Streamwise (x) One-dimensional spectra of velocity and pressure at indicated y-location 
# Filename: chan590/spectra/chan590.xspec.198 
# Date File Created: Feb 29, 2000 
#
#---End of Header---
# 
# nx = 384,  Re = 587.19,  y = 0.33758,  y+ = 198.23
#
#     k_x          E_uu         E_vv         E_ww         E_pp
#
   0.0000e+00   6.3853e-01   4.1210e-02   3.1038e-02   8.3332e-02
   1.0000e+00   4.8019e-01   6.7602e-02   1.0123e-01   2.1536e-01
   2.0000e+00   3.4691e-01   7.4958e-02   1.5004e-01   2.9098e-01
   3.0000e+00   1.7604e-01   5.8367e-02   9.6410e-02   2.6068e-01
   4.0000e+00   1.2921e-01   5.5555e-02   9.3919e-02   2.3389e-01
   5.0000e+00   1.0456e-01   5.3630e-02   8.6539e-02   2.4006e-01
   6.0000e+00   7.5896e-02   4.6950e-02   6.6777e-02   2.0692e-01
   7.0000e+00   6.2577e-02   4.4031e-02   6.5348e-02   1.8800e-01
   8.0000e+00   5.0313e-02   3.8744e-02   5.2912e-02   1.4609e-01
   9.0000e+00   4.2009e-02   3.5651e-02   4.9657e-02   1.3954e-01
   1.0000e+01   3.3174e-02   3.1835e-02   4.3000e-02   1.2222e-01
   1.1000e+01   2.8870e-02   2.9047e-02   3.8957e-02   1.0731e-01
   1.2000e+01   2.4904e-02   2.6530e-02   3.3633e-02   9.2617e-02
   1.3000e+01   2.1347e-02   2.3768e-02   3.0778e-02   8.3479e-02
   1.4000e+01   1.8483e-02   2.1255e-02   2.6245e-02   7.3039e-02
   1.5000e+01   1.6191e-02   1.8634e-02   2.3888e-02   6.4565e-02
   1.6000e+01   1.4425e-02   1.7799e-02   2.1500e-02   5.8489e-02
   1.7000e+01   1.2676e-02   1.6365e-02   1.9187e-02   5.3241e-02
   1.8000e+01   1.0917e-02   1.4874e-02   1.7731e-02   4.7326e-02
   1.9000e+01   9.7927e-03   1.3478e-02   1.6266e-02   4.3400e-02
   2.0000e+01   8.6710e-03   1.2220e-02   1.4659e-02   3.8711e-02
   2.1000e+01   7.9566e-03   1.1422e-02   1.3406e-02   3.3886e-02
   2.2000e+01   7.1821e-03   1.0418e-02   1.2597e-02   3.0638e-02
   2.3000e+01   6.3194e-03   9.4393e-03   1.1388e-02   2.8542e-02
   2.4000e+01   5.6990e-03   8.6996e-03   1.0612e-02   2.5434e-02
   2.5000e+01   5.1319e-03   8.0114e-03   9.5004e-03   2.2630e-02
   2.6000e+01   4.6870e-03   7.3489e-03   8.7579e-03   2.0546e-02
   2.7000e+01   4.1328e-03   6.8458e-03   7.8738e-03   1.8589e-02
   2.8000e+01   3.8559e-03   6.3037e-03   7.1776e-03   1.6797e-02
   2.9000e+01   3.4765e-03   5.7981e-03   6.7143e-03   1.5328e-02
   3.0000e+01   3.1388e-03   5.5457e-03   6.0098e-03   1.3969e-02
   3.1000e+01   2.8515e-03   4.9085e-03   5.5094e-03   1.2550e-02
   3.2000e+01   2.6730e-03   4.6256e-03   5.1358e-03   1.1548e-02
   3.3000e+01   2.3805e-03   4.2857e-03   4.7609e-03   1.0565e-02
   3.4000e+01   2.2328e-03   3.9096e-03   4.3099e-03   9.5049e-03
   3.5000e+01   2.0095e-03   3.6256e-03   4.0496e-03   8.7329e-03
   3.6000e+01   1.8552e-03   3.3618e-03   3.7053e-03   8.0258e-03
   3.7000e+01   1.7033e-03   3.1457e-03   3.5002e-03   7.3902e-03
   3.8000e+01   1.5475e-03   2.9299e-03   3.2214e-03   6.6464e-03
   3.9000e+01   1.4753e-03   2.7001e-03   3.0107e-03   6.1310e-03
   4.0000e+01   1.3124e-03   2.5497e-03   2.7477e-03   5.6992e-03
   4.1000e+01   1.2326e-03   2.3731e-03   2.6299e-03   5.0087e-03
   4.2000e+01   1.1216e-03   2.2240e-03   2.3767e-03   4.7957e-03
   4.3000e+01   1.0547e-03   2.0189e-03   2.2386e-03   4.3563e-03
   4.4000e+01   9.7007e-04   1.9157e-03   2.0503e-03   3.9908e-03
   4.5000e+01   8.9353e-04   1.7820e-03   1.8949e-03   3.6632e-03
   4.6000e+01   8.2995e-04   1.6581e-03   1.7828e-03   3.4092e-03
   4.7000e+01   7.7302e-04   1.5265e-03   1.6759e-03   3.1003e-03
   4.8000e+01   7.1471e-04   1.4819e-03   1.5737e-03   2.8122e-03
   4.9000e+01   6.5529e-04   1.3526e-03   1.4237e-03   2.5918e-03
   5.0000e+01   6.0909e-04   1.2754e-03   1.3756e-03   2.4494e-03
   5.1000e+01   5.6146e-04   1.1757e-03   1.2485e-03   2.2019e-03
   5.2000e+01   5.2692e-04   1.0946e-03   1.1691e-03   2.0818e-03
   5.3000e+01   4.8930e-04   1.0439e-03   1.0916e-03   1.9201e-03
   5.4000e+01   4.6154e-04   9.7901e-04   1.0323e-03   1.7575e-03
   5.5000e+01   4.3021e-04   9.0463e-04   9.6783e-04   1.6024e-03
   5.6000e+01   4.0121e-04   8.5642e-04   9.0361e-04   1.4766e-03
   5.7000e+01   3.6725e-04   8.0342e-04   8.4521e-04   1.4018e-03
   5.8000e+01   3.4768e-04   7.6368e-04   7.8759e-04   1.2909e-03
   5.9000e+01   3.2473e-04   7.1369e-04   7.4960e-04   1.2008e-03
   6.0000e+01   3.0167e-04   6.7286e-04   6.9892e-04   1.1193e-03
   6.1000e+01   2.8686e-04   6.1629e-04   6.5733e-04   1.0306e-03
   6.2000e+01   2.6781e-04   5.8794e-04   6.1968e-04   9.5732e-04
   6.3000e+01   2.5102e-04   5.5996e-04   5.7850e-04   9.0912e-04
   6.4000e+01   2.3225e-04   5.1989e-04   5.3606e-04   8.2344e-04
   6.5000e+01   2.1355e-04   4.9069e-04   5.1231e-04   7.5232e-04
   6.6000e+01   2.0253e-04   4.6604e-04   4.8091e-04   7.1350e-04
   6.7000e+01   1.9173e-04   4.3122e-04   4.4633e-04   6.4427e-04
   6.8000e+01   1.7801e-04   4.0695e-04   4.2042e-04   6.1862e-04
   6.9000e+01   1.6466e-04   3.8586e-04   4.0483e-04   5.6623e-04
   7.0000e+01   1.5730e-04   3.6293e-04   3.7505e-04   5.2767e-04
   7.1000e+01   1.4507e-04   3.4318e-04   3.5490e-04   4.8483e-04
   7.2000e+01   1.3685e-04   3.2649e-04   3.3397e-04   4.5019e-04
   7.3000e+01   1.2925e-04   3.1193e-04   3.1973e-04   4.2317e-04
   7.4000e+01   1.2212e-04   2.9284e-04   3.0188e-04   3.9906e-04
   7.5000e+01   1.1612e-04   2.7116e-04   2.7802e-04   3.6575e-04
   7.6000e+01   1.0747e-04   2.5782e-04   2.6587e-04   3.4112e-04
   7.7000e+01   1.0047e-04   2.4053e-04   2.5371e-04   3.2238e-04
   7.8000e+01   9.5056e-05   2.2828e-04   2.3552e-04   2.9874e-04
   7.9000e+01   9.0618e-05   2.1742e-04   2.2903e-04   2.7799e-04
   8.0000e+01   8.4458e-05   2.0259e-04   2.1193e-04   2.6250e-04
   8.1000e+01   7.8900e-05   1.9592e-04   2.0029e-04   2.4548e-04
   8.2000e+01   7.3682e-05   1.8449e-04   1.9110e-04   2.3149e-04
   8.3000e+01   7.0101e-05   1.7438e-04   1.7963e-04   2.1159e-04
   8.4000e+01   6.5793e-05   1.6391e-04   1.6799e-04   1.9804e-04
   8.5000e+01   6.2064e-05   1.5361e-04   1.5981e-04   1.9105e-04
   8.6000e+01   5.9115e-05   1.4576e-04   1.5169e-04   1.7438e-04
   8.7000e+01   5.5064e-05   1.3950e-04   1.4232e-04   1.6291e-04
   8.8000e+01   5.2309e-05   1.3290e-04   1.3556e-04   1.5467e-04
   8.9000e+01   4.9698e-05   1.2470e-04   1.2743e-04   1.4325e-04
   9.0000e+01   4.7009e-05   1.1808e-04   1.2388e-04   1.3203e-04
   9.1000e+01   4.3354e-05   1.1210e-04   1.1302e-04   1.2522e-04
   9.2000e+01   4.1724e-05   1.0543e-04   1.0988e-04   1.1637e-04
   9.3000e+01   3.8756e-05   9.9188e-05   1.0234e-04   1.0878e-04
   9.4000e+01   3.7537e-05   9.5213e-05   9.9858e-05   1.0317e-04
   9.5000e+01   3.4647e-05   9.1280e-05   9.2842e-05   9.7467e-05
   9.6000e+01   3.3413e-05   8.6376e-05   8.8064e-05   9.1287e-05
   9.7000e+01   3.1045e-05   8.1326e-05   8.2917e-05   8.5349e-05
   9.8000e+01   2.9447e-05   7.7659e-05   7.8667e-05   7.9591e-05
   9.9000e+01   2.7812e-05   7.3488e-05   7.5374e-05   7.4075e-05
   1.0000e+02   2.6469e-05   6.8964e-05   7.0538e-05   7.0498e-05
   1.0100e+02   2.5012e-05   6.5702e-05   6.7857e-05   6.6408e-05
   1.0200e+02   2.3643e-05   6.2560e-05   6.3551e-05   6.0901e-05
   1.0300e+02   2.2176e-05   5.9695e-05   6.0324e-05   5.7268e-05
   1.0400e+02   2.1056e-05   5.6157e-05   5.7983e-05   5.5063e-05
   1.0500e+02   1.9896e-05   5.4205e-05   5.5298e-05   5.0735e-05
   1.0600e+02   1.9097e-05   5.1700e-05   5.1699e-05   4.8086e-05
   1.0700e+02   1.8156e-05   4.9234e-05   5.0521e-05   4.4954e-05
   1.0800e+02   1.7116e-05   4.5686e-05   4.7090e-05   4.2844e-05
   1.0900e+02   1.6063e-05   4.3298e-05   4.4941e-05   3.9947e-05
   1.1000e+02   1.5258e-05   4.2181e-05   4.2251e-05   3.7900e-05
   1.1100e+02   1.4452e-05   3.9765e-05   4.0921e-05   3.5752e-05
   1.1200e+02   1.3687e-05   3.7538e-05   3.8974e-05   3.2562e-05
   1.1300e+02   1.3093e-05   3.5869e-05   3.6278e-05   3.1493e-05
   1.1400e+02   1.2363e-05   3.3499e-05   3.5541e-05   2.9220e-05
   1.1500e+02   1.1589e-05   3.2799e-05   3.3034e-05   2.8204e-05
   1.1600e+02   1.0985e-05   3.0701e-05   3.1461e-05   2.6575e-05
   1.1700e+02   1.0638e-05   2.9481e-05   3.0365e-05   2.4693e-05
   1.1800e+02   9.9623e-06   2.7751e-05   2.8902e-05   2.3258e-05
   1.1900e+02   9.5324e-06   2.6433e-05   2.7295e-05   2.1722e-05
   1.2000e+02   9.0406e-06   2.5520e-05   2.6135e-05   2.1195e-05
   1.2100e+02   8.5453e-06   2.4156e-05   2.4882e-05   1.9473e-05
   1.2200e+02   8.1967e-06   2.2674e-05   2.3818e-05   1.8718e-05
   1.2300e+02   7.8927e-06   2.1625e-05   2.2448e-05   1.7451e-05
   1.2400e+02   7.3787e-06   2.0709e-05   2.1788e-05   1.6677e-05
   1.2500e+02   6.9693e-06   2.0146e-05   2.0465e-05   1.5673e-05
   1.2600e+02   6.7522e-06   1.8613e-05   1.9670e-05   1.4909e-05
   1.2700e+02   6.3018e-06   1.7832e-05   1.8457e-05   1.3780e-05
   1.2800e+02   5.9347e-06   1.7179e-05   1.7626e-05   1.3436e-05
   1.2900e+02   5.7388e-06   1.6296e-05   1.6871e-05   1.2626e-05
   1.3000e+02   5.4933e-06   1.5652e-05   1.6052e-05   1.1975e-05
   1.3100e+02   5.1462e-06   1.4689e-05   1.5321e-05   1.1339e-05
   1.3200e+02   4.9040e-06   1.3841e-05   1.4416e-05   1.0730e-05
   1.3300e+02   4.6986e-06   1.3367e-05   1.4046e-05   1.0248e-05
   1.3400e+02   4.4753e-06   1.2562e-05   1.3248e-05   9.6288e-06
   1.3500e+02   4.2371e-06   1.2334e-05   1.2853e-05   9.1619e-06
   1.3600e+02   4.0300e-06   1.1707e-05   1.2114e-05   8.8908e-06
   1.3700e+02   3.8446e-06   1.1174e-05   1.1472e-05   8.4521e-06
   1.3800e+02   3.7153e-06   1.0691e-05   1.0986e-05   7.9912e-06
   1.3900e+02   3.4764e-06   1.0079e-05   1.0482e-05   7.6742e-06
   1.4000e+02   3.3116e-06   9.7752e-06   1.0020e-05   7.2539e-06
   1.4100e+02   3.1327e-06   9.3043e-06   9.6579e-06   6.9996e-06
   1.4200e+02   3.0015e-06   8.9172e-06   9.0973e-06   6.6873e-06
   1.4300e+02   2.8666e-06   8.4321e-06   8.6968e-06   6.3536e-06
   1.4400e+02   2.7430e-06   8.1282e-06   8.3714e-06   6.1530e-06
   1.4500e+02   2.5818e-06   7.8152e-06   7.9010e-06   5.8972e-06
   1.4600e+02   2.5351e-06   7.4116e-06   7.6885e-06   5.7174e-06
   1.4700e+02   2.3975e-06   7.1411e-06   7.3662e-06   5.5049e-06
   1.4800e+02   2.2686e-06   6.7719e-06   6.9229e-06   5.3430e-06
   1.4900e+02   2.1545e-06   6.4709e-06   6.6390e-06   5.0622e-06
   1.5000e+02   2.0746e-06   6.2856e-06   6.4484e-06   5.0059e-06
   1.5100e+02   1.9935e-06   5.8459e-06   6.2094e-06   4.7676e-06
   1.5200e+02   1.9143e-06   5.6729e-06   5.9592e-06   4.7004e-06
   1.5300e+02   1.8149e-06   5.4531e-06   5.5628e-06   4.5732e-06
   1.5400e+02   1.7593e-06   5.2147e-06   5.4380e-06   4.4744e-06
   1.5500e+02   1.6674e-06   4.9836e-06   5.1587e-06   4.3765e-06
   1.5600e+02   1.5945e-06   4.7855e-06   4.9540e-06   4.2778e-06
   1.5700e+02   1.5539e-06   4.6408e-06   4.8423e-06   4.2316e-06
   1.5800e+02   1.4898e-06   4.4664e-06   4.6614e-06   4.1557e-06
   1.5900e+02   1.4201e-06   4.2199e-06   4.4691e-06   4.1173e-06
   1.6000e+02   1.3771e-06   4.0775e-06   4.2757e-06   4.1383e-06
   1.6100e+02   1.3115e-06   3.9885e-06   4.1630e-06   4.0857e-06
   1.6200e+02   1.2720e-06   3.7753e-06   4.0289e-06   4.1084e-06
   1.6300e+02   1.2165e-06   3.6595e-06   3.8327e-06   4.0773e-06
   1.6400e+02   1.1841e-06   3.5702e-06   3.7268e-06   4.0845e-06
   1.6500e+02   1.1232e-06   3.4357e-06   3.5919e-06   4.1439e-06
   1.6600e+02   1.0875e-06   3.3080e-06   3.5049e-06   4.1344e-06
   1.6700e+02   1.0584e-06   3.2041e-06   3.3715e-06   4.1913e-06
   1.6800e+02   1.0222e-06   3.1146e-06   3.3030e-06   4.2447e-06
   1.6900e+02   9.9911e-07   3.0194e-06   3.1560e-06   4.4070e-06
   1.7000e+02   9.5590e-07   2.9173e-06   3.0465e-06   4.4357e-06
   1.7100e+02   9.3100e-07   2.8579e-06   3.0211e-06   4.5871e-06
   1.7200e+02   9.0278e-07   2.7664e-06   2.8870e-06   4.6267e-06
   1.7300e+02   8.8432e-07   2.6933e-06   2.8661e-06   4.7827e-06
   1.7400e+02   8.6559e-07   2.6724e-06   2.7535e-06   4.9785e-06
   1.7500e+02   8.4874e-07   2.5786e-06   2.7474e-06   5.1466e-06
   1.7600e+02   8.2458e-07   2.5817e-06   2.6738e-06   5.3013e-06
   1.7700e+02   8.1085e-07   2.5093e-06   2.5966e-06   5.5527e-06
   1.7800e+02   8.0365e-07   2.4565e-06   2.5882e-06   5.6766e-06
   1.7900e+02   7.8905e-07   2.4599e-06   2.5582e-06   5.9295e-06
   1.8000e+02   7.7467e-07   2.3837e-06   2.5602e-06   6.1836e-06
   1.8100e+02   7.7131e-07   2.3992e-06   2.5172e-06   6.4926e-06
   1.8200e+02   7.5073e-07   2.3791e-06   2.4625e-06   6.7522e-06
   1.8300e+02   7.5391e-07   2.3852e-06   2.4647e-06   7.0832e-06
   1.8400e+02   7.4113e-07   2.3721e-06   2.4788e-06   7.5970e-06
   1.8500e+02   7.3693e-07   2.4026e-06   2.4554e-06   7.9970e-06
   1.8600e+02   7.4254e-07   2.4156e-06   2.5154e-06   8.4409e-06
   1.8700e+02   7.3643e-07   2.4488e-06   2.4901e-06   8.9601e-06
   1.8800e+02   7.2305e-07   2.4535e-06   2.5071e-06   9.4349e-06
   1.8900e+02   7.2335e-07   2.4749e-06   2.5172e-06   9.9017e-06
   1.9000e+02   7.3949e-07   2.4767e-06   2.6401e-06   1.0557e-05
   1.9100e+02   7.6368e-07   2.6504e-06   2.7609e-06   1.1444e-05
