# The data in this file was extracted from a direct numerical
# simulation of fully developed plane turbulent channel
# flow. Particulars are listed below. Note that some of the statistical
# quantities provided in this data set should be zero due to
# (statistical) symmetries in the flow. These quantities are reported
# here none-the-less as an indicator of the quality of the statistics.
# more statistics from this data set are available at 
# http://www.tam.uiuc.edu/Faculty/Moser/channel 
#
# Authors: Moser, Kim & Mansour
# Reference: DNS of Turbulent Channel Flow up to Re_tau=590, 1999,
#            Physics of Fluids, vol 11, 943-945.
# Numerical Method: Kim, Moin & Moser, 1987, J. Fluid Mech. vol 177, 133-166 
# Re_tau = 587.19
# Normalization: U_tau, h 
# Description: Spanwise (z) One-dimensional spectra of velocity and pressure at indicated y-location 
# Filename: chan590/spectra/chan590.zspec.59 
# Date File Created: Feb 29, 2000 
#
#---End of Header---
# 
# nz = 384,  Re = 587.19,  y = 0.10133,  y+ =  59.50
#
#     k_z          E_uu         E_vv         E_ww         E_pp
#
   0.0000e+00   9.8894e-02   1.3318e-02   9.7399e-02   5.2907e-01
   2.0000e+00   3.0367e-01   2.7636e-02   2.2552e-01   7.9547e-01
   4.0000e+00   4.7444e-01   3.3262e-02   2.2932e-01   6.5181e-01
   6.0000e+00   4.1804e-01   4.0338e-02   1.9201e-01   5.4170e-01
   8.0000e+00   3.5441e-01   4.6567e-02   1.5997e-01   4.6937e-01
   1.0000e+01   3.0138e-01   4.9662e-02   1.2658e-01   4.0247e-01
   1.2000e+01   2.4627e-01   5.2597e-02   1.0733e-01   3.5234e-01
   1.4000e+01   2.1437e-01   5.2906e-02   8.9425e-02   3.1006e-01
   1.6000e+01   1.8409e-01   5.3283e-02   7.6803e-02   2.7343e-01
   1.8000e+01   1.6162e-01   5.1009e-02   6.8231e-02   2.4226e-01
   2.0000e+01   1.3699e-01   4.9348e-02   5.7533e-02   2.1070e-01
   2.2000e+01   1.1917e-01   4.6880e-02   4.9184e-02   1.8481e-01
   2.4000e+01   1.0077e-01   4.3822e-02   4.3457e-02   1.6131e-01
   2.6000e+01   9.1821e-02   4.2066e-02   3.7504e-02   1.4914e-01
   2.8000e+01   7.7344e-02   3.8217e-02   3.2548e-02   1.2736e-01
   3.0000e+01   6.7231e-02   3.5525e-02   2.8223e-02   1.1603e-01
   3.2000e+01   5.9694e-02   3.2228e-02   2.4589e-02   1.0160e-01
   3.4000e+01   5.2057e-02   2.9764e-02   2.1384e-02   9.0981e-02
   3.6000e+01   4.5128e-02   2.7538e-02   1.8522e-02   8.0520e-02
   3.8000e+01   4.0973e-02   2.5013e-02   1.6224e-02   7.2877e-02
   4.0000e+01   3.5499e-02   2.2988e-02   1.4095e-02   6.4194e-02
   4.2000e+01   3.2516e-02   2.1152e-02   1.2607e-02   5.8036e-02
   4.4000e+01   2.7933e-02   1.8870e-02   1.0975e-02   5.1050e-02
   4.6000e+01   2.5168e-02   1.7091e-02   9.5822e-03   4.6369e-02
   4.8000e+01   2.1758e-02   1.5515e-02   8.3779e-03   4.0755e-02
   5.0000e+01   1.9671e-02   1.3894e-02   7.4333e-03   3.6086e-02
   5.2000e+01   1.7738e-02   1.2559e-02   6.5816e-03   3.2746e-02
   5.4000e+01   1.5951e-02   1.1561e-02   5.7681e-03   2.9500e-02
   5.6000e+01   1.4639e-02   1.0390e-02   5.2336e-03   2.6345e-02
   5.8000e+01   1.3087e-02   9.5326e-03   4.6373e-03   2.3529e-02
   6.0000e+01   1.2056e-02   8.7474e-03   4.1067e-03   2.0810e-02
   6.2000e+01   1.0679e-02   8.0101e-03   3.6683e-03   1.8590e-02
   6.4000e+01   9.8257e-03   7.2905e-03   3.2473e-03   1.6920e-02
   6.6000e+01   8.8881e-03   6.6291e-03   2.9418e-03   1.5046e-02
   6.8000e+01   8.1647e-03   6.0084e-03   2.6099e-03   1.3604e-02
   7.0000e+01   7.4042e-03   5.5068e-03   2.3554e-03   1.2248e-02
   7.2000e+01   6.7909e-03   4.9918e-03   2.1295e-03   1.0873e-02
   7.4000e+01   6.2254e-03   4.5703e-03   1.9029e-03   9.9006e-03
   7.6000e+01   5.7242e-03   4.2045e-03   1.7301e-03   8.9805e-03
   7.8000e+01   5.2897e-03   3.8318e-03   1.5420e-03   7.9597e-03
   8.0000e+01   4.7778e-03   3.5212e-03   1.3970e-03   7.1534e-03
   8.2000e+01   4.4734e-03   3.2341e-03   1.2698e-03   6.5070e-03
   8.4000e+01   4.1209e-03   2.9683e-03   1.1595e-03   5.9459e-03
   8.6000e+01   3.7368e-03   2.6919e-03   1.0378e-03   5.3274e-03
   8.8000e+01   3.4963e-03   2.4942e-03   9.5689e-04   4.9024e-03
   9.0000e+01   3.2487e-03   2.3053e-03   8.7848e-04   4.4150e-03
   9.2000e+01   3.0110e-03   2.1008e-03   7.9513e-04   3.9764e-03
   9.4000e+01   2.7843e-03   1.9350e-03   7.1950e-04   3.5513e-03
   9.6000e+01   2.5658e-03   1.8205e-03   6.5676e-04   3.2617e-03
   9.8000e+01   2.3823e-03   1.6587e-03   5.9809e-04   2.9663e-03
   1.0000e+02   2.2138e-03   1.5427e-03   5.4894e-04   2.6678e-03
   1.0200e+02   2.0606e-03   1.3907e-03   5.0817e-04   2.4217e-03
   1.0400e+02   1.9201e-03   1.2955e-03   4.6093e-04   2.2043e-03
   1.0600e+02   1.7812e-03   1.1923e-03   4.2530e-04   1.9955e-03
   1.0800e+02   1.6587e-03   1.1136e-03   3.8953e-04   1.8360e-03
   1.1000e+02   1.5805e-03   1.0114e-03   3.5891e-04   1.6729e-03
   1.1200e+02   1.4405e-03   9.3969e-04   3.2967e-04   1.5148e-03
   1.1400e+02   1.3646e-03   8.7667e-04   3.0256e-04   1.3908e-03
   1.1600e+02   1.2567e-03   8.0802e-04   2.7940e-04   1.2568e-03
   1.1800e+02   1.1734e-03   7.5340e-04   2.5407e-04   1.1455e-03
   1.2000e+02   1.1104e-03   6.8804e-04   2.3951e-04   1.0549e-03
   1.2200e+02   1.0187e-03   6.4506e-04   2.1793e-04   9.6238e-04
   1.2400e+02   9.5983e-04   5.9282e-04   2.0099e-04   8.8091e-04
   1.2600e+02   8.9765e-04   5.5743e-04   1.8596e-04   8.0758e-04
   1.2800e+02   8.4241e-04   5.0915e-04   1.7204e-04   7.3249e-04
   1.3000e+02   8.0115e-04   4.7625e-04   1.5991e-04   6.6534e-04
   1.3200e+02   7.4433e-04   4.4702e-04   1.4814e-04   6.1434e-04
   1.3400e+02   6.9548e-04   4.1786e-04   1.3853e-04   5.6358e-04
   1.3600e+02   6.5651e-04   3.8319e-04   1.2674e-04   5.1351e-04
   1.3800e+02   6.0283e-04   3.5857e-04   1.1802e-04   4.7057e-04
   1.4000e+02   5.6803e-04   3.3183e-04   1.0946e-04   4.3580e-04
   1.4200e+02   5.3924e-04   3.1034e-04   1.0218e-04   3.9813e-04
   1.4400e+02   5.0470e-04   2.9029e-04   9.4080e-05   3.6454e-04
   1.4600e+02   4.7336e-04   2.7135e-04   8.8235e-05   3.3785e-04
   1.4800e+02   4.4874e-04   2.5201e-04   8.2247e-05   3.0961e-04
   1.5000e+02   4.1963e-04   2.3630e-04   7.6429e-05   2.8651e-04
   1.5200e+02   3.9777e-04   2.1890e-04   7.0904e-05   2.6505e-04
   1.5400e+02   3.7166e-04   2.0506e-04   6.5687e-05   2.4347e-04
   1.5600e+02   3.4816e-04   1.9273e-04   6.1777e-05   2.2677e-04
   1.5800e+02   3.2795e-04   1.7840e-04   5.7265e-05   2.0735e-04
   1.6000e+02   3.0782e-04   1.6816e-04   5.3510e-05   1.9286e-04
   1.6200e+02   2.9567e-04   1.5682e-04   4.9952e-05   1.7848e-04
   1.6400e+02   2.7390e-04   1.4622e-04   4.6549e-05   1.6525e-04
   1.6600e+02   2.5934e-04   1.3814e-04   4.3325e-05   1.5228e-04
   1.6800e+02   2.4414e-04   1.2997e-04   4.0450e-05   1.4244e-04
   1.7000e+02   2.3045e-04   1.2076e-04   3.7866e-05   1.3089e-04
   1.7200e+02   2.1851e-04   1.1279e-04   3.5568e-05   1.2256e-04
   1.7400e+02   2.0586e-04   1.0592e-04   3.3198e-05   1.1322e-04
   1.7600e+02   1.9256e-04   9.9600e-05   3.1036e-05   1.0579e-04
   1.7800e+02   1.8186e-04   9.3446e-05   2.9036e-05   9.9015e-05
   1.8000e+02   1.7161e-04   8.7125e-05   2.6936e-05   9.1801e-05
   1.8200e+02   1.6250e-04   8.2009e-05   2.5397e-05   8.4977e-05
   1.8400e+02   1.5412e-04   7.6744e-05   2.3960e-05   7.9400e-05
   1.8600e+02   1.4463e-04   7.2468e-05   2.2447e-05   7.4382e-05
   1.8800e+02   1.3616e-04   6.7992e-05   2.0740e-05   6.8860e-05
   1.9000e+02   1.2940e-04   6.3806e-05   1.9538e-05   6.5019e-05
   1.9200e+02   1.2276e-04   5.9342e-05   1.8266e-05   6.0607e-05
   1.9400e+02   1.1670e-04   5.6636e-05   1.7163e-05   5.6629e-05
   1.9600e+02   1.0765e-04   5.3181e-05   1.6008e-05   5.2850e-05
   1.9800e+02   1.0370e-04   5.0063e-05   1.5181e-05   4.9499e-05
   2.0000e+02   9.7470e-05   4.6566e-05   1.4092e-05   4.6419e-05
   2.0200e+02   9.2559e-05   4.4156e-05   1.3324e-05   4.3564e-05
   2.0400e+02   8.7025e-05   4.1467e-05   1.2417e-05   4.1125e-05
   2.0600e+02   8.3564e-05   3.9374e-05   1.1750e-05   3.8555e-05
   2.0800e+02   7.7582e-05   3.6825e-05   1.1015e-05   3.6251e-05
   2.1000e+02   7.3195e-05   3.4458e-05   1.0301e-05   3.3971e-05
   2.1200e+02   6.9824e-05   3.2740e-05   9.7415e-06   3.1890e-05
   2.1400e+02   6.5858e-05   3.1021e-05   9.1247e-06   3.0230e-05
   2.1600e+02   6.2477e-05   2.9026e-05   8.5690e-06   2.8575e-05
   2.1800e+02   5.9637e-05   2.7725e-05   8.0609e-06   2.6591e-05
   2.2000e+02   5.6143e-05   2.5960e-05   7.5651e-06   2.5316e-05
   2.2200e+02   5.2985e-05   2.4350e-05   7.0968e-06   2.3757e-05
   2.2400e+02   5.0350e-05   2.3035e-05   6.6920e-06   2.2743e-05
   2.2600e+02   4.7555e-05   2.1675e-05   6.3162e-06   2.1444e-05
   2.2800e+02   4.5300e-05   2.0451e-05   5.9356e-06   2.0208e-05
   2.3000e+02   4.2615e-05   1.9530e-05   5.5901e-06   1.9177e-05
   2.3200e+02   4.0484e-05   1.8148e-05   5.2706e-06   1.8120e-05
   2.3400e+02   3.8538e-05   1.7280e-05   4.9887e-06   1.7482e-05
   2.3600e+02   3.6327e-05   1.6268e-05   4.7165e-06   1.6462e-05
   2.3800e+02   3.4494e-05   1.5471e-05   4.4193e-06   1.5763e-05
   2.4000e+02   3.3033e-05   1.4484e-05   4.1666e-06   1.4937e-05
   2.4200e+02   3.1053e-05   1.3691e-05   3.8980e-06   1.4225e-05
   2.4400e+02   2.9599e-05   1.2992e-05   3.6957e-06   1.3490e-05
   2.4600e+02   2.7779e-05   1.2335e-05   3.4615e-06   1.2878e-05
   2.4800e+02   2.6633e-05   1.1630e-05   3.2588e-06   1.2212e-05
   2.5000e+02   2.5212e-05   1.0961e-05   3.0811e-06   1.1778e-05
   2.5200e+02   2.4058e-05   1.0456e-05   2.9181e-06   1.1231e-05
   2.5400e+02   2.2560e-05   9.8577e-06   2.7622e-06   1.0744e-05
   2.5600e+02   2.1529e-05   9.3255e-06   2.5956e-06   1.0334e-05
   2.5800e+02   2.0220e-05   8.8503e-06   2.4555e-06   9.7971e-06
   2.6000e+02   1.9443e-05   8.4081e-06   2.3285e-06   9.4813e-06
   2.6200e+02   1.8451e-05   7.9412e-06   2.1812e-06   9.0435e-06
   2.6400e+02   1.7403e-05   7.4897e-06   2.0428e-06   8.6291e-06
   2.6600e+02   1.6606e-05   7.0840e-06   1.9495e-06   8.3423e-06
   2.6800e+02   1.5713e-05   6.7278e-06   1.8392e-06   8.0183e-06
   2.7000e+02   1.4854e-05   6.3905e-06   1.7313e-06   7.7233e-06
   2.7200e+02   1.4090e-05   6.0461e-06   1.6326e-06   7.4680e-06
   2.7400e+02   1.3550e-05   5.6885e-06   1.5492e-06   7.1916e-06
   2.7600e+02   1.2797e-05   5.3997e-06   1.4772e-06   6.9949e-06
   2.7800e+02   1.2129e-05   5.1518e-06   1.3770e-06   6.7552e-06
   2.8000e+02   1.1523e-05   4.8936e-06   1.2971e-06   6.5340e-06
   2.8200e+02   1.0979e-05   4.6354e-06   1.2359e-06   6.3397e-06
   2.8400e+02   1.0522e-05   4.3878e-06   1.1640e-06   6.1572e-06
   2.8600e+02   9.8517e-06   4.1697e-06   1.1018e-06   5.9673e-06
   2.8800e+02   9.3643e-06   3.9321e-06   1.0486e-06   5.8294e-06
   2.9000e+02   8.9536e-06   3.7617e-06   9.9070e-07   5.6950e-06
   2.9200e+02   8.4403e-06   3.5494e-06   9.3268e-07   5.6100e-06
   2.9400e+02   8.1333e-06   3.3897e-06   8.8744e-07   5.4439e-06
   2.9600e+02   7.6716e-06   3.2253e-06   8.3527e-07   5.3345e-06
   2.9800e+02   7.3206e-06   3.0536e-06   7.8899e-07   5.2541e-06
   3.0000e+02   6.9951e-06   2.9245e-06   7.5295e-07   5.2091e-06
   3.0200e+02   6.6622e-06   2.7552e-06   7.0918e-07   5.1513e-06
   3.0400e+02   6.3066e-06   2.6328e-06   6.7503e-07   5.0599e-06
   3.0600e+02   6.0176e-06   2.4987e-06   6.3950e-07   5.0220e-06
   3.0800e+02   5.6949e-06   2.3959e-06   6.0443e-07   4.8993e-06
   3.1000e+02   5.4475e-06   2.2685e-06   5.7237e-07   4.9618e-06
   3.1200e+02   5.1892e-06   2.1599e-06   5.5129e-07   4.9287e-06
   3.1400e+02   4.9573e-06   2.0354e-06   5.1475e-07   4.8709e-06
   3.1600e+02   4.7247e-06   1.9684e-06   4.9121e-07   4.8859e-06
   3.1800e+02   4.5349e-06   1.8659e-06   4.6606e-07   4.8890e-06
   3.2000e+02   4.3296e-06   1.7856e-06   4.4404e-07   4.9383e-06
   3.2200e+02   4.1411e-06   1.7068e-06   4.1967e-07   5.0228e-06
   3.2400e+02   3.9619e-06   1.6299e-06   4.0595e-07   5.0593e-06
   3.2600e+02   3.7749e-06   1.5619e-06   3.8382e-07   5.0901e-06
   3.2800e+02   3.6161e-06   1.5025e-06   3.6544e-07   5.1955e-06
   3.3000e+02   3.4913e-06   1.4405e-06   3.5271e-07   5.2905e-06
   3.3200e+02   3.3325e-06   1.3743e-06   3.3376e-07   5.3851e-06
   3.3400e+02   3.2100e-06   1.3252e-06   3.1968e-07   5.5438e-06
   3.3600e+02   3.0901e-06   1.2828e-06   3.0728e-07   5.6804e-06
   3.3800e+02   2.9910e-06   1.2267e-06   2.9607e-07   5.8844e-06
   3.4000e+02   2.8743e-06   1.1982e-06   2.8562e-07   6.0424e-06
   3.4200e+02   2.8020e-06   1.1515e-06   2.7515e-07   6.3195e-06
   3.4400e+02   2.7108e-06   1.1146e-06   2.6390e-07   6.5246e-06
   3.4600e+02   2.6437e-06   1.0861e-06   2.5723e-07   6.7951e-06
   3.4800e+02   2.5706e-06   1.0574e-06   2.4892e-07   7.1036e-06
   3.5000e+02   2.5091e-06   1.0406e-06   2.4195e-07   7.3791e-06
   3.5200e+02   2.4710e-06   1.0169e-06   2.3713e-07   7.7272e-06
   3.5400e+02   2.4212e-06   9.9957e-07   2.3346e-07   8.1520e-06
   3.5600e+02   2.3944e-06   9.8592e-07   2.2898e-07   8.6084e-06
   3.5800e+02   2.3668e-06   9.8723e-07   2.2270e-07   9.0691e-06
   3.6000e+02   2.3491e-06   9.7649e-07   2.1936e-07   9.6536e-06
   3.6200e+02   2.3268e-06   9.7531e-07   2.1842e-07   1.0182e-05
   3.6400e+02   2.3628e-06   9.7793e-07   2.1685e-07   1.0887e-05
   3.6600e+02   2.3593e-06   9.7193e-07   2.1579e-07   1.1581e-05
   3.6800e+02   2.3883e-06   9.8944e-07   2.1378e-07   1.2419e-05
   3.7000e+02   2.4079e-06   1.0004e-06   2.1226e-07   1.3332e-05
   3.7200e+02   2.4381e-06   1.0150e-06   2.1322e-07   1.4233e-05
   3.7400e+02   2.5034e-06   1.0370e-06   2.1373e-07   1.5364e-05
   3.7600e+02   2.5803e-06   1.0653e-06   2.1671e-07   1.6694e-05
   3.7800e+02   2.6340e-06   1.0849e-06   2.1889e-07   1.8142e-05
   3.8000e+02   2.6963e-06   1.0906e-06   2.1866e-07   1.9469e-05
   3.8200e+02   2.6562e-06   1.0773e-06   2.1263e-07   2.0956e-05
