# The data in this file was extracted from a direct numerical
# simulation of fully developed plane turbulent channel
# flow. Particulars are listed below. Note that some of the statistical
# quantities provided in this data set should be zero due to
# (statistical) symmetries in the flow. These quantities are reported
# here none-the-less as an indicator of the quality of the statistics.
# more statistics from this data set are available at 
# http://www.tam.uiuc.edu/Faculty/Moser/channel 
#
# Authors: Moser, Kim & Mansour
# Reference: DNS of Turbulent Channel Flow up to Re_tau=590, 1999,
#            Physics of Fluids, vol 11, 943-945.
# Numerical Method: Kim, Moin & Moser, 1987, J. Fluid Mech. vol 177, 133-166 
# Re_tau = 587.19
# Normalization: U_tau, h 
# Description: Streamwise (x) One-dimensional spectra of velocity and pressure at indicated y-location 
# Filename: chan590/spectra/chan590.xspec.298 
# Date File Created: Feb 29, 2000 
#
#---End of Header---
# 
# nx = 384,  Re = 587.19,  y = 0.50710,  y+ = 297.77
#
#     k_x          E_uu         E_vv         E_ww         E_pp
#
   0.0000e+00   4.4372e-01   3.1754e-02   2.7905e-02   6.0279e-02
   1.0000e+00   3.7031e-01   5.6206e-02   8.2519e-02   1.7772e-01
   2.0000e+00   2.7084e-01   7.5430e-02   1.3600e-01   2.4925e-01
   3.0000e+00   1.4938e-01   5.5829e-02   8.6440e-02   2.0928e-01
   4.0000e+00   9.9274e-02   5.1647e-02   7.5346e-02   1.7648e-01
   5.0000e+00   6.9412e-02   4.5444e-02   6.2708e-02   1.6323e-01
   6.0000e+00   5.5111e-02   4.1364e-02   5.4071e-02   1.3860e-01
   7.0000e+00   4.1751e-02   3.5471e-02   4.9657e-02   1.2173e-01
   8.0000e+00   3.5600e-02   3.1526e-02   3.9493e-02   9.3951e-02
   9.0000e+00   2.8369e-02   2.7877e-02   3.6946e-02   8.3821e-02
   1.0000e+01   2.2874e-02   2.5043e-02   3.1214e-02   7.3768e-02
   1.1000e+01   1.9233e-02   2.2318e-02   2.7900e-02   6.2537e-02
   1.2000e+01   1.6041e-02   2.0533e-02   2.4197e-02   5.6966e-02
   1.3000e+01   1.4136e-02   1.8069e-02   2.1278e-02   4.6500e-02
   1.4000e+01   1.2176e-02   1.5871e-02   1.7862e-02   4.1844e-02
   1.5000e+01   1.0617e-02   1.4377e-02   1.6532e-02   3.6587e-02
   1.6000e+01   8.9905e-03   1.2937e-02   1.4864e-02   3.2494e-02
   1.7000e+01   8.3139e-03   1.1679e-02   1.2977e-02   2.7171e-02
   1.8000e+01   6.9961e-03   1.0260e-02   1.1643e-02   2.3971e-02
   1.9000e+01   6.3057e-03   9.3613e-03   1.0917e-02   2.1096e-02
   2.0000e+01   5.3725e-03   8.5915e-03   9.7426e-03   1.9230e-02
   2.1000e+01   4.8451e-03   7.7756e-03   8.6938e-03   1.7089e-02
   2.2000e+01   4.3846e-03   7.1461e-03   7.7298e-03   1.4949e-02
   2.3000e+01   3.9425e-03   6.4585e-03   7.1354e-03   1.3445e-02
   2.4000e+01   3.5226e-03   5.8302e-03   6.4752e-03   1.2259e-02
   2.5000e+01   3.1128e-03   5.2419e-03   5.9383e-03   1.0398e-02
   2.6000e+01   2.8127e-03   4.7787e-03   5.2187e-03   9.7903e-03
   2.7000e+01   2.5115e-03   4.4586e-03   4.6930e-03   8.7718e-03
   2.8000e+01   2.3039e-03   3.9767e-03   4.3447e-03   7.8702e-03
   2.9000e+01   2.0169e-03   3.6282e-03   3.9583e-03   6.8183e-03
   3.0000e+01   1.8875e-03   3.3972e-03   3.6912e-03   6.1977e-03
   3.1000e+01   1.6536e-03   3.0255e-03   3.3788e-03   5.5725e-03
   3.2000e+01   1.4892e-03   2.8546e-03   3.0454e-03   4.9738e-03
   3.3000e+01   1.3687e-03   2.5847e-03   2.7947e-03   4.4852e-03
   3.4000e+01   1.2405e-03   2.3876e-03   2.5592e-03   4.2082e-03
   3.5000e+01   1.1384e-03   2.2184e-03   2.3760e-03   3.6731e-03
   3.6000e+01   1.0430e-03   1.9861e-03   2.1400e-03   3.4353e-03
   3.7000e+01   9.5391e-04   1.8603e-03   1.9941e-03   3.0642e-03
   3.8000e+01   8.5237e-04   1.7128e-03   1.8051e-03   2.7283e-03
   3.9000e+01   7.7514e-04   1.5821e-03   1.6865e-03   2.5286e-03
   4.0000e+01   7.2390e-04   1.4480e-03   1.5683e-03   2.3107e-03
   4.1000e+01   6.5206e-04   1.3888e-03   1.4429e-03   2.1314e-03
   4.2000e+01   6.0132e-04   1.2861e-03   1.3304e-03   1.9368e-03
   4.3000e+01   5.6045e-04   1.1765e-03   1.2193e-03   1.7513e-03
   4.4000e+01   5.1314e-04   1.0612e-03   1.1519e-03   1.5581e-03
   4.5000e+01   4.7482e-04   9.8702e-04   1.0785e-03   1.4211e-03
   4.6000e+01   4.3110e-04   9.2457e-04   9.7959e-04   1.3112e-03
   4.7000e+01   4.0056e-04   8.5802e-04   8.9754e-04   1.1888e-03
   4.8000e+01   3.6455e-04   7.9879e-04   8.2557e-04   1.1027e-03
   4.9000e+01   3.4012e-04   7.4354e-04   7.6939e-04   1.0065e-03
   5.0000e+01   3.1271e-04   7.0124e-04   7.1312e-04   9.1375e-04
   5.1000e+01   2.8728e-04   6.4358e-04   6.8346e-04   8.2547e-04
   5.2000e+01   2.6416e-04   5.9263e-04   6.1360e-04   7.7505e-04
   5.3000e+01   2.4878e-04   5.5556e-04   5.7360e-04   7.0307e-04
   5.4000e+01   2.2724e-04   5.1602e-04   5.3833e-04   6.3547e-04
   5.5000e+01   2.1118e-04   4.8567e-04   4.9624e-04   5.8765e-04
   5.6000e+01   1.9475e-04   4.4712e-04   4.5914e-04   5.5118e-04
   5.7000e+01   1.8132e-04   4.0438e-04   4.4181e-04   4.9654e-04
   5.8000e+01   1.6571e-04   3.9026e-04   4.0912e-04   4.5544e-04
   5.9000e+01   1.5581e-04   3.6877e-04   3.7706e-04   4.2548e-04
   6.0000e+01   1.4261e-04   3.4209e-04   3.5394e-04   3.8460e-04
   6.1000e+01   1.3339e-04   3.1840e-04   3.2993e-04   3.5937e-04
   6.2000e+01   1.2618e-04   2.9941e-04   3.1143e-04   3.2637e-04
   6.3000e+01   1.1602e-04   2.8070e-04   2.9250e-04   3.0627e-04
   6.4000e+01   1.0767e-04   2.6286e-04   2.6416e-04   2.8399e-04
   6.5000e+01   1.0149e-04   2.4537e-04   2.5052e-04   2.6096e-04
   6.6000e+01   9.3254e-05   2.2648e-04   2.3597e-04   2.4474e-04
   6.7000e+01   8.7538e-05   2.1344e-04   2.2029e-04   2.1838e-04
   6.8000e+01   8.2074e-05   2.0057e-04   2.0633e-04   2.0094e-04
   6.9000e+01   7.6528e-05   1.8861e-04   1.9194e-04   1.9037e-04
   7.0000e+01   6.9979e-05   1.8089e-04   1.8088e-04   1.7412e-04
   7.1000e+01   6.5684e-05   1.6488e-04   1.6781e-04   1.5798e-04
   7.2000e+01   6.1097e-05   1.5623e-04   1.5943e-04   1.4802e-04
   7.3000e+01   5.7027e-05   1.4574e-04   1.4829e-04   1.3610e-04
   7.4000e+01   5.3547e-05   1.3917e-04   1.4240e-04   1.2869e-04
   7.5000e+01   4.9816e-05   1.2959e-04   1.3289e-04   1.1758e-04
   7.6000e+01   4.7060e-05   1.2359e-04   1.2262e-04   1.0948e-04
   7.7000e+01   4.4178e-05   1.1521e-04   1.1609e-04   9.9670e-05
   7.8000e+01   4.0870e-05   1.0693e-04   1.0701e-04   9.3276e-05
   7.9000e+01   3.8313e-05   1.0112e-04   1.0273e-04   8.7568e-05
   8.0000e+01   3.5970e-05   9.5098e-05   9.5002e-05   8.0402e-05
   8.1000e+01   3.3159e-05   8.9061e-05   8.9736e-05   7.4719e-05
   8.2000e+01   3.1285e-05   8.3586e-05   8.4428e-05   7.0121e-05
   8.3000e+01   2.9821e-05   7.9152e-05   7.9267e-05   6.4718e-05
   8.4000e+01   2.7750e-05   7.4303e-05   7.5651e-05   5.9782e-05
   8.5000e+01   2.6142e-05   6.9134e-05   7.0990e-05   5.5842e-05
   8.6000e+01   2.4092e-05   6.5484e-05   6.4721e-05   5.1602e-05
   8.7000e+01   2.2855e-05   6.3052e-05   6.2466e-05   4.8775e-05
   8.8000e+01   2.1411e-05   5.8353e-05   5.8879e-05   4.5036e-05
   8.9000e+01   2.0128e-05   5.4856e-05   5.5300e-05   4.2350e-05
   9.0000e+01   1.8939e-05   5.1242e-05   5.2939e-05   3.8417e-05
   9.1000e+01   1.7822e-05   4.8929e-05   4.9568e-05   3.6544e-05
   9.2000e+01   1.6703e-05   4.5589e-05   4.6660e-05   3.3794e-05
   9.3000e+01   1.5690e-05   4.3064e-05   4.4271e-05   3.2446e-05
   9.4000e+01   1.4541e-05   4.1360e-05   4.0656e-05   2.9891e-05
   9.5000e+01   1.3839e-05   3.8753e-05   3.8861e-05   2.7325e-05
   9.6000e+01   1.3026e-05   3.6716e-05   3.7153e-05   2.5926e-05
   9.7000e+01   1.2347e-05   3.4476e-05   3.4925e-05   2.3990e-05
   9.8000e+01   1.1656e-05   3.2366e-05   3.3150e-05   2.2614e-05
   9.9000e+01   1.0780e-05   3.0782e-05   3.1672e-05   2.0742e-05
   1.0000e+02   1.0157e-05   2.8950e-05   2.8844e-05   1.9107e-05
   1.0100e+02   9.5760e-06   2.7385e-05   2.7934e-05   1.8301e-05
   1.0200e+02   9.1808e-06   2.6249e-05   2.6174e-05   1.6895e-05
   1.0300e+02   8.5640e-06   2.4377e-05   2.4605e-05   1.6044e-05
   1.0400e+02   8.0041e-06   2.2858e-05   2.3500e-05   1.4797e-05
   1.0500e+02   7.4909e-06   2.1892e-05   2.2207e-05   1.3921e-05
   1.0600e+02   7.1885e-06   2.0378e-05   2.1041e-05   1.2850e-05
   1.0700e+02   6.7723e-06   1.9458e-05   1.9588e-05   1.2191e-05
   1.0800e+02   6.4255e-06   1.8339e-05   1.8683e-05   1.1266e-05
   1.0900e+02   6.0230e-06   1.7597e-05   1.7980e-05   1.0760e-05
   1.1000e+02   5.6737e-06   1.6570e-05   1.6674e-05   1.0112e-05
   1.1100e+02   5.3521e-06   1.5670e-05   1.5827e-05   9.3439e-06
   1.1200e+02   5.0162e-06   1.4676e-05   1.4784e-05   8.7505e-06
   1.1300e+02   4.7637e-06   1.4195e-05   1.4136e-05   8.3234e-06
   1.1400e+02   4.4377e-06   1.3231e-05   1.3435e-05   7.8114e-06
   1.1500e+02   4.2020e-06   1.2446e-05   1.2692e-05   7.2639e-06
   1.1600e+02   3.9402e-06   1.1680e-05   1.1836e-05   6.7752e-06
   1.1700e+02   3.7717e-06   1.1254e-05   1.1260e-05   6.4607e-06
   1.1800e+02   3.5589e-06   1.0636e-05   1.0829e-05   6.1312e-06
   1.1900e+02   3.3607e-06   1.0030e-05   1.0268e-05   5.7617e-06
   1.2000e+02   3.1790e-06   9.5542e-06   9.6285e-06   5.3334e-06
   1.2100e+02   3.0097e-06   8.9973e-06   9.1823e-06   4.9561e-06
   1.2200e+02   2.8347e-06   8.5021e-06   8.7019e-06   4.6175e-06
   1.2300e+02   2.6663e-06   8.2314e-06   8.2878e-06   4.4220e-06
   1.2400e+02   2.5237e-06   7.6096e-06   7.7421e-06   4.1232e-06
   1.2500e+02   2.3793e-06   7.4394e-06   7.3514e-06   3.8808e-06
   1.2600e+02   2.2574e-06   6.9228e-06   6.9821e-06   3.6359e-06
   1.2700e+02   2.1127e-06   6.5026e-06   6.6133e-06   3.4720e-06
   1.2800e+02   2.0191e-06   6.2169e-06   6.2463e-06   3.2589e-06
   1.2900e+02   1.9137e-06   5.9387e-06   5.9685e-06   3.0378e-06
   1.3000e+02   1.8062e-06   5.5831e-06   5.6708e-06   2.9318e-06
   1.3100e+02   1.6935e-06   5.3313e-06   5.3607e-06   2.7322e-06
   1.3200e+02   1.6317e-06   5.0677e-06   5.1578e-06   2.5736e-06
   1.3300e+02   1.5329e-06   4.7385e-06   4.8056e-06   2.4679e-06
   1.3400e+02   1.4371e-06   4.4652e-06   4.5556e-06   2.3404e-06
   1.3500e+02   1.3710e-06   4.2710e-06   4.3340e-06   2.2108e-06
   1.3600e+02   1.2697e-06   4.0760e-06   4.0961e-06   2.0834e-06
   1.3700e+02   1.2192e-06   3.8756e-06   3.9779e-06   1.9821e-06
   1.3800e+02   1.1608e-06   3.6615e-06   3.7123e-06   1.9055e-06
   1.3900e+02   1.0920e-06   3.4100e-06   3.5718e-06   1.7801e-06
   1.4000e+02   1.0404e-06   3.2459e-06   3.3479e-06   1.7216e-06
   1.4100e+02   1.0056e-06   3.1117e-06   3.1927e-06   1.6354e-06
   1.4200e+02   9.3450e-07   2.9581e-06   3.0285e-06   1.5321e-06
   1.4300e+02   9.0142e-07   2.8222e-06   2.9223e-06   1.4857e-06
   1.4400e+02   8.5539e-07   2.6933e-06   2.7188e-06   1.4279e-06
   1.4500e+02   8.0572e-07   2.5533e-06   2.5834e-06   1.3569e-06
   1.4600e+02   7.6739e-07   2.4231e-06   2.4352e-06   1.2976e-06
   1.4700e+02   7.2117e-07   2.2792e-06   2.3455e-06   1.2503e-06
   1.4800e+02   6.8419e-07   2.1758e-06   2.2153e-06   1.2040e-06
   1.4900e+02   6.5905e-07   2.0808e-06   2.1395e-06   1.1874e-06
   1.5000e+02   6.1516e-07   1.9858e-06   2.0221e-06   1.1437e-06
   1.5100e+02   5.8310e-07   1.8919e-06   1.9062e-06   1.1202e-06
   1.5200e+02   5.5108e-07   1.8040e-06   1.8571e-06   1.0662e-06
   1.5300e+02   5.3010e-07   1.7036e-06   1.7499e-06   1.0454e-06
   1.5400e+02   5.0070e-07   1.6290e-06   1.6609e-06   1.0209e-06
   1.5500e+02   4.8243e-07   1.5424e-06   1.5507e-06   1.0027e-06
   1.5600e+02   4.5716e-07   1.4848e-06   1.4929e-06   9.8141e-07
   1.5700e+02   4.4088e-07   1.4093e-06   1.4511e-06   9.6375e-07
   1.5800e+02   4.1528e-07   1.3371e-06   1.3896e-06   9.6222e-07
   1.5900e+02   3.9694e-07   1.2931e-06   1.3234e-06   9.4627e-07
   1.6000e+02   3.8403e-07   1.2319e-06   1.2591e-06   9.3442e-07
   1.6100e+02   3.6139e-07   1.1759e-06   1.2241e-06   9.3320e-07
   1.6200e+02   3.4673e-07   1.1301e-06   1.1562e-06   9.3617e-07
   1.6300e+02   3.2789e-07   1.0843e-06   1.0973e-06   9.3172e-07
   1.6400e+02   3.1769e-07   1.0287e-06   1.0482e-06   9.2923e-07
   1.6500e+02   3.1014e-07   9.9406e-07   1.0206e-06   9.4647e-07
   1.6600e+02   2.9063e-07   9.5994e-07   9.7433e-07   9.4767e-07
   1.6700e+02   2.7794e-07   9.0151e-07   9.2727e-07   9.7228e-07
   1.6800e+02   2.6830e-07   8.9363e-07   9.0344e-07   9.7511e-07
   1.6900e+02   2.5831e-07   8.5079e-07   8.7598e-07   9.9128e-07
   1.7000e+02   2.5157e-07   8.1373e-07   8.4858e-07   1.0116e-06
   1.7100e+02   2.4059e-07   7.8473e-07   8.1382e-07   1.0347e-06
   1.7200e+02   2.3357e-07   7.6254e-07   7.9405e-07   1.0770e-06
   1.7300e+02   2.2456e-07   7.4144e-07   7.6345e-07   1.1024e-06
   1.7400e+02   2.1588e-07   7.1444e-07   7.3369e-07   1.1309e-06
   1.7500e+02   2.1197e-07   7.0799e-07   7.1720e-07   1.1805e-06
   1.7600e+02   2.0508e-07   6.8767e-07   7.0019e-07   1.2278e-06
   1.7700e+02   2.0134e-07   6.7314e-07   6.9059e-07   1.2932e-06
   1.7800e+02   1.9653e-07   6.5183e-07   6.6546e-07   1.3197e-06
   1.7900e+02   1.9344e-07   6.4170e-07   6.5568e-07   1.4024e-06
   1.8000e+02   1.8919e-07   6.3069e-07   6.5031e-07   1.4554e-06
   1.8100e+02   1.8663e-07   6.2590e-07   6.4447e-07   1.5165e-06
   1.8200e+02   1.8246e-07   6.2052e-07   6.2160e-07   1.6031e-06
   1.8300e+02   1.8127e-07   6.1019e-07   6.2763e-07   1.6909e-06
   1.8400e+02   1.8078e-07   6.0823e-07   6.1994e-07   1.7627e-06
   1.8500e+02   1.7740e-07   6.0323e-07   6.1607e-07   1.8756e-06
   1.8600e+02   1.8134e-07   6.1985e-07   6.3594e-07   1.9868e-06
   1.8700e+02   1.7764e-07   6.1247e-07   6.3213e-07   2.1277e-06
   1.8800e+02   1.7830e-07   6.3017e-07   6.4523e-07   2.2266e-06
   1.8900e+02   1.7950e-07   6.3833e-07   6.4809e-07   2.4011e-06
   1.9000e+02   1.8383e-07   6.5749e-07   6.7832e-07   2.5887e-06
   1.9100e+02   1.7758e-07   6.4956e-07   6.6712e-07   2.7878e-06
