# The data in this file was extracted from a direct numerical
# simulation of fully developed plane turbulent channel
# flow. Particulars are listed below. Note that some of the statistical
# quantities provided in this data set should be zero due to
# (statistical) symmetries in the flow. These quantities are reported
# here none-the-less as an indicator of the quality of the statistics.
# more statistics from this data set are available at 
# http://www.tam.uiuc.edu/Faculty/Moser/channel 
#
# Authors: Moser, Kim & Mansour
# Reference: DNS of Turbulent Channel Flow up to Re_tau=590, 1999,
#            Physics of Fluids, vol 11, 943-945.
# Numerical Method: Kim, Moin & Moser, 1987, J. Fluid Mech. vol 177, 133-166 
# Re_tau = 587.19
# Normalization: U_tau, h 
# Description: Spanwise (z) One-dimensional spectra of velocity and pressure at indicated y-location 
# Filename: chan590/spectra/chan590.zspec.403 
# Date File Created: Feb 29, 2000 
#
#---End of Header---
# 
# nz = 384,  Re = 587.19,  y = 0.68632,  y+ = 403.00
#
#     k_z          E_uu         E_vv         E_ww         E_pp
#
   0.0000e+00   6.6706e-02   4.1297e-02   7.7772e-02   2.7754e-01
   2.0000e+00   2.5157e-01   8.1683e-02   1.7849e-01   3.2365e-01
   4.0000e+00   3.0391e-01   7.9413e-02   1.1798e-01   2.0062e-01
   6.0000e+00   1.6647e-01   6.3217e-02   8.5013e-02   1.2062e-01
   8.0000e+00   9.8186e-02   4.9201e-02   5.3315e-02   8.0220e-02
   1.0000e+01   6.3313e-02   4.0153e-02   3.6127e-02   5.5528e-02
   1.2000e+01   4.4938e-02   3.2272e-02   2.5700e-02   3.9873e-02
   1.4000e+01   3.2619e-02   2.5270e-02   1.9278e-02   3.0458e-02
   1.6000e+01   2.4842e-02   2.1335e-02   1.4540e-02   2.3930e-02
   1.8000e+01   1.9241e-02   1.7768e-02   1.0921e-02   1.8538e-02
   2.0000e+01   1.4713e-02   1.4707e-02   8.6569e-03   1.4739e-02
   2.2000e+01   1.1934e-02   1.1774e-02   6.7379e-03   1.1836e-02
   2.4000e+01   9.7893e-03   9.8242e-03   5.2405e-03   9.5680e-03
   2.6000e+01   7.9592e-03   8.2049e-03   4.1743e-03   7.6636e-03
   2.8000e+01   6.4058e-03   6.7602e-03   3.3212e-03   6.3029e-03
   3.0000e+01   5.4224e-03   5.6247e-03   2.6312e-03   5.0354e-03
   3.2000e+01   4.4255e-03   4.7553e-03   2.1549e-03   4.0189e-03
   3.4000e+01   3.6942e-03   3.9273e-03   1.7577e-03   3.3285e-03
   3.6000e+01   3.0831e-03   3.4179e-03   1.4246e-03   2.7107e-03
   3.8000e+01   2.6109e-03   2.8772e-03   1.1812e-03   2.2680e-03
   4.0000e+01   2.1625e-03   2.4270e-03   9.7399e-04   1.8704e-03
   4.2000e+01   1.9153e-03   2.0491e-03   8.0510e-04   1.5758e-03
   4.4000e+01   1.6037e-03   1.7454e-03   6.7639e-04   1.2774e-03
   4.6000e+01   1.3505e-03   1.5129e-03   5.6284e-04   1.0818e-03
   4.8000e+01   1.1673e-03   1.2623e-03   4.7157e-04   8.9127e-04
   5.0000e+01   1.0066e-03   1.0872e-03   4.0309e-04   7.5526e-04
   5.2000e+01   8.6145e-04   9.3792e-04   3.4033e-04   6.3712e-04
   5.4000e+01   7.4393e-04   8.0536e-04   2.9036e-04   5.3610e-04
   5.6000e+01   6.4330e-04   6.9913e-04   2.4716e-04   4.4862e-04
   5.8000e+01   5.6388e-04   6.0553e-04   2.1207e-04   3.7847e-04
   6.0000e+01   4.9590e-04   5.2282e-04   1.7717e-04   3.2196e-04
   6.2000e+01   4.2173e-04   4.6175e-04   1.5338e-04   2.7475e-04
   6.4000e+01   3.7161e-04   3.9924e-04   1.3250e-04   2.2548e-04
   6.6000e+01   3.2592e-04   3.5206e-04   1.1332e-04   1.9190e-04
   6.8000e+01   2.8937e-04   2.9755e-04   9.7710e-05   1.6258e-04
   7.0000e+01   2.4983e-04   2.6458e-04   8.4521e-05   1.4046e-04
   7.2000e+01   2.1965e-04   2.2876e-04   7.2163e-05   1.2098e-04
   7.4000e+01   1.9232e-04   2.0184e-04   6.2781e-05   1.0219e-04
   7.6000e+01   1.6972e-04   1.7522e-04   5.5024e-05   8.7859e-05
   7.8000e+01   1.4990e-04   1.5401e-04   4.8228e-05   7.4539e-05
   8.0000e+01   1.3157e-04   1.3694e-04   4.1461e-05   6.5042e-05
   8.2000e+01   1.1775e-04   1.2169e-04   3.6497e-05   5.5272e-05
   8.4000e+01   1.0358e-04   1.0686e-04   3.1773e-05   4.7925e-05
   8.6000e+01   9.1543e-05   9.4566e-05   2.7737e-05   4.1306e-05
   8.8000e+01   8.2562e-05   8.4084e-05   2.4313e-05   3.5671e-05
   9.0000e+01   7.3632e-05   7.4952e-05   2.1423e-05   3.0729e-05
   9.2000e+01   6.4801e-05   6.6740e-05   1.8781e-05   2.6414e-05
   9.4000e+01   5.8134e-05   5.8634e-05   1.6606e-05   2.3172e-05
   9.6000e+01   5.1875e-05   5.2497e-05   1.4621e-05   2.0012e-05
   9.8000e+01   4.6143e-05   4.6776e-05   1.2974e-05   1.7298e-05
   1.0000e+02   4.2067e-05   4.1428e-05   1.1531e-05   1.5240e-05
   1.0200e+02   3.7750e-05   3.6696e-05   1.0120e-05   1.3334e-05
   1.0400e+02   3.3367e-05   3.2930e-05   8.9172e-06   1.1532e-05
   1.0600e+02   2.9629e-05   2.9324e-05   7.8341e-06   1.0159e-05
   1.0800e+02   2.6411e-05   2.6178e-05   6.9567e-06   8.8261e-06
   1.1000e+02   2.3735e-05   2.3202e-05   6.2270e-06   7.7157e-06
   1.1200e+02   2.1304e-05   2.0982e-05   5.5360e-06   6.7541e-06
   1.1400e+02   1.9398e-05   1.8894e-05   4.9358e-06   6.0028e-06
   1.1600e+02   1.7495e-05   1.6857e-05   4.4021e-06   5.2893e-06
   1.1800e+02   1.5614e-05   1.5073e-05   3.8874e-06   4.6468e-06
   1.2000e+02   1.3940e-05   1.3532e-05   3.4686e-06   4.0668e-06
   1.2200e+02   1.2602e-05   1.2088e-05   3.1175e-06   3.6581e-06
   1.2400e+02   1.1367e-05   1.0879e-05   2.7570e-06   3.1637e-06
   1.2600e+02   1.0348e-05   9.7937e-06   2.4658e-06   2.7901e-06
   1.2800e+02   9.3045e-06   8.9114e-06   2.2098e-06   2.5098e-06
   1.3000e+02   8.3481e-06   7.9840e-06   1.9729e-06   2.2111e-06
   1.3200e+02   7.5716e-06   7.1334e-06   1.7612e-06   1.9570e-06
   1.3400e+02   6.8751e-06   6.4625e-06   1.6031e-06   1.7468e-06
   1.3600e+02   6.2298e-06   5.8953e-06   1.4215e-06   1.5614e-06
   1.3800e+02   5.5947e-06   5.2662e-06   1.2689e-06   1.3932e-06
   1.4000e+02   5.1469e-06   4.7509e-06   1.1361e-06   1.2572e-06
   1.4200e+02   4.5697e-06   4.3249e-06   1.0279e-06   1.1215e-06
   1.4400e+02   4.1899e-06   3.8880e-06   9.2054e-07   9.9865e-07
   1.4600e+02   3.8061e-06   3.5094e-06   8.3723e-07   8.9828e-07
   1.4800e+02   3.4558e-06   3.1830e-06   7.4105e-07   7.9719e-07
   1.5000e+02   3.1234e-06   2.8754e-06   6.7318e-07   7.2089e-07
   1.5200e+02   2.8149e-06   2.6173e-06   6.0567e-07   6.4708e-07
   1.5400e+02   2.5790e-06   2.3534e-06   5.4405e-07   5.8560e-07
   1.5600e+02   2.3475e-06   2.1603e-06   4.9274e-07   5.2750e-07
   1.5800e+02   2.1210e-06   1.9708e-06   4.4293e-07   4.8539e-07
   1.6000e+02   1.9257e-06   1.7704e-06   3.9893e-07   4.3332e-07
   1.6200e+02   1.7648e-06   1.6201e-06   3.6393e-07   3.9182e-07
   1.6400e+02   1.6125e-06   1.4739e-06   3.2853e-07   3.6310e-07
   1.6600e+02   1.4648e-06   1.3433e-06   2.9919e-07   3.2759e-07
   1.6800e+02   1.3313e-06   1.2064e-06   2.6865e-07   2.9509e-07
   1.7000e+02   1.2288e-06   1.1109e-06   2.4220e-07   2.7278e-07
   1.7200e+02   1.1031e-06   1.0155e-06   2.1910e-07   2.5185e-07
   1.7400e+02   1.0164e-06   9.1920e-07   2.0089e-07   2.2960e-07
   1.7600e+02   9.2474e-07   8.4212e-07   1.8193e-07   2.1082e-07
   1.7800e+02   8.5006e-07   7.6692e-07   1.6395e-07   1.9552e-07
   1.8000e+02   7.6515e-07   6.9834e-07   1.4615e-07   1.8092e-07
   1.8200e+02   7.1498e-07   6.4523e-07   1.3575e-07   1.6546e-07
   1.8400e+02   6.4390e-07   5.8294e-07   1.2218e-07   1.5499e-07
   1.8600e+02   5.8442e-07   5.2770e-07   1.1049e-07   1.4167e-07
   1.8800e+02   5.4100e-07   4.8633e-07   1.0080e-07   1.3218e-07
   1.9000e+02   4.9196e-07   4.3899e-07   9.1627e-08   1.2268e-07
   1.9200e+02   4.5103e-07   4.0696e-07   8.3074e-08   1.1492e-07
   1.9400e+02   4.1742e-07   3.7077e-07   7.5555e-08   1.0566e-07
   1.9600e+02   3.7945e-07   3.4067e-07   6.9061e-08   1.0034e-07
   1.9800e+02   3.4983e-07   3.0954e-07   6.3259e-08   9.3144e-08
   2.0000e+02   3.2218e-07   2.8468e-07   5.7610e-08   8.7617e-08
   2.0200e+02   2.9504e-07   2.6084e-07   5.2280e-08   8.1700e-08
   2.0400e+02   2.6849e-07   2.4037e-07   4.7821e-08   7.7366e-08
   2.0600e+02   2.4569e-07   2.1866e-07   4.3380e-08   7.2415e-08
   2.0800e+02   2.2402e-07   1.9933e-07   3.9306e-08   6.8305e-08
   2.1000e+02   2.0732e-07   1.8355e-07   3.6200e-08   6.4131e-08
   2.1200e+02   1.8858e-07   1.6758e-07   3.2915e-08   6.0078e-08
   2.1400e+02   1.7544e-07   1.5381e-07   3.0055e-08   5.7638e-08
   2.1600e+02   1.6096e-07   1.4167e-07   2.7380e-08   5.4381e-08
   2.1800e+02   1.4702e-07   1.3006e-07   2.4675e-08   5.1484e-08
   2.2000e+02   1.3572e-07   1.1905e-07   2.2770e-08   4.9045e-08
   2.2200e+02   1.2435e-07   1.0973e-07   2.0863e-08   4.6026e-08
   2.2400e+02   1.1584e-07   1.0084e-07   1.9165e-08   4.4090e-08
   2.2600e+02   1.0640e-07   9.3176e-08   1.7642e-08   4.2036e-08
   2.2800e+02   9.7987e-08   8.4727e-08   1.6083e-08   3.9890e-08
   2.3000e+02   8.9864e-08   7.7743e-08   1.4665e-08   3.7886e-08
   2.3200e+02   8.2334e-08   7.2007e-08   1.3470e-08   3.6106e-08
   2.3400e+02   7.6040e-08   6.5519e-08   1.2357e-08   3.4026e-08
   2.3600e+02   6.9622e-08   6.0512e-08   1.1324e-08   3.2644e-08
   2.3800e+02   6.4302e-08   5.5617e-08   1.0227e-08   3.1073e-08
   2.4000e+02   6.0062e-08   5.1214e-08   9.3631e-09   2.9710e-08
   2.4200e+02   5.5268e-08   4.7481e-08   8.5543e-09   2.8567e-08
   2.4400e+02   5.0446e-08   4.3030e-08   7.8311e-09   2.7196e-08
   2.4600e+02   4.6618e-08   3.9824e-08   7.2704e-09   2.6197e-08
   2.4800e+02   4.2803e-08   3.6482e-08   6.6462e-09   2.5024e-08
   2.5000e+02   4.0179e-08   3.3622e-08   6.1266e-09   2.4116e-08
   2.5200e+02   3.6776e-08   3.1083e-08   5.5598e-09   2.2918e-08
   2.5400e+02   3.3805e-08   2.8523e-08   5.1294e-09   2.1974e-08
   2.5600e+02   3.1330e-08   2.6346e-08   4.7438e-09   2.1182e-08
   2.5800e+02   2.8842e-08   2.4630e-08   4.3245e-09   2.0239e-08
   2.6000e+02   2.6655e-08   2.2439e-08   3.9926e-09   1.9413e-08
   2.6200e+02   2.4950e-08   2.0764e-08   3.6958e-09   1.8850e-08
   2.6400e+02   2.2919e-08   1.9149e-08   3.3509e-09   1.8040e-08
   2.6600e+02   2.1141e-08   1.7675e-08   3.0918e-09   1.7301e-08
   2.6800e+02   1.9432e-08   1.6336e-08   2.8444e-09   1.6634e-08
   2.7000e+02   1.7960e-08   1.4948e-08   2.6260e-09   1.5955e-08
   2.7200e+02   1.6636e-08   1.3835e-08   2.4190e-09   1.5396e-08
   2.7400e+02   1.5447e-08   1.2872e-08   2.2135e-09   1.4904e-08
   2.7600e+02   1.4290e-08   1.1914e-08   2.0430e-09   1.4385e-08
   2.7800e+02   1.3268e-08   1.1073e-08   1.8887e-09   1.3939e-08
   2.8000e+02   1.2253e-08   1.0165e-08   1.7399e-09   1.3304e-08
   2.8200e+02   1.1334e-08   9.3482e-09   1.6071e-09   1.2921e-08
   2.8400e+02   1.0503e-08   8.7402e-09   1.4807e-09   1.2473e-08
   2.8600e+02   9.7006e-09   8.0216e-09   1.3633e-09   1.2048e-08
   2.8800e+02   9.0148e-09   7.3967e-09   1.2670e-09   1.1675e-08
   2.9000e+02   8.3076e-09   6.8933e-09   1.1648e-09   1.1219e-08
   2.9200e+02   7.7071e-09   6.2886e-09   1.0877e-09   1.0953e-08
   2.9400e+02   7.1486e-09   5.8902e-09   1.0037e-09   1.0582e-08
   2.9600e+02   6.6108e-09   5.4643e-09   9.2736e-10   1.0223e-08
   2.9800e+02   6.0972e-09   5.0609e-09   8.5611e-10   9.9152e-09
   3.0000e+02   5.6598e-09   4.7057e-09   7.9222e-10   9.6815e-09
   3.0200e+02   5.2201e-09   4.3416e-09   7.3297e-10   9.2651e-09
   3.0400e+02   4.8923e-09   4.0254e-09   6.8038e-10   9.1322e-09
   3.0600e+02   4.4953e-09   3.7044e-09   6.3044e-10   8.8298e-09
   3.0800e+02   4.1528e-09   3.4823e-09   5.8039e-10   8.5568e-09
   3.1000e+02   3.9077e-09   3.2125e-09   5.4205e-10   8.3123e-09
   3.1200e+02   3.5908e-09   2.9969e-09   5.0192e-10   8.0799e-09
   3.1400e+02   3.3344e-09   2.7927e-09   4.6356e-10   7.8279e-09
   3.1600e+02   3.0900e-09   2.5756e-09   4.3607e-10   7.5611e-09
   3.1800e+02   2.9094e-09   2.3981e-09   4.0549e-10   7.3549e-09
   3.2000e+02   2.6786e-09   2.2577e-09   3.7333e-10   7.2042e-09
   3.2200e+02   2.5152e-09   2.0902e-09   3.4843e-10   7.0018e-09
   3.2400e+02   2.3430e-09   1.9536e-09   3.2738e-10   6.7904e-09
   3.2600e+02   2.1816e-09   1.8089e-09   3.0575e-10   6.6112e-09
   3.2800e+02   2.0057e-09   1.6936e-09   2.8212e-10   6.4428e-09
   3.3000e+02   1.8734e-09   1.5889e-09   2.6498e-10   6.3269e-09
   3.3200e+02   1.7470e-09   1.4598e-09   2.4751e-10   6.1432e-09
   3.3400e+02   1.6371e-09   1.3659e-09   2.2932e-10   6.0112e-09
   3.3600e+02   1.5273e-09   1.2729e-09   2.1714e-10   5.8302e-09
   3.3800e+02   1.4409e-09   1.2001e-09   2.0332e-10   5.7401e-09
   3.4000e+02   1.3480e-09   1.1258e-09   1.9094e-10   5.5815e-09
   3.4200e+02   1.2574e-09   1.0412e-09   1.8066e-10   5.5131e-09
   3.4400e+02   1.1822e-09   9.8317e-10   1.6997e-10   5.3454e-09
   3.4600e+02   1.1101e-09   9.3035e-10   1.5869e-10   5.2239e-09
   3.4800e+02   1.0398e-09   8.7049e-10   1.5074e-10   5.1603e-09
   3.5000e+02   9.8147e-10   8.2658e-10   1.4323e-10   5.0799e-09
   3.5200e+02   9.2499e-10   7.8410e-10   1.3638e-10   4.9707e-09
   3.5400e+02   8.6494e-10   7.5016e-10   1.2854e-10   4.8746e-09
   3.5600e+02   8.2473e-10   7.1181e-10   1.2241e-10   4.8322e-09
   3.5800e+02   7.9034e-10   6.7363e-10   1.1637e-10   4.7677e-09
   3.6000e+02   7.5150e-10   6.4613e-10   1.1107e-10   4.6908e-09
   3.6200e+02   7.2680e-10   6.2469e-10   1.0617e-10   4.6981e-09
   3.6400e+02   7.1287e-10   6.0365e-10   1.0251e-10   4.5979e-09
   3.6600e+02   7.0589e-10   5.9324e-10   1.0048e-10   4.6717e-09
   3.6800e+02   7.0697e-10   5.8696e-10   9.8509e-11   4.6678e-09
   3.7000e+02   7.0335e-10   5.9667e-10   9.6959e-11   4.7407e-09
   3.7200e+02   7.1554e-10   5.9415e-10   9.7369e-11   4.8380e-09
   3.7400e+02   7.2510e-10   6.0287e-10   9.5873e-11   4.9287e-09
   3.7600e+02   7.4822e-10   6.3895e-10   9.5994e-11   5.1146e-09
   3.7800e+02   8.2017e-10   6.8526e-10   9.7607e-11   5.3123e-09
   3.8000e+02   8.5560e-10   7.3487e-10   9.8437e-11   5.6533e-09
   3.8200e+02   9.2494e-10   7.8310e-10   9.9801e-11   6.4321e-09
