#x Ruu Rww Rvv kPlus
-0.000332392 -0.0182151 -0.0182151 -0.00121651 -0.0246281
0.182483 0.012173 -0.00700923 6.64783e-05 6.64783e-05
2.92006 0.467221 0.160793 0.0192787 0.369856
3.28802 0.528384 0.183347 0.0252542 0.419559
3.29234 0.529102 0.183672 0.0253244 0.420143
3.29433 0.529433 0.183822 0.0253568 0.420738
3.66262 0.711717 0.211489 0.0313377 0.530557
4.03091 0.894 0.239157 0.0373186 0.640377
4.39887 1.05807 0.2668 0.0432941 0.750098
4.58468 1.24029 0.280759 0.0463116 0.805503
4.74988 1.40229 0.293169 0.0489944 0.854764
4.76018 1.4124 0.294053 0.0491617 0.857836
4.77048 1.4225 0.294937 0.049329 0.864698
5.13877 1.60479 0.326532 0.05531 1.10996
5.49909 2.34903 0.357443 0.0611613 1.34991
5.51803 2.38817 0.359068 0.061469 1.35929
5.70384 2.57038 0.375008 0.0644865 1.45125
5.86738 2.83193 0.389038 0.0671423 1.53219
6.02925 3.09081 0.402925 0.069771 1.69094
6.05318 3.12909 0.405318 0.0701597 1.71441
6.07977 3.17161 0.407977 0.0705915 1.72757
6.26558 3.35383 0.426558 0.073609 1.81953
6.42147 3.50671 0.442147 0.0761406 1.89669
6.45139 3.53605 0.445139 0.0766264 1.91003
6.63719 3.71826 0.463719 0.0796439 1.99288
6.78943 3.86756 0.478943 0.0821161 2.06076
6.823 3.90048 0.4823 0.0826613 2.09368
6.97524 4.04978 0.497524 0.0851336 2.24298
7.00881 4.0827 0.500881 0.0856788 2.25959
7.19462 4.26492 0.519462 0.0886962 2.35156
7.30896 4.37705 0.530896 0.0905531 2.40815
7.34353 4.41095 0.534844 0.0911145 2.42526
7.38042 4.44713 0.539057 0.0917137 2.46144
7.52933 4.59317 0.556064 0.094132 2.60748
7.56623 4.62935 0.560277 0.0947311 2.64366
7.71514 4.77538 0.577284 0.0971494 2.7897
7.75204 4.81157 0.581497 0.0977486 2.80796
7.93784 4.99378 0.602717 0.100766 2.89992
8.08343 5.12252 0.619344 0.10313 2.97198
8.12332 5.15779 0.623899 0.103778 2.99172
8.30912 5.34 0.645119 0.106796 3.08369
8.45172 5.47984 0.661404 0.109111 3.15426
8.49493 5.52222 0.666339 0.109813 3.17353
8.589 5.61447 0.677082 0.111341 3.21547
8.68074 5.70444 0.686256 0.11283 3.25638
8.81968 5.77321 0.70015 0.115087 3.31833
9.04903 5.88672 0.723085 0.118811 3.43185
9.18797 6.02298 0.736979 0.121068 3.50061
9.23483 6.06894 0.741665 0.121829 3.52381
9.55626 6.22802 0.773808 0.127049 3.6829
9.60312 6.25122 0.778494 0.12781 3.69842
9.86871 6.38267 0.805052 0.132123 3.78634
9.97141 6.43351 0.818726 0.133791 3.82035
10.107 6.5665 0.836781 0.135993 3.86525
10.1572 6.61572 0.843463 0.136808 3.88021
10.5255 6.79801 0.892494 0.142789 3.99003
10.6575 6.85685 0.910062 0.144932 4.02938
10.8935 6.96207 0.941481 0.148765 4.10752
10.9516 6.99086 0.949225 0.149709 4.12678
10.9663 6.9981 0.951172 0.150039 4.13162
11.2082 7.11787 0.971931 0.155492 4.21173
11.2618 7.14436 0.976522 0.156698 4.22372
11.63 7.32664 1.00812 0.164998 4.30623
11.9412 7.39634 1.03481 0.17201 4.37593
12.2456 7.46456 1.06093 0.178872 4.42453
12.363 7.49084 1.07266 0.181516 4.44326
12.5946 7.54275 1.09583 0.186738 4.48024
12.8562 7.60135 1.12199 0.192053 4.52199
13.0959 7.65504 1.14595 0.196923 4.55389
13.5253 7.75126 1.1889 0.20565 4.61107
13.8288 7.81925 1.21547 0.211816 4.65147
13.9538 7.83019 1.22642 0.214356 4.66811
14.4201 7.87103 1.26725 0.223832 4.71474
14.9875 7.92071 1.31694 0.23662 4.77148
15.2335 7.94225 1.33541 0.242163 4.79608
15.291 7.94728 1.33973 0.243459 4.79801
16.0632 7.89934 1.39774 0.260861 4.82397
16.4494 7.87536 1.42676 0.268709 4.83695
16.7492 7.85674 1.45248 0.274802 4.84703
16.8768 7.84402 1.46343 0.277396 4.85132
17.7288 7.75914 1.53651 0.294707 4.84313
17.8886 7.74321 1.54852 0.297956 4.84159
18.0243 7.7297 1.55871 0.301012 4.84028
18.7013 7.62149 1.60958 0.316271 4.83377
18.934 7.58431 1.62706 0.321515 4.82921
19.1906 7.55017 1.64634 0.327298 4.82418
19.5317 7.5048 1.67196 0.334984 4.81749
20.0263 7.43899 1.70911 0.345035 4.80779
20.5255 7.36422 1.74662 0.35518 4.79801
20.6525 7.3452 1.75616 0.35776 4.79262
21.1182 7.27545 1.79114 0.367223 4.77285
21.3572 7.23726 1.8091 0.372079 4.7627
21.8019 7.16619 1.84251 0.381116 4.74383
22.0279 7.13006 1.85949 0.385709 4.73638
22.1143 7.11452 1.86598 0.387466 4.73354
22.9373 6.96646 1.91187 0.404189 4.70644
23.1826 6.93382 1.92555 0.409174 4.69836
23.4432 6.89915 1.94008 0.412159 4.68978
23.7584 6.85723 1.95765 0.415767 4.6773
24.0296 6.82114 1.96978 0.418874 4.66656
24.8253 6.71527 2.00534 0.427987 4.63506
25.1218 6.67582 2.01859 0.434012 4.62332
25.2667 6.65266 2.02507 0.436957 4.61758
25.402 6.63104 2.03111 0.439706 4.61163
26.0316 6.53043 2.06622 0.452499 4.5839
26.6508 6.43769 2.10075 0.465082 4.55664
26.9078 6.3992 2.11507 0.470303 4.54532
27.046 6.37849 2.12279 0.473113 4.54077
27.1235 6.36689 2.12539 0.474687 4.53822
28.2157 6.22157 2.16211 0.496882 4.50225
28.4763 6.19126 2.17087 0.502177 4.49367
28.5491 6.18279 2.17331 0.503818 4.49127
28.6894 6.16647 2.17803 0.506979 4.4851
29.3083 6.09447 2.20569 0.520927 4.45784
30.1193 6.0035 2.24194 0.539206 4.42213
30.1901 5.99556 2.2451 0.539938 4.41901
30.3331 5.97953 2.25149 0.541416 4.41272
30.7652 5.93106 2.26458 0.545886 4.39369
31.8311 5.78923 2.29687 0.556913 4.34675
31.8574 5.78574 2.29766 0.557185 4.34597
31.9445 5.77706 2.3003 0.558085 4.3434
32.1589 5.7557 2.3068 0.560303 4.33705
33.1325 5.6587 2.32874 0.570374 4.30824
33.655 5.60664 2.34051 0.575779 4.29277
33.7697 5.59521 2.3431 0.576965 4.28899
33.8019 5.592 2.34383 0.577335 4.28793
34.2254 5.54981 2.35243 0.582184 4.27399
35.2963 5.45843 2.37419 0.59445 4.23872
35.4123 5.44853 2.37655 0.595779 4.23362
35.5007 5.44098 2.37835 0.596693 4.22972
35.6274 5.42837 2.38092 0.598003 4.22415
36.7758 5.31394 2.4068 0.609883 4.17358
36.9373 5.30016 2.41044 0.611554 4.16646
37.2375 5.27455 2.41721 0.614658 4.15324
37.2704 5.27174 2.41795 0.614999 4.1518
38.0512 5.20512 2.42532 0.623075 4.11741
38.5784 5.15919 2.43029 0.628529 4.0942
39.0627 5.117 2.43486 0.633538 4.0847
39.278 5.09824 2.4369 0.633617 4.08048
39.5087 5.07815 2.43954 0.633701 4.07596
40.4025 5.01147 2.44977 0.634026 4.05843
40.8875 4.97529 2.45533 0.634203 4.04247
40.9207 4.97281 2.45571 0.634547 4.04137
40.9666 4.96939 2.45618 0.635021 4.03986
42.0439 4.9025 2.46733 0.646165 4.00439
42.4248 4.87884 2.47127 0.650105 3.99311
42.7126 4.86297 2.47424 0.653083 3.98459
42.7459 4.86114 2.47459 0.653464 3.98361
43.8677 4.79927 2.475 0.666312 3.95041
44.0655 4.78837 2.47507 0.668577 3.94609
44.3553 4.77238 2.47517 0.671896 3.93976
44.5707 4.7605 2.47525 0.675557 3.93506
45.4506 4.71199 2.47557 0.69051 3.91586
45.5094 4.70874 2.4756 0.691119 3.91458
45.7062 4.69789 2.47567 0.693154 3.90875
46.3955 4.66753 2.47592 0.700285 3.88835
47.2757 4.62877 2.48502 0.70939 3.8623
47.3332 4.62624 2.48562 0.709411 3.86059
47.3472 4.62563 2.48576 0.709416 3.86029
48.2207 4.57746 2.4948 0.709734 3.84122
48.9749 4.53587 2.49507 0.710009 3.82476
48.9879 4.53515 2.49508 0.710014 3.82451
49.1005 4.52815 2.49512 0.710055 3.8223
50.0455 4.46948 2.49546 0.710399 3.80377
50.4461 4.44461 2.49561 0.710545 3.79592
50.7991 4.42906 2.49574 0.710674 3.789
50.9254 4.4235 2.49578 0.71072 3.78652
51.8704 4.38189 2.49613 0.711064 3.76799
52.0871 4.37235 2.49621 0.711143 3.76374
52.6232 4.35469 2.4964 0.711338 3.75323
52.7502 4.35051 2.49645 0.711384 3.75046
53.6952 4.31939 2.49679 0.732682 3.72984
53.7284 4.3183 2.49644 0.733431 3.72911
54.2649 4.30063 2.49068 0.745521 3.7174
54.3932 4.29641 2.4893 0.748413 3.71489
55.3372 4.26532 2.47918 0.748757 3.69638
55.3698 4.26425 2.47886 0.748769 3.69574
56.0891 4.23258 2.47194 0.749031 3.68164
56.218 4.2269 2.4707 0.749078 3.67882
57.0108 4.19199 2.46308 0.757278 3.66152
57.1617 4.18752 2.46163 0.758839 3.65822
57.7308 4.17068 2.46183 0.764725 3.6458
58.0432 4.16143 2.46195 0.767957 3.63968
58.8346 4.13801 2.46223 0.768246 3.62416
58.9865 4.13469 2.46229 0.768301 3.62118
59.5549 4.12229 2.45682 0.768508 3.61004
59.868 4.11545 2.45381 0.768622 3.60668
60.4763 4.10218 2.44796 0.774914 3.60015
60.811 4.09227 2.44474 0.778377 3.59656
61.1969 4.08085 2.44488 0.782369 3.59242
61.6932 4.06616 2.44506 0.787502 3.58269
62.3001 4.0482 2.44528 0.787723 3.57079
62.6359 4.04087 2.4454 0.787845 3.56421
63.0211 4.03246 2.44555 0.787986 3.55666
63.518 4.02161 2.44573 0.788167 3.55188
63.9418 4.01236 2.44588 0.792551 3.5478
64.4607 4.00219 2.44607 0.797918 3.54281
64.8456 3.99465 2.43767 0.8019 3.53911
65.3432 3.98489 2.42681 0.807047 3.53377
65.766 3.9766 2.41758 0.807201 3.52923
66.1024 3.97 2.41024 0.807323 3.52562
66.4876 3.96245 2.40653 0.807464 3.52149
67.168 3.94911 2.39999 0.807711 3.50815
67.5902 3.94083 2.39593 0.807865 3.49987
67.9269 3.93722 2.39269 0.807988 3.49327
68.3118 3.93309 2.39283 0.808128 3.48572
68.9929 3.92579 2.39308 0.808376 3.47917
69.2322 3.92322 2.39316 0.808463 3.47687
69.7517 3.91822 2.39335 0.808653 3.47187
70.1363 3.91452 2.38581 0.808793 3.46817
70.8177 3.90797 2.37245 0.809041 3.46086
71.0567 3.90567 2.36777 0.811778 3.4583
71.5759 3.90067 2.35759 0.817724 3.45273
71.7783 3.89873 2.35766 0.820043 3.45056
72.4604 3.89216 2.35791 0.827854 3.444
72.8812 3.88812 2.35806 0.828008 3.43995
73.4007 3.88312 2.35825 0.828197 3.43495
73.6028 3.88118 2.35384 0.828271 3.43301
74.2852 3.87461 2.33895 0.828519 3.42644
74.7057 3.87057 2.32977 0.828672 3.4224
75.0424 3.86695 2.32242 0.828795 3.41916
75.4273 3.86282 2.31872 0.828935 3.41546
76.11 3.8555 2.31215 0.829184 3.40813
76.3477 3.85295 2.30986 0.831642 3.40558
76.8669 3.84796 2.30487 0.837013 3.40001
77.0693 3.84601 2.30292 0.839107 3.39784
77.9352 3.83768 2.29459 0.848064 3.38951
78.1722 3.8354 2.29231 0.84815 3.38723
78.6914 3.83559 2.28732 0.848339 3.38224
78.8938 3.83566 2.28537 0.848413 3.38029
79.5775 3.83591 2.2788 0.848662 3.36537
79.997 3.83606 2.27476 0.848815 3.35621
80.5159 3.83107 2.26977 0.849004 3.34489
80.5355 3.83088 2.26956 0.849011 3.34446
81.4024 3.82255 2.26026 0.849327 3.35342
81.8215 3.81851 2.25576 0.84948 3.35776
82.1579 3.81864 2.25215 0.849602 3.36124
82.3606 3.81871 2.2502 0.849676 3.36334
83.2272 3.81903 2.24187 0.849992 3.35404
83.6463 3.81918 2.23783 0.854327 3.34954
83.9824 3.81595 2.2346 0.857804 3.34594
84.0027 3.81575 2.23441 0.858013 3.34572
85.0524 3.80565 2.22431 0.868872 3.3461
85.4708 3.80163 2.22028 0.869024 3.34626
85.8069 3.79802 2.21705 0.869146 3.34638
85.8275 3.7978 2.21685 0.869154 3.34639
86.8772 3.78654 2.20676 0.869536 3.34677
87.1128 3.78401 2.20449 0.869622 3.34685
87.6314 3.7842 2.1995 0.869811 3.34704
87.6523 3.78421 2.19928 0.869819 3.34705
88.702 3.78459 2.18801 0.870201 3.33695
88.9377 3.78468 2.18549 0.867673 3.33469
89.2734 3.77809 2.18188 0.864071 3.33146
89.4768 3.77411 2.17993 0.861888 3.3295
90.344 3.7571 2.17159 0.852584 3.32116
90.7618 3.74891 2.16757 0.856906 3.31714
91.0979 3.74903 2.16433 0.860382 3.31391
91.3013 3.74911 2.16238 0.862487 3.31195
92.1692 3.74942 2.15403 0.871464 3.31227
92.5867 3.74958 2.15001 0.871616 3.31242
92.9224 3.7497 2.14678 0.871739 3.31254
92.9437 3.74971 2.14658 0.871746 3.31255
93.8115 3.75002 2.13823 0.872062 3.32153
94.4115 3.75024 2.13246 0.872281 3.32773
94.7469 3.74701 2.12923 0.872403 3.3312
94.7688 3.7468 2.129 0.872411 3.33143
95.6364 3.73846 2.11969 0.872727 3.32308
96.236 3.73269 2.11326 0.872946 3.31731
96.3889 3.73122 2.11162 0.873001 3.31584
96.5933 3.72925 2.10965 0.873076 3.31388
97.4612 3.72091 2.1013 0.873392 3.31419
98.0605 3.71514 2.09554 0.87361 3.31441
98.2134 3.7135 2.09407 0.873666 3.31447
98.4181 3.7113 2.0921 0.873741 3.31454
99.286 3.70199 2.08375 0.874057 3.31486
99.7025 3.69752 2.07974 0.874209 3.31501
