#BUDGET OF THE TURBULENT KINETIC ENERGY
#
#    y+         Prod.       Turb. dif.  Pressure    Visc. dif.  Dissipat.   Bal. diff.
  1.7906E+02 -7.3055E-04  2.8420E-01  5.0864E+01  3.5527E+00 -1.2357E+00  5.3465E+01
  1.7719E+02 -2.5689E-03  1.8509E+00 -1.4118E+01 -4.2755E-01 -1.8355E+00 -1.4532E+01
  1.7531E+02 -2.4747E-03  1.5554E+00 -7.3446E-01 -1.3945E-01 -1.6564E+00 -9.7746E-01
  1.7344E+02  2.1817E-03  1.4804E+00 -2.5270E-01  9.5424E-03 -1.6098E+00 -3.7048E-01
  1.7156E+02  1.1330E-02  1.4526E+00 -1.7768E-01  5.5871E-02 -1.5985E+00 -2.5640E-01
  1.6969E+02  2.4836E-02  1.4435E+00 -1.5241E-01  7.7709E-02 -1.5981E+00 -2.0451E-01
  1.6781E+02  4.2415E-02  1.4531E+00 -1.3633E-01  8.4942E-02 -1.6002E+00 -1.5613E-01
  1.6594E+02  6.3699E-02  1.4758E+00 -1.2446E-01  7.8330E-02 -1.6013E+00 -1.0790E-01
  1.6406E+02  8.8252E-02  1.4970E+00 -1.1708E-01  6.3690E-02 -1.6015E+00 -6.9564E-02
  1.6219E+02  1.1563E-01  1.5017E+00 -1.1410E-01  5.1487E-02 -1.6037E+00 -4.8989E-02
  1.6031E+02  1.4555E-01  1.4849E+00 -1.1451E-01  4.8397E-02 -1.6107E+00 -4.6326E-02
  1.5844E+02  1.7796E-01  1.4526E+00 -1.1719E-01  5.2734E-02 -1.6232E+00 -5.7087E-02
  1.5656E+02  2.1304E-01  1.4120E+00 -1.2158E-01  6.0366E-02 -1.6402E+00 -7.6428E-02
  1.5469E+02  2.5106E-01  1.3694E+00 -1.2763E-01  6.9981E-02 -1.6613E+00 -9.8489E-02
  1.5281E+02  2.9215E-01  1.3321E+00 -1.3539E-01  8.0731E-02 -1.6858E+00 -1.1618E-01
  1.5094E+02  3.3624E-01  1.3046E+00 -1.4473E-01  8.9865E-02 -1.7121E+00 -1.2616E-01
  1.4906E+02  3.8311E-01  1.2859E+00 -1.5526E-01  9.4904E-02 -1.7391E+00 -1.3052E-01
  1.4719E+02  4.3258E-01  1.2729E+00 -1.6642E-01  9.5168E-02 -1.7666E+00 -1.3232E-01
  1.4531E+02  4.8455E-01  1.2623E+00 -1.7739E-01  9.1307E-02 -1.7949E+00 -1.3419E-01
  1.4344E+02  5.3906E-01  1.2488E+00 -1.8695E-01  8.5052E-02 -1.8248E+00 -1.3885E-01
  1.4156E+02  5.9628E-01  1.2293E+00 -1.9350E-01  7.8033E-02 -1.8564E+00 -1.4631E-01
  1.3969E+02  6.5633E-01  1.2055E+00 -1.9570E-01  7.0774E-02 -1.8897E+00 -1.5277E-01
  1.3781E+02  7.1905E-01  1.1814E+00 -1.9319E-01  6.3033E-02 -1.9248E+00 -1.5446E-01
  1.3594E+02  7.8393E-01  1.1579E+00 -1.8691E-01  5.4482E-02 -1.9615E+00 -1.5213E-01
  1.3406E+02  8.5037E-01  1.1320E+00 -1.7914E-01  4.6064E-02 -1.9999E+00 -1.5052E-01
  1.3219E+02  9.1809E-01  1.1010E+00 -1.7281E-01  4.0181E-02 -2.0398E+00 -1.5342E-01
  1.3031E+02  9.8739E-01  1.0657E+00 -1.7035E-01  3.7967E-02 -2.0818E+00 -1.6113E-01
  1.2844E+02  1.0591E+00  1.0297E+00 -1.7263E-01  3.9417E-02 -2.1263E+00 -1.7072E-01
  1.2656E+02  1.1342E+00  9.9671E-01 -1.7861E-01  4.5227E-02 -2.1738E+00 -1.7635E-01
  1.2469E+02  1.2128E+00  9.7146E-01 -1.8577E-01  5.4683E-02 -2.2247E+00 -1.7153E-01
  1.2281E+02  1.2946E+00  9.5715E-01 -1.9108E-01  6.3454E-02 -2.2782E+00 -1.5405E-01
  1.2094E+02  1.3784E+00  9.5140E-01 -1.9222E-01  6.7331E-02 -2.3333E+00 -1.2837E-01
  1.1906E+02  1.4639E+00  9.4572E-01 -1.8855E-01  6.6795E-02 -2.3906E+00 -1.0279E-01
  1.1719E+02  1.5513E+00  9.3200E-01 -1.8097E-01  6.4738E-02 -2.4514E+00 -8.4281E-02
  1.1531E+02  1.6415E+00  9.1065E-01 -1.7140E-01  6.3118E-02 -2.5164E+00 -7.2566E-02
  1.1344E+02  1.7348E+00  8.9110E-01 -1.6198E-01  6.2223E-02 -2.5863E+00 -6.0197E-02
  1.1156E+02  1.8306E+00  8.8153E-01 -1.5429E-01  5.9683E-02 -2.6603E+00 -4.2734E-02
  1.0969E+02  1.9279E+00  8.7956E-01 -1.4857E-01  5.3121E-02 -2.7369E+00 -2.4914E-02
  1.0781E+02  2.0256E+00  8.7665E-01 -1.4392E-01  4.4046E-02 -2.8160E+00 -1.3546E-02
  1.0594E+02  2.1237E+00  8.6794E-01 -1.3953E-01  3.5829E-02 -2.8988E+00 -1.0856E-02
  1.0406E+02  2.2220E+00  8.5310E-01 -1.3546E-01  3.1574E-02 -2.9869E+00 -1.5688E-02
  1.0219E+02  2.3209E+00  8.3293E-01 -1.3245E-01  3.3306E-02 -3.0811E+00 -2.6413E-02
  1.0031E+02  2.4208E+00  8.0906E-01 -1.3128E-01  3.9403E-02 -3.1803E+00 -4.2328E-02
  9.8438E+01  2.5224E+00  7.8229E-01 -1.3168E-01  4.5663E-02 -3.2830E+00 -6.4292E-02
  9.6563E+01  2.6273E+00  7.5328E-01 -1.3168E-01  5.2802E-02 -3.3900E+00 -8.8320E-02
  9.4687E+01  2.7372E+00  7.2691E-01 -1.2873E-01  6.3533E-02 -3.5038E+00 -1.0493E-01
  9.2813E+01  2.8525E+00  7.1167E-01 -1.2203E-01  7.6313E-02 -3.6248E+00 -1.0635E-01
  9.0938E+01  2.9720E+00  7.1495E-01 -1.1462E-01  8.5121E-02 -3.7517E+00 -9.4216E-02
  8.9062E+01  3.0927E+00  7.3626E-01 -1.1104E-01  8.6803E-02 -3.8824E+00 -7.7694E-02
  8.7188E+01  3.2118E+00  7.7020E-01 -1.1327E-01  8.3080E-02 -4.0157E+00 -6.3888E-02
  8.5313E+01  3.3278E+00  8.0935E-01 -1.1987E-01  7.6091E-02 -4.1506E+00 -5.7270E-02
  8.3437E+01  3.4413E+00  8.4223E-01 -1.2702E-01  6.8271E-02 -4.2881E+00 -6.3319E-02
  8.1563E+01  3.5542E+00  8.5685E-01 -1.3080E-01  6.4522E-02 -4.4312E+00 -8.6378E-02
  7.9688E+01  3.6680E+00  8.5290E-01 -1.2902E-01  7.2137E-02 -4.5837E+00 -1.1971E-01
  7.7812E+01  3.7831E+00  8.4577E-01 -1.2153E-01  9.0633E-02 -4.7473E+00 -1.4934E-01
  7.5938E+01  3.8996E+00  8.5320E-01 -1.0888E-01  1.0938E-01 -4.9198E+00 -1.6648E-01
  7.4063E+01  4.0177E+00  8.8717E-01 -9.2378E-02  1.1975E-01 -5.0985E+00 -1.6629E-01
  7.2187E+01  4.1384E+00  9.5351E-01 -7.5145E-02  1.2263E-01 -5.2842E+00 -1.4481E-01
  7.0313E+01  4.2644E+00  1.0546E+00 -6.0685E-02  1.2519E-01 -5.4801E+00 -9.6535E-02
  6.8438E+01  4.3992E+00  1.1919E+00 -5.1351E-02  1.3141E-01 -5.6881E+00 -1.6918E-02
  6.6562E+01  4.5440E+00  1.3560E+00 -4.6990E-02  1.3522E-01 -5.9071E+00  8.1025E-02
  6.4688E+01  4.6970E+00  1.5217E+00 -4.3777E-02  1.2955E-01 -6.1354E+00  1.6912E-01
  6.2813E+01  4.8566E+00  1.6673E+00 -3.7423E-02  1.1511E-01 -6.3738E+00  2.2769E-01
  6.0937E+01  5.0227E+00  1.7748E+00 -2.6767E-02  9.9300E-02 -6.6257E+00  2.4434E-01
  5.9063E+01  5.1982E+00  1.8358E+00 -1.3413E-02  9.5192E-02 -6.8949E+00  2.2088E-01
  5.7188E+01  5.3887E+00  1.8602E+00  2.7934E-04  1.1217E-01 -7.1844E+00  1.7703E-01
  5.5312E+01  5.6002E+00  1.8717E+00  1.1069E-02  1.4837E-01 -7.4935E+00  1.3788E-01
  5.3438E+01  5.8350E+00  1.9041E+00  1.6686E-02  1.8063E-01 -7.8177E+00  1.1871E-01
  5.1563E+01  6.0944E+00  1.9719E+00  1.7767E-02  2.0047E-01 -8.1550E+00  1.2957E-01
  4.9687E+01  6.3853E+00  2.0645E+00  1.3935E-02  2.1758E-01 -8.5085E+00  1.7280E-01
  4.7813E+01  6.7186E+00  2.1630E+00  2.1558E-03  2.2571E-01 -8.8853E+00  2.2417E-01
  4.5938E+01  7.1033E+00  2.2354E+00 -1.9878E-02  2.3034E-01 -9.2957E+00  2.5351E-01
  4.4062E+01  7.5472E+00  2.2622E+00 -5.2148E-02  2.4064E-01 -9.7453E+00  2.5261E-01
  4.2188E+01  8.0619E+00  2.2311E+00 -9.4921E-02  2.6066E-01 -1.0233E+01  2.2545E-01
  4.0313E+01  8.6651E+00  2.1295E+00 -1.4865E-01  3.0852E-01 -1.0760E+01  1.9405E-01
  3.8437E+01  9.3770E+00  1.9742E+00 -2.1380E-01  3.6004E-01 -1.1328E+01  1.6948E-01
  3.6563E+01  1.0218E+01  1.7446E+00 -2.8629E-01  4.1242E-01 -1.1935E+01  1.5313E-01
  3.4688E+01  1.1212E+01  1.4174E+00 -3.5814E-01  4.6196E-01 -1.2580E+01  1.5296E-01
  3.2812E+01  1.2395E+01  9.5303E-01 -4.2172E-01  4.9882E-01 -1.3261E+01  1.6374E-01
  3.0938E+01  1.3810E+01  2.8484E-01 -4.6625E-01  5.2103E-01 -1.3987E+01  1.6324E-01
  2.9063E+01  1.5506E+01 -6.1502E-01 -4.8502E-01  5.1600E-01 -1.4766E+01  1.5582E-01
  2.7187E+01  1.7526E+01 -1.7382E+00 -4.7717E-01  4.4363E-01 -1.5597E+01  1.5742E-01
  2.5313E+01  1.9906E+01 -3.0616E+00 -4.4177E-01  2.5411E-01 -1.6471E+01  1.8616E-01
  2.3438E+01  2.2666E+01 -4.5760E+00 -3.8197E-01 -8.1453E-02 -1.7376E+01  2.5031E-01
  2.1562E+01  2.5789E+01 -6.2610E+00 -3.0466E-01 -6.1972E-01 -1.8296E+01  3.0787E-01
  1.9688E+01  2.9194E+01 -8.0231E+00 -2.1472E-01 -1.4280E+00 -1.9200E+01  3.2757E-01
  1.7813E+01  3.2689E+01 -9.6383E+00 -1.1025E-01 -2.5965E+00 -2.0048E+01  2.9596E-01
  1.5937E+01  3.5917E+01 -1.0712E+01  2.1653E-02 -4.2289E+00 -2.0778E+01  2.1887E-01
  1.4063E+01  3.8268E+01 -1.0626E+01  1.8758E-01 -6.4320E+00 -2.1287E+01  1.1006E-01
  1.2188E+01  3.8830E+01 -8.6510E+00  3.7901E-01 -9.0970E+00 -2.1466E+01 -5.4436E-03
  1.0312E+01  3.6482E+01 -4.3639E+00  5.8300E-01 -1.1501E+01 -2.1313E+01 -1.1317E-01
  8.4375E+00  3.0374E+01  1.6171E+00  7.9192E-01 -1.1874E+01 -2.1086E+01 -1.7651E-01
  6.5625E+00  2.0907E+01  6.6704E+00  1.0034E+00 -7.2987E+00 -2.1363E+01 -8.1339E-02
  4.6875E+00  1.0639E+01  7.0801E+00  1.2215E+00  3.9441E+00 -2.2592E+01  2.9326E-01
  2.8125E+00  3.2913E+00  3.1544E+00  1.3704E+00  1.7199E+01 -2.4326E+01  6.8886E-01
  9.3750E-01  4.0231E-01  3.4405E-01  9.6776E-01  2.4854E+01 -2.6676E+01 -1.0853E-01
