#RMS-VALUES OF THE VORTICITY IN AXIAL AND CIRUMFERENTIAL DIRECTION
#
#
#        r/D            y+           Omega_z        Omega_phi
     5.2083E-03     1.7812E+02     2.6169E+01     2.1424E+01
     1.0417E-02     1.7625E+02     1.9863E+01     2.0631E+01
     1.5625E-02     1.7437E+02     1.8276E+01     2.0538E+01
     2.0833E-02     1.7250E+02     1.7744E+01     2.0581E+01
     2.6042E-02     1.7063E+02     1.7552E+01     2.0655E+01
     3.1250E-02     1.6875E+02     1.7481E+01     2.0701E+01
     3.6458E-02     1.6688E+02     1.7447E+01     2.0683E+01
     4.1667E-02     1.6500E+02     1.7427E+01     2.0604E+01
     4.6875E-02     1.6312E+02     1.7439E+01     2.0503E+01
     5.2083E-02     1.6125E+02     1.7506E+01     2.0436E+01
     5.7292E-02     1.5937E+02     1.7623E+01     2.0432E+01
     6.2500E-02     1.5750E+02     1.7772E+01     2.0479E+01
     6.7708E-02     1.5562E+02     1.7935E+01     2.0565E+01
     7.2917E-02     1.5375E+02     1.8104E+01     2.0686E+01
     7.8125E-02     1.5187E+02     1.8280E+01     2.0819E+01
     8.3333E-02     1.5000E+02     1.8470E+01     2.0937E+01
     8.8542E-02     1.4813E+02     1.8675E+01     2.1033E+01
     9.3750E-02     1.4625E+02     1.8899E+01     2.1117E+01
     9.8958E-02     1.4437E+02     1.9145E+01     2.1201E+01
     1.0417E-01     1.4250E+02     1.9409E+01     2.1295E+01
     1.0938E-01     1.4062E+02     1.9675E+01     2.1407E+01
     1.1458E-01     1.3875E+02     1.9936E+01     2.1539E+01
     1.1979E-01     1.3688E+02     2.0201E+01     2.1686E+01
     1.2500E-01     1.3500E+02     2.0477E+01     2.1831E+01
     1.3021E-01     1.3313E+02     2.0765E+01     2.1968E+01
     1.3542E-01     1.3125E+02     2.1063E+01     2.2105E+01
     1.4062E-01     1.2937E+02     2.1366E+01     2.2259E+01
     1.4583E-01     1.2750E+02     2.1666E+01     2.2450E+01
     1.5104E-01     1.2562E+02     2.1963E+01     2.2691E+01
     1.5625E-01     1.2375E+02     2.2259E+01     2.2966E+01
     1.6146E-01     1.2188E+02     2.2560E+01     2.3238E+01
     1.6667E-01     1.2000E+02     2.2876E+01     2.3487E+01
     1.7188E-01     1.1812E+02     2.3211E+01     2.3727E+01
     1.7708E-01     1.1625E+02     2.3566E+01     2.3983E+01
     1.8229E-01     1.1437E+02     2.3941E+01     2.4270E+01
     1.8750E-01     1.1250E+02     2.4331E+01     2.4585E+01
     1.9271E-01     1.1063E+02     2.4719E+01     2.4910E+01
     1.9792E-01     1.0875E+02     2.5092E+01     2.5240E+01
     2.0312E-01     1.0687E+02     2.5459E+01     2.5579E+01
     2.0833E-01     1.0500E+02     2.5842E+01     2.5938E+01
     2.1354E-01     1.0312E+02     2.6258E+01     2.6322E+01
     2.1875E-01     1.0125E+02     2.6719E+01     2.6722E+01
     2.2396E-01     9.9375E+01     2.7212E+01     2.7117E+01
     2.2917E-01     9.7500E+01     2.7715E+01     2.7514E+01
     2.3438E-01     9.5625E+01     2.8226E+01     2.7941E+01
     2.3958E-01     9.3750E+01     2.8749E+01     2.8408E+01
     2.4479E-01     9.1875E+01     2.9260E+01     2.8910E+01
     2.5000E-01     9.0000E+01     2.9763E+01     2.9418E+01
     2.5521E-01     8.8125E+01     3.0271E+01     2.9913E+01
     2.6042E-01     8.6250E+01     3.0785E+01     3.0387E+01
     2.6562E-01     8.4375E+01     3.1301E+01     3.0849E+01
     2.7083E-01     8.2500E+01     3.1820E+01     3.1326E+01
     2.7604E-01     8.0625E+01     3.2359E+01     3.1851E+01
     2.8125E-01     7.8750E+01     3.2941E+01     3.2434E+01
     2.8646E-01     7.6875E+01     3.3564E+01     3.3053E+01
     2.9167E-01     7.5000E+01     3.4200E+01     3.3672E+01
     2.9688E-01     7.3125E+01     3.4842E+01     3.4269E+01
     3.0208E-01     7.1250E+01     3.5491E+01     3.4872E+01
     3.0729E-01     6.9375E+01     3.6133E+01     3.5520E+01
     3.1250E-01     6.7500E+01     3.6769E+01     3.6213E+01
     3.1771E-01     6.5625E+01     3.7409E+01     3.6914E+01
     3.2292E-01     6.3750E+01     3.8042E+01     3.7631E+01
     3.2812E-01     6.1875E+01     3.8675E+01     3.8381E+01
     3.3333E-01     6.0000E+01     3.9332E+01     3.9188E+01
     3.3854E-01     5.8125E+01     4.0018E+01     4.0074E+01
     3.4375E-01     5.6250E+01     4.0699E+01     4.1070E+01
     3.4896E-01     5.4375E+01     4.1344E+01     4.2157E+01
     3.5417E-01     5.2500E+01     4.1956E+01     4.3261E+01
     3.5938E-01     5.0625E+01     4.2556E+01     4.4372E+01
     3.6458E-01     4.8750E+01     4.3143E+01     4.5520E+01
     3.6979E-01     4.6875E+01     4.3722E+01     4.6754E+01
     3.7500E-01     4.5000E+01     4.4312E+01     4.8140E+01
     3.8021E-01     4.3125E+01     4.4903E+01     4.9659E+01
     3.8542E-01     4.1250E+01     4.5499E+01     5.1287E+01
     3.9062E-01     3.9375E+01     4.6085E+01     5.3054E+01
     3.9583E-01     3.7500E+01     4.6658E+01     5.4948E+01
     4.0104E-01     3.5625E+01     4.7235E+01     5.6973E+01
     4.0625E-01     3.3750E+01     4.7817E+01     5.9062E+01
     4.1146E-01     3.1875E+01     4.8397E+01     6.1224E+01
     4.1667E-01     3.0000E+01     4.8925E+01     6.3581E+01
     4.2188E-01     2.8125E+01     4.9388E+01     6.6154E+01
     4.2708E-01     2.6250E+01     4.9788E+01     6.8884E+01
     4.3229E-01     2.4375E+01     5.0153E+01     7.1728E+01
     4.3750E-01     2.2500E+01     5.0433E+01     7.4654E+01
     4.4271E-01     2.0625E+01     5.0583E+01     7.7666E+01
     4.4792E-01     1.8750E+01     5.0538E+01     8.0705E+01
     4.5312E-01     1.6875E+01     5.0215E+01     8.3703E+01
     4.5833E-01     1.5000E+01     4.9500E+01     8.6548E+01
     4.6354E-01     1.3125E+01     4.8248E+01     8.9043E+01
     4.6875E-01     1.1250E+01     4.6268E+01     9.1263E+01
     4.7396E-01     9.3750E+00     4.3189E+01     9.4077E+01
     4.7917E-01     7.5000E+00     3.8708E+01     9.9304E+01
     4.8438E-01     5.6250E+00     3.3472E+01     1.0873E+02
     4.8958E-01     3.7500E+00     3.1936E+01     1.2012E+02
     4.9479E-01     1.8750E+00     4.1044E+01     1.2675E+02
     5.0000E-01     0.0000E+00     5.3561E+01     1.2744E+02
